000 0.02450263514777402
001 0.045925942283838055
002 0.13561728230110964
003 0.13829470851587664
004 0.13829470851587664
005 0.13829470851587664
006 0.22277219146680455
007 0.22277219146680455
008 0.22277219146680455
009 0.2229873384901452
010 0.23384413503015858
011 0.28913483344893787
012 0.3117954346284788
013 0.3117954346284788
014 0.3703547670349747
015 0.37280628962946505
016 0.41535012806514193
017 0.4468703400805391
018 0.4468703400805391
019 0.47211923754826407
020 0.5312970369311486
021 0.5767461632238744
022 0.5767461632238744
023 0.5767461632238744
024 0.5890437322289247
025 0.6079661145216195
026 0.6236054547188683
027 0.6462845694599062
028 0.6876924764186583
029 0.6876924764186583
030 0.6876924764186583
031 0.6876924764186583
032 0.7055819981941697
033 0.7055819981941697
034 0.7055819981941697
035 0.7063969515687788
036 0.7063969515687788
037 0.7136506369990734
038 0.7136506369990734
039 0.7152492479824151
040 0.7215165096433858
041 0.7263046337642907
042 0.7604591694537134
043 0.7604591694537134
044 0.7604591694537134
045 0.7604591694537134
046 0.7704345762808327
047 0.7704345762808327
048 0.7704345762808327
049 0.7704345762808327
050 0.7704345762808327
051 0.7714056122598701
052 0.7714056122598701
053 0.773164548931775
054 0.7757791865816063
055 0.7757791865816063
056 0.777118907794917
057 0.777118907794917
058 0.777118907794917
059 0.777118907794917
060 0.777118907794917
061 0.777118907794917
062 0.777118907794917
063 0.777118907794917
064 0.777118907794917
065 0.777118907794917
066 0.7792979566965736
067 0.7800210378168966
068 0.7814782104085329
069 0.7834142417404706
070 0.7849322530653916
071 0.7854989328065745
072 0.7863042369740888
073 0.7866974937777396
074 0.7869056605033251
075 0.7873347479428455
076 0.7875028625133395
077 0.7877313444436677
078 0.7877705642364065
079 0.7879898229834543
080 0.7879898229834543
081 0.7879898229834543
082 0.7879898229834543
083 0.7887603747106666
084 0.7895561688151167
085 0.790488498250619
086 0.7909786748177504
087 0.7916233849186496
088 0.7922894094855779
089 0.7927108117772325
090 0.7931906105055532
091 0.7934738338153269
092 0.7937775158582103
093 0.7940717055392128
094 0.7942683777108585
095 0.7944103363081677
096 0.7944568522579986
097 0.7945779328063068
098 0.7945892414974948
099 0.7946015853391516
100 0.7955198155551028
101 0.7958055541783292
102 0.7962560463393478
103 0.7963285802832814
104 0.79686788571577
105 0.7969429092127501
106 0.7971394442476375
107 0.7972575562899807
108 0.7974524441576869
109 0.7974524441576869
110 0.7975279119354207
111 0.7975325574030014
112 0.7984640481848782
113 0.7985711375369294
114 0.7991929503984536
115 0.7996983787251686
116 0.7997016565287123
117 0.7997956676514164
118 0.799909523168882
119 0.8000154534116685
120 0.8000505156162723
121 0.8000505156162723
122 0.8000709925361436
123 0.8000709925361436
124 0.8009514689316045
125 0.8010775712362911
126 0.8025762972423653
127 0.8025762972423653
128 0.8027313691219742
129 0.8027893622165668
130 0.8033313155470054
131 0.8045736635872762
132 0.8045736635872762
133 0.8045736635872762
134 0.8048683769007203
135 0.8051463571862905
136 0.8053757369994284
137 0.8054670176691562
138 0.805523755695616
139 0.8055415350418339
140 0.8056616934348736
141 0.8058648379280686
142 0.806010957731358
143 0.8066970950976595
144 0.8066970950976595
145 0.807043922515187
146 0.8070618482368143
147 0.8082448000648363
148 0.8082448000648363
149 0.8088070239081488
150 0.809255780687719
151 0.8094340834996722
152 0.8094340834996722
153 0.8097470701332945
154 0.8101087024194559
155 0.8103316526565724
156 0.8103316526565724
157 0.8103751442366207
158 0.8104659581870851
159 0.810489022065119
160 0.8105950854021458
161 0.8108693218129955
162 0.8109613263064437
163 0.8110441186989978
164 0.8110441186989978
165 0.8113930787849001
166 0.8114453311869406
167 0.8116448109083996
168 0.8118149212125666
169 0.8119894193928576
170 0.813201954288202
171 0.813201954288202
172 0.813201954288202
173 0.8132370610057729
174 0.8138011650316946
175 0.8139470529281628
176 0.8142534025102582
177 0.814803675801828
178 0.814803675801828
