000 0.05517648971325892
001 0.07782131269442838
002 0.10318169724528564
003 0.10318169724528564
004 0.10359338624741855
005 0.17048322368578053
006 0.176078582741799
007 0.176078582741799
008 0.176078582741799
009 0.19140473412194708
010 0.2184809379320918
011 0.2184809379320918
012 0.26007705139066223
013 0.26007705139066223
014 0.3310952639964209
015 0.34367407726437954
016 0.37501872761571675
017 0.44320004769413424
018 0.4843730033990949
019 0.4843730033990949
020 0.500038439531275
021 0.500038439531275
022 0.567480769556414
023 0.567480769556414
024 0.567480769556414
025 0.5932538970010067
026 0.5932538970010067
027 0.5932538970010067
028 0.5992541387672716
029 0.6216283988062925
030 0.6216283988062925
031 0.6540414022465084
032 0.6596561533559427
033 0.6619375395458478
034 0.6625972231314389
035 0.6693137032628718
036 0.6744541502376035
037 0.6771609789030266
038 0.685008958469785
039 0.685008958469785
040 0.6889676167691892
041 0.6894011697514112
042 0.6984596457799204
043 0.6984596457799204
044 0.7177808894883652
045 0.7177808894883652
046 0.7177808894883652
047 0.7177808894883652
048 0.7177808894883652
049 0.7177808894883652
050 0.7177808894883652
051 0.7177808894883652
052 0.7196366314410122
053 0.7206767249551458
054 0.7207809127301136
055 0.7216255628865155
056 0.7216255628865155
057 0.7238200880650658
058 0.7252813381564541
059 0.7256390352463166
060 0.7275136679702916
061 0.7279553159344017
062 0.7279553159344017
063 0.7279553159344017
064 0.7280192261485151
065 0.7280192261485151
066 0.7280192261485151
067 0.7280192261485151
068 0.7280192261485151
069 0.7280192261485151
070 0.7293960335549221
071 0.7300440691260317
072 0.7303010669448222
073 0.7307350566312256
074 0.7317027183844222
075 0.7320401704206438
076 0.73289392946920
077 0.7332482862746584
078 0.7339214893907878
079 0.7342932466303516
080 0.7344618312297229
081 0.7345452754067893
082 0.7346234142153872
083 0.7347059627135718
084 0.7353051638267214
085 0.7355733720618919
086 0.7355733720618919
087 0.7355733720618919
088 0.7364196755653254
089 0.7371839894007561
090 0.7377859996983577
091 0.7387622176604243
092 0.7392285119290999
093 0.7392285119290999
094 0.7398467445198493
095 0.7398467445198493
096 0.7399317848620295
097 0.7399347126914284
098 0.7399988806448684
099 0.7400676893569261
100 0.7407615291995483
101 0.7407615291995483
102 0.7411826097735592
103 0.7420458426307757
104 0.7426554285188264
105 0.7430976625902533
106 0.7435644159828926
107 0.7440855824313143
108 0.7448300100473799
109 0.7449541008712316
110 0.7454350709276686
111 0.7454491115250523
112 0.7455139301114486
113 0.7461858336616627
114 0.7465500088159996
115 0.7465965986893945
116 0.7465965986893945
117 0.7466333960894627
118 0.7466731705147217
119 0.7466768123682193
120 0.7475552821128855
121 0.7481019507569168
122 0.7486300307672042
123 0.7493782682088277
124 0.7501418117360034
125 0.7501418117360034
126 0.7501418117360034
127 0.7509271286248762
128 0.7512222718150522
129 0.751492245868573
130 0.7515845612426238
131 0.7515930775535261
132 0.7515963049933102
133 0.7515963049933102
134 0.7524344223662588
135 0.7529907347022965
136 0.7537030378623908
137 0.7543495201692869
138 0.7545906056440859
139 0.7549269029902508
140 0.7553811351998371
141 0.7556277870843882
142 0.7560318838218795
143 0.7562789329048196
144 0.7563297093604936
145 0.7563317811453341
146 0.7563317811453341
147 0.7563317811453341
148 0.7563569039706786
149 0.7563582349506363
150 0.7568947977336755
151 0.7583117678270417
152 0.7583117678270417
153 0.7584884817643299
154 0.7590728847608733
155 0.7590728847608733
156 0.7592309975151683
157 0.7602509653657642
158 0.7607530668881404
159 0.7610878374465133
160 0.7617834904573936
161 0.7618756048379867
162 0.7620224035380055
163 0.7621135100206056
164 0.7621135100206056
165 0.7621141115236862
166 0.7621327096375419
167 0.7621327096375419
168 0.7621458542349855
169 0.7627936952208241
170 0.7636207234667525
171 0.7637932304665184
172 0.7642251884651236
173 0.7644852380591434
174 0.7651327564105362
175 0.7655120720049381
176 0.7657491943536563
177 0.7657491943536563
