000 0.05504597450674791
001 0.10775662912486571
002 0.10775662912486571
003 0.13117475259707526
004 0.13117475259707526
005 0.21419135185557184
006 0.21419135185557184
007 0.21419135185557184
008 0.21419135185557184
009 0.31596171654836286
010 0.31596171654836286
011 0.31596171654836286
012 0.34816762920650046
013 0.3632634846396319
014 0.39506637652922194
015 0.4441953409249232
016 0.48320652943861225
017 0.48320652943861225
018 0.48320652943861225
019 0.5166919476746894
020 0.5166919476746894
021 0.5535500168880287
022 0.5891452060654051
023 0.5891452060654051
024 0.5891452060654051
025 0.593185909229279
026 0.6247067369365304
027 0.6259813391136739
028 0.6303563249711073
029 0.6303563249711073
030 0.6753876408713465
031 0.6753876408713465
032 0.6792315625677202
033 0.6792315625677202
034 0.6895185610010216
035 0.6942971711553061
036 0.6942971711553061
037 0.7146773714242822
038 0.7146773714242822
039 0.7146773714242822
040 0.7348554742444936
041 0.7348554742444936
042 0.7348554742444936
043 0.7348554742444936
044 0.7348554742444936
045 0.7348554742444936
046 0.7348554742444936
047 0.7406714741605678
048 0.7406714741605678
049 0.7420814508884188
050 0.7420814508884188
051 0.7420814508884188
052 0.7458301107253406
053 0.7475641553478504
054 0.7475641553478504
055 0.7476021373237898
056 0.7486498489793315
057 0.749111857496654
058 0.749111857496654
059 0.749111857496654
060 0.749111857496654
061 0.7510156248397785
062 0.7510156248397785
063 0.7510156248397785
064 0.7510156248397785
065 0.7510156248397785
066 0.7510156248397785
067 0.7510156248397785
068 0.7510156248397785
069 0.7510156248397785
070 0.7510156248397785
071 0.7593200106786228
072 0.7599292020723546
073 0.763945480547134
074 0.7646617729818207
075 0.7684708113724313
076 0.7688124843343754
077 0.7694474356146224
078 0.7695194390267921
079 0.7695224268449633
080 0.7695224268449633
081 0.7695224268449633
082 0.769555264105359
083 0.769555264105359
084 0.769555264105359
085 0.7722902647805706
086 0.7734270035169588
087 0.7747717323419476
088 0.776808487156465
089 0.776808487156465
090 0.7775694586840016
091 0.7788420818647178
092 0.7791850336325927
093 0.7792073124525659
094 0.7792074416992011
095 0.7792074416992011
096 0.7792074416992011
097 0.7792074416992011
098 0.7792074416992011
099 0.7792074416992011
100 0.7792074416992011
101 0.7814986512301789
102 0.7816027375588854
103 0.7821130116814116
104 0.78230557255997
105 0.7830104203640883
106 0.7830104203640883
107 0.7830104203640883
108 0.7830104203640883
109 0.7830104203640883
110 0.7830104203640883
111 0.7830104203640883
112 0.7830104203640883
113 0.7841492974451586
114 0.7845830621308127
115 0.7848032224776619
116 0.7851200034272365
117 0.7854919226759978
118 0.7855571611723721
119 0.7855571611723721
120 0.7855571611723721
121 0.7855571611723721
122 0.7855571611723721
123 0.7855571611723721
124 0.7868413592014637
125 0.7870481165019381
126 0.7872111684921026
127 0.7875553461673586
128 0.7875553461673586
129 0.7882472608112077
130 0.7882909749966712
131 0.7884216349061007
132 0.788561337935915
133 0.7885793421125895
134 0.7901225064678351
135 0.790449685769822
136 0.7906353978292364
137 0.7906353978292364
138 0.7909036355033532
139 0.7912309572293424
140 0.7913714805110831
141 0.7914902809994182
142 0.7914902809994182
143 0.7914902809994182
144 0.7922997655396996
145 0.7927461345885016
146 0.7927468614474621
147 0.7934567877679051
148 0.7935650449701088
149 0.793747087219107
150 0.7937823678584808
151 0.7937971708265035
152 0.7939460798711108
153 0.7939484187294685
154 0.7940048638575328
155 0.7945335868527775
156 0.7953471678101285
157 0.7954058110435377
158 0.795554063656732
159 0.795833163269024
160 0.7961218891833592
161 0.7961743013538828
162 0.7962862330490263
163 0.796297465327456
164 0.7963011134244726
165 0.7963011134244726
166 0.797041809193637
167 0.797041809193637
