000 0.052870714663973105
001 0.07161082656708967
002 0.11375369331639577
003 0.14389072555321827
004 0.14389072555321827
005 0.1987554225261266
006 0.1987554225261266
007 0.20408374405079807
008 0.24124875992935796
009 0.24124875992935796
010 0.24124875992935796
011 0.24124875992935796
012 0.39309743463962105
013 0.39309743463962105
014 0.39309743463962105
015 0.39309743463962105
016 0.39309743463962105
017 0.39309743463962105
018 0.39309743463962105
019 0.4516756620379188
020 0.4516756620379188
021 0.5318610683195216
022 0.5318610683195216
023 0.5318610683195216
024 0.5318610683195216
025 0.5318610683195216
026 0.5712625756348619
027 0.5712625756348619
028 0.5712625756348619
029 0.5712625756348619
030 0.5980499434880029
031 0.6288631629820529
032 0.6288631629820529
033 0.633828690275192
034 0.6845064863467112
035 0.6845064863467112
036 0.6939210630892523
037 0.6958710038474101
038 0.6958710038474101
039 0.6958710038474101
040 0.7120829285632598
041 0.7120829285632598
042 0.7129253357809952
043 0.7142679927132053
044 0.7142679927132053
045 0.7142679927132053
046 0.7142679927132053
047 0.7221463166900528
048 0.7232377625394307
049 0.7232377625394307
050 0.7232377625394307
051 0.7232377625394307
052 0.7232377625394307
053 0.7232377625394307
054 0.7232377625394307
055 0.7232377625394307
056 0.7232377625394307
057 0.7232377625394307
058 0.7304014727853734
059 0.7304014727853734
060 0.7304014727853734
061 0.7357720372606656
062 0.7357720372606656
063 0.7359841370435283
064 0.7359841370435283
065 0.7359841370435283
066 0.7369964548831623
067 0.7372711515730614
068 0.7374113433200489
069 0.7374113433200489
070 0.737521117316614
071 0.73866369704208
072 0.7400322748015201
073 0.741407611261515
074 0.7428088829407431
075 0.7434749044046944
076 0.7450647314281408
077 0.7467434026298351
078 0.7476837535550563
079 0.7485780601833633
080 0.7485780601833633
081 0.7485780601833633
082 0.7485780601833633
083 0.7485780601833633
084 0.7485780601833633
085 0.7485780601833633
086 0.7485780601833633
087 0.7485780601833633
088 0.7498604239132993
089 0.7506359161154448
090 0.7508913453692738
091 0.7510649281848297
092 0.7513299452690406
093 0.7513989497664647
094 0.7513989497664647
095 0.7515173551513031
096 0.7515173551513031
097 0.7515896451550292
098 0.7516964859312052
099 0.7528445332658981
100 0.7529513035304254
101 0.7534296070064417
102 0.7534810257136184
103 0.7538453814841765
104 0.7541285622548627
105 0.754318669189869
106 0.7546087863917225
107 0.7546713445380158
108 0.7546713445380158
109 0.7546713445380158
110 0.7547799503939746
111 0.7560157552499067
112 0.75611559010717
113 0.756467225976509
114 0.7567051110583071
115 0.7567098301009774
116 0.7567305190732517
117 0.7567305190732517
118 0.7567305190732517
119 0.7567305190732517
120 0.7567305190732517
121 0.7585841088982203
122 0.7585841088982203
123 0.7587801549555474
124 0.7587989101489162
125 0.7587989101489162
126 0.7587989101489162
127 0.7587989101489162
128 0.7587989101489162
129 0.7587989101489162
130 0.7587989101489162
131 0.7603769042100429
132 0.7606971599747235
133 0.7612991837400143
134 0.7612991837400143
135 0.7616591937191389
136 0.761676690034971
137 0.7617885972654167
138 0.7618250638221066
139 0.7618438776922967
140 0.7618438776922967
141 0.7618467959436658
142 0.7634664622599695
143 0.7637267950304973
144 0.7637267950304973
145 0.7637487013037254
146 0.7637487013037254
147 0.7657358713923934
148 0.766494126985233
149 0.766494126985233
150 0.7670596796288407
151 0.7670596796288407
152 0.7672116755609734
153 0.7675188410717453
154 0.7677225434277488
155 0.7679003646659222
156 0.7680787646037066
157 0.7681913958506384
158 0.7708023741415188
159 0.7714524679534158
160 0.7714524679534158
