2.004250408748001000
10.75161650966758000
10.52561469236936100
15.16596601008583200
13.88538997447993100
15.53718074963561000
13.46599802204354100
13.64294057041670500
14.57766288883492600
14.48852293192253000
14.05993410389756000
17.03277276914526000
16.92961195497607000
17.83232519032526400
16.89681054465163300
18.10502772914878000
17.87147580913656600
17.24386102221842500
19.12433242753511000
20.24458033582089200
19.44859026646741000
21.21687886688955000
18.79466730505224700
21.96383306314356400
19.71967339913252800
18.55580811035918000
11.01492461671499800
9.620602120712142000
1.496697243222080400
