1.379601766344835700
9.429648286695047000
7.759466193875299000
13.30781826421087600
16.72687853316847800
18.66826267570394000
18.40897444594358500
18.93849728287116800
17.62978200992989000
19.42993818290082700
20.16021329590326000
22.15788192026218000
20.57709862556926700
19.61822147739907000
20.27794846347365000
17.11602220672869400
19.53589776925342400
20.15422676708105000
18.85174292001750400
17.73671614189606400
16.87215444458557200
19.68617327366061800
21.22307486715881800
21.06224321591565400
19.87049477483602200
17.60133585003593000
13.87264152401019500
10.02774761975782900
1.115554594610133000
