1.046719445340127400
8.954576245919927000
10.75054220198431800
13.20367419071297600
14.96074335683378500
15.90542503562621600
16.12648958481656800
19.77825922035805200
21.35642031205248500
20.96627332108947000
18.68956242956645400
17.04202546113096500
17.77248882250904700
14.72451882061952600
12.62138149103142300
14.97645144708692700
16.31278237320572400
16.98921408464629200
15.88851313359483000
14.36044698373194900
13.01737692103731400
13.89193478515668000
13.63374942230400100
19.13284781631937600
18.92483460190043000
19.37693406683569800
15.63471603276139300
13.26785189239877000
1.713172017205987200
