1.174977368144671800
10.82297644926905000
12.38749746207046200
15.26953616938142700
14.31001994022989600
15.21281879632452500
14.30139793916442400
12.54903791688397700
13.25306148372188300
14.89911111788762600
14.04711909777832100
12.22332129446323800
14.03227467086840400
14.20178581088628900
14.08656359066087100
17.52907498085397000
18.68802016986473500
19.81299926886645600
18.37661612959415400
21.59128640638553500
22.07404742189076000
23.39640397593083800
20.71189684331892500
20.32909041754796300
18.29773545699044500
16.45686683372082400
12.70818518696312300
10.84210475110884500
1.505015817989942400
