1.582741277374254200
13.46619765715287400
16.29327097863733400
18.31831608720703400
15.49524884036924800
17.16344776573278400
16.12231595767035200
18.30290043602490000
18.67331048670269700
19.65561741159511700
17.22476730723347800
19.26487237817985600
19.46717834126868000
22.65041427903063800
20.76835564000616300
19.39155793408589000
19.25047324835386700
21.39173715104748000
20.05028463488664400
21.22116362197035500
19.24298967279653000
17.57425445263771400
16.32167283649911000
18.64885281207712700
15.79191948901617300
16.27222302172806700
12.37419275146918800
11.57184433212574000
2.116749143119491000
