0.805019211856905600
10.66086547136613500
12.99015980307260600
13.46386375290122200
14.04413229683118300
15.56106479655200800
15.81415044303232000
16.79089783820362300
20.11814559104800000
21.15637624664503500
22.37910797310017000
22.16102562289225000
22.99110867866495400
21.35761605416889400
21.70442570587343700
19.35528786418886300
17.41790826891372400
16.94573173375549000
16.08145511987750000
15.58117287555938000
20.30339695490905400
21.35440298592839500
22.46936277202992500
20.89161876085217500
18.16519479659955700
16.00665299453349600
11.46017239866129800
8.434154063945247000
0.965536205671025800
