1.434667209546368200
8.438357225140662000
8.404129897193249000
14.98877046993017700
14.53452956555632400
18.52864528476752800
20.94820508345817700
21.60334789799239000
19.11887823119118600
20.22847949456262000
20.11090436836505500
19.67992510372744500
20.24574500517127600
18.37666421314161600
17.61291014680603300
15.17510380313152400
17.72084710210469500
17.66246556301990400
17.59606669028426400
21.17791781856609000
18.65686748194026000
17.60513081688955200
16.46573375931274400
16.62114543184954000
16.89104824318405600
15.42472627245206600
11.93296309894183000
10.36650515140172500
1.176934136868228500
