1.623383746360412800
11.60765131130318100
13.95123326840481900
18.25232551868509000
18.09750380762572800
20.32273851279235000
19.26742426469305000
21.00915012710651200
19.11052642091445000
20.24652210475766300
16.49083830007531000
17.69345492360811500
15.43042199324473900
18.13230915068145800
15.93435014738109800
16.20932011482712200
16.75034557953179600
16.37259247552892600
17.70444245028903000
20.35106540468184000
22.34421882679569300
26.46447730460114700
27.42918598215503000
28.29154791453285300
24.64338681575239700
20.38228412231080400
14.05057158105677400
13.18772445485416400
1.920998924289880000
