2.000250543161355000
11.86771923984478300
10.21230016677506000
13.86476058306560300
12.42356098266207100
16.53815712497275200
19.21489647001388700
19.23713547051133000
17.71064279893393200
18.99454152462975000
16.53592422761783700
16.23653275220167200
18.21125590996056300
19.45050720987861200
17.62290548713156000
16.72059135533459000
16.89396881141951200
19.30893473015109000
19.75856331335102200
19.15750661916903800
16.95736758447641000
15.32432384767866800
15.51054042482401000
17.67582535188071800
14.86523526891454200
17.12118096814996000
11.57782766987882900
13.65918854591010000
2.084651278026539600
