1.300773795237592000
12.28423573362356300
15.66242663009319500
17.58704376168460000
17.89089168566036700
18.67912067799636000
18.70977095240903800
21.55115319448174000
21.00342540203052000
23.00162075038227000
22.97593781218597000
24.42331132918405600
23.36592622427459500
19.27894020947985000
17.14367289320741600
17.61935575335687000
16.80213602285644500
16.70124342817306500
14.09715962991231200
15.46416655536244100
15.47126828224167000
16.17152892090795600
15.20507584679262400
15.59323302126305300
14.25577275980333500
15.36448647000517200
11.99291885794210400
11.84943576520624000
1.811841030764426600
