1.188956969304012500
6.865819734954193000
8.161468432199210000
12.54004251859899300
15.13626268561248600
16.75091810799206400
15.86131789810692400
18.43390311061146700
17.96130202398983400
18.65005623287328300
17.11091242970989500
19.44841503472850500
18.96468436941648000
20.10596283858093000
19.47259227098478700
19.71319233450130800
20.97921271369714000
20.95373033284797500
19.46332468110387400
19.62672293890064500
22.02633255851885000
20.11077544767828200
19.97235330017011300
19.22150033245527500
17.74157350768430800
15.74213336205614600
13.43698323563765500
10.25783702681898600
1.017968260599396700
