1.955576016551575200
10.16779027345400300
8.145638586019007000
11.77289258853542700
10.37056161314515100
13.56300470221959600
12.75086810390857800
15.36221050014187600
16.71779411465710700
18.68968038452340300
19.10956380291655000
17.52269168317448600
16.17038168493081700
16.58215108345561400
16.62726298097862000
17.06158936394732000
17.61272863428056000
16.47930657880532000
15.70348353385257300
15.13935665078759700
15.38443937609961800
16.09640218929020000
15.71657190400570600
16.72643114058929000
14.67429199507981000
14.74345949841902300
10.39079750182370900
8.356995749610590000
1.215022690363510000
