2.240243810936016500
13.90069509575112900
15.65179932363013800
19.30819342384644300
19.46927254402967000
23.59656024526194000
22.14916837848576000
22.05855111718087000
18.46863931203344000
21.13192346620559000
19.07519369354421000
18.92274680278264000
15.19335576955097100
14.56140197826760400
14.32555697537843300
15.06443404765867700
14.57531208798828200
16.37548254701614800
15.03577366581620500
17.27161617851656700
16.87441710419720000
16.55714255066957000
14.56974133428479000
15.94533770171909000
14.30502030909482000
16.39144385969863600
10.06967789092639600
10.64826441690736300
2.128619448436747000
