1.750116237390752400
13.66349005361614700
12.70193092582886000
18.14138881404980000
16.75861291133924000
17.62841469038406600
18.55095219158655700
21.18709435348530000
22.51521519255874000
20.37354131698336000
19.85659404787328300
18.75375858912799700
18.16987233295675000
19.65460413171259500
21.58894881647485000
22.78557949174105300
20.53480926045915600
20.71219979101647000
19.09231749081738000
17.88796332312366400
16.78557532079778000
14.36639276472178200
15.90090300878020800
16.24482181646684600
17.32529755011329400
16.34451486293639000
13.65690644399692200
10.78764232869423800
0.924880090019763300
