0.919380443450004800
9.972018350913556000
13.86704346417044700
14.61072665603877000
15.65250072261159400
17.23608859964871000
19.01823434302369000
21.71561472303242400
21.67613839617065700
21.76829928250089000
22.08558784187661300
21.43363843981605000
18.48930244297716300
15.57531391163835700
13.11088525035647800
13.18156664801319300
13.66201148198830100
14.38454308225382400
15.67793077979875300
15.91470959344126300
14.21916470376451800
15.75037600808413500
16.49145465151761400
19.93162284235835000
21.51544979505213800
22.16480073331748800
18.32976869587158600
14.05624213882055600
1.571050439661608500
