1.082065165947509600
8.551349909258393000
9.228257877514146000
9.048379935836770000
11.32178637792240600
12.36423856797960500
11.80943902826557000
15.22787613503369100
17.20308803142544000
18.40537490873520500
18.03460635386612000
20.22205927114535500
20.45876414441244000
20.06752953013762300
18.98577393630838700
19.43958864672477000
17.31125644072749700
19.27435232803576800
16.80493890266313500
14.13427352751008400
11.96843159602668300
11.90311897021701200
10.52418907283785100
12.86525129841468200
13.88797205328438100
15.88867476510894200
13.57747985235752700
10.46186724342827000
1.543006885013470000
