0.958084012853154400
6.851087846569264000
12.31869479644371500
16.33268225983331200
17.07513303642554000
19.32416282016156000
20.87533485082601800
22.42837779782372800
21.63036528197890700
21.43251984991016000
20.07001525193186000
20.04743339811617300
18.92991619136612500
19.84097715040637400
18.21192546330619000
17.32678610019646500
16.79839240467200400
16.81371294110099000
16.72280438929493600
15.36901577340883800
13.17551515521738000
13.34503218057691000
11.33980186203002200
13.13239315221262200
12.50005270433720700
14.43493956873228600
14.20542798081943500
12.41171376412469000
1.413165958496500600
