1.129265349247863300
11.25768410375040000
11.18953515668267900
14.42917406245427600
18.89668929910105000
17.59217540935229700
16.28641480750480000
16.01415301604181000
15.50654960115014400
16.81404625685257800
19.35169781888436000
19.89367615265548700
17.80774403330636700
17.60884200345500300
17.52500294814252000
18.37189120088432400
18.87747778338105300
21.76495375876960700
22.57780093525430200
23.14863037756464700
21.81987074998051000
18.98790929242334300
17.71599957039968000
18.40047358517038500
19.15680769011517600
17.37226959111098500
12.68549623595763800
9.962897922500156000
1.174151242656463300
