1.758719913309054000
11.40143123362566500
12.93614878440172200
16.58767417234686200
15.51837392576843300
17.44177448914956600
17.22886780721855300
17.60904494766551000
18.47478018635452200
18.83070798562579600
18.08678255439772200
16.55879626912772600
13.17626749470307200
16.17723026606049000
17.14418742463934500
20.17394335121583000
19.99829274182769700
21.06468193984180800
19.70069017385086000
20.98926093495707000
19.87574081777876200
20.09975175472150300
19.67803932345520600
19.53106470576092200
18.81709750043907000
17.15897192957323400
12.88116849865219000
9.432823677762572000
1.114207869122220000
