1.089625858896441400
11.38808361245288700
16.38202579606638700
20.76370928842872500
22.90561160724146500
24.30728627223147000
20.73145155245718000
21.21824813183609000
20.46953516815599300
20.68416191927520500
20.01615675384975600
20.75495256533480400
17.16130118072343400
14.82929983942319300
17.04083412737294600
16.23713353942666500
15.01903613370399300
15.10818266359615700
14.28654570454834500
16.06605999077644000
18.96962993411339200
18.68148546106892700
18.11828878176785000
20.14962496903330800
16.78169101805539800
15.21645445720232600
11.30682022763404700
7.697934207911761000
1.135222766852512800
