2.469807893975013400
12.47523532841458800
13.19824729342540300
16.26453019079187400
15.95349112486830600
19.38926934032828700
16.48727031284704000
17.71456008333078500
15.30288566657138100
18.18308451153782500
18.14966036631543400
19.19158243508476000
15.97661020838202000
17.88695091487879600
17.67416440064784700
18.21713055142011600
16.91853256832022400
18.46186397262255600
18.39241311564822000
19.14519537004966300
15.50749203589679400
14.58306619412271500
14.11573332502138100
14.98432431892940500
10.77955303349394900
14.82904209649142400
11.29096177010378100
8.716112328704556000
1.712704252920791200
