1.873834757661784200
15.68934849552177700
14.28550682162454000
17.60730898370641400
17.81436791092531600
19.62494354949400000
19.94039420898875600
20.16426539845708300
20.39873442107145600
21.09243745363875500
18.91100466040366300
17.63678855180010000
17.71008510667368400
18.34507755171685500
16.60953863624771600
17.34034457183391000
17.41408454047376600
17.46210664578026300
15.96479787656008200
15.86233019881618500
15.85200356780562500
15.16669272431394000
15.04214728854883300
13.18467073832373000
13.50241410771225900
13.99390167063076800
9.672851562180131000
7.997291433505370000
0.975033887431243600
