1.335198206151591700
10.90115708186826300
12.46474302863142500
13.19636460158491400
12.41012727073425600
16.00113260894370300
19.56969788486800600
21.05907822185563200
18.94755825841600200
18.47699095627798400
18.35736745507892000
18.91120685509753600
15.86883360385473400
16.16670493501879200
14.83839953862557900
14.54422509580590500
12.54996330268357400
15.42240585149721700
16.85820349735833500
20.21102542872201000
20.06880882521702000
18.56021577735010600
17.80690262322043400
18.76993338134029800
16.59661571339477000
17.50760911251805400
12.89549359649468300
10.96119085661787900
1.829915879288644500
