0.637713844551980000
3.937019233057000000
11.61451356387204000
13.42748347448066300
12.18034057786049300
16.16412026580127300
17.17894752870183300
18.30886106109294000
16.71932196030149600
16.91951827048255200
12.91353479794368500
14.97688900957060200
15.41971772344194800
17.09026699210329500
16.02458543767584000
16.28388608731947000
18.83459184232105000
18.83041768684122300
15.63741818083894000
14.51026565003111400
15.55575365004420800
16.80059984581842500
17.72218904756028500
18.15989557152254400
19.00308576901464000
17.01024054063050000
16.97784463997540000
13.35643301465440100
1.119955607812482800
