0.848418803392881900
8.041467604145359000
10.94059947698835700
14.65544888071473300
14.33148619019218700
17.75120884217401600
17.89809939140951700
16.56342844328127000
18.82561590784230500
16.64257478534092300
16.98482945066159600
14.65803193238565000
16.41410701328750600
17.88377174888833200
18.69825627949107300
18.96781964972021000
18.33994958524102300
19.28874907882875800
18.28545120134570500
18.46919749735418000
18.81417409196647500
19.13127260329896700
21.79444343615798400
20.90304779683230400
17.82559844629076000
14.29207729800926400
8.950482494905579000
7.225513438406498000
0.962473894657116500
