1.316201136753762500
11.92956955147306400
14.24492474704500000
19.82021054348441800
20.79044582509164500
23.32724364981454800
23.43546717980247300
22.60958546245709800
19.96367237547710300
20.87879213735471500
22.25723852920360000
23.17211374806832300
22.19029478475355400
21.39378088874687500
19.18474246370974300
16.69568178698797200
14.49545019683047700
14.48837155392928000
13.20317052449074200
15.17662884391950000
15.19705234940841600
17.21518932510774700
18.04604241294320000
19.71201785088270000
17.22084914810103000
17.37994065621342800
13.26372249885747200
9.833295491947000000
1.530123008282087100
