0.803549864963190000
9.094522616579596000
13.98112856598551100
17.43592046547485800
17.23241803668534500
15.22851198096946100
15.28199099939446800
14.51769884690464900
15.82608016032910000
17.56525160374230800
19.71886016982436000
17.30144440259534400
17.04451184285330700
15.30633129925066500
17.70120428511930300
19.58331917373180500
20.20565558191543700
17.90618540361033000
15.90198475182146800
16.64724435700060000
17.70047667558014500
18.87214140984418600
17.40341742792980300
17.87769919135290300
16.32652991308163200
18.52020641944826500
16.13695229018957000
11.30804695667257700
1.081453662334622700
