1.170796185408163900
8.519723185093108000
10.46093072216390000
13.13078290521739300
12.50668662116973000
14.15711180147835800
15.74936841278133000
15.66620261755652900
17.52479039246100700
21.09767018649822000
17.35170512926846300
18.18370324104221300
17.39942108742951000
19.34375195951370700
17.19157280579689500
17.90066781194157000
16.58469661210767000
17.24312569438654600
18.83238164236323000
19.23275775696258000
19.60407572688429000
23.35065451669016300
24.30287025363596000
24.96172161241033600
22.61029889903733000
22.14112665696503000
21.07961937190644600
16.49050226410109200
1.766249705208459100
