1.027377884082810300
10.93993682510417300
11.02139997491462600
13.04170639003485900
15.42363769722663800
14.38720124620501500
15.63343845775921900
16.56958146844457500
18.20881296803127000
18.62569498793070700
19.51056337593012600
18.86525498993289300
15.99515376630473500
14.45139302505677400
14.12318684487071600
16.86450888598304000
20.32625444108976300
20.32198539464617700
17.77065926543278700
17.85742572028756000
17.05348840407536700
16.20218141573882000
17.49681937658438400
16.06192806428065400
13.31526612629427400
11.22053391839209000
9.279938253394398000
6.945824555155069000
0.880465809543790100
