1.994448255072860400
13.37842273332380700
15.67133953768263200
20.23339374415778400
20.16194961436439200
20.52103282924999700
18.80814363109774000
18.17427090370576400
16.23890047214769800
17.98292482233054200
16.96716240247909000
18.31275873992515000
15.79540586692881000
17.44292189664089700
18.34081386407730000
17.09728814023836600
14.21812858487184000
17.97428726195578000
16.42840719688736000
17.43576874355315000
14.83289027021409000
15.53208320803210200
15.99387401209859200
18.20222637540144800
15.51133951866952300
14.26195881443384100
10.32898350299375800
11.51409897201331800
2.068252316862486000
