2.068134793461808000
12.00211500310822300
12.19130621379166300
18.77266830562212600
17.06881669336338800
18.95770413718146600
18.38864969948878800
19.65570110279886500
17.09836736441114600
18.84547702185009400
17.81506108885676600
17.96122666812565400
15.48373999174815700
15.46436130783830000
16.42569612837634500
19.94055280504248000
19.53072821673143300
17.96275652902053000
15.80988806419195200
16.19098573674651200
15.99102484313718400
14.55229244316500100
12.50734015359692100
12.90613635126407000
11.25997265719493300
11.73294772183898600
9.640148138388817000
11.01098949910611900
1.764044624738426700
