0.863054967599442900
8.995972124366421000
12.11923325473156700
15.74793628327553000
18.12721599040378700
20.85727415782023200
22.50270372085116000
21.30937023674903200
21.56277501074825000
21.94237736014020600
22.60791495410557000
20.54773939270100000
19.15515095526298600
18.77646362999687000
19.30914637883575600
19.18919229985998600
17.78649073149624000
16.54662225429867000
16.49018760609112600
18.08194289266725700
17.46527336756660300
17.78746021994465200
16.74810465171811000
18.02504034156002500
17.25848553914243800
18.27448244567208500
14.24683607039429500
12.38221166763351800
1.567783350130279000
