1.899281167247098800
11.57044730854708400
12.12764526735753300
16.35525252654617000
16.59756545705822700
21.82401590334065500
20.86675760059063500
19.58138385975034300
17.53415546573651800
18.14443427069763000
17.24319637898235800
19.41578387506084300
17.58263638543708400
16.71463581936690400
13.81494724849731900
16.35646092754433700
15.03422524666517600
17.30590803458669700
19.37392275983070000
21.36270791466182200
19.25621570444127000
19.85454837190309300
16.71372401165256600
16.74058351433776800
14.89139788832062400
16.20004642957683000
12.95565707322376300
10.87618483199735500
1.853994594106666400
