1.299750160923026900
10.51787241112857400
11.56839775913698900
15.62943928001424800
18.99193560377810000
21.22614347111943000
19.34847839448732600
19.01913044632650700
16.51187844689627000
17.74764855592150800
15.70123866969794500
14.95718996950154200
15.43410084416375500
17.29709202516472300
17.43192886350839600
19.24544103482038800
19.12140438952160000
19.30662545796176000
19.03775620588840000
22.05526543894938700
21.71425406157832300
19.86048891341413700
18.12025302804380000
17.57585754571982400
16.56724806801896000
16.64360204850973800
11.32652675936392200
11.68115283708145000
1.925175095987040600
