1.130252220663993100
11.07355894695135300
13.95974238981275300
14.87300805010298200
18.23718105218936700
21.99436013239674600
21.43395364459618700
20.13582630125108000
20.20268523969654200
18.89669563281762500
18.43033125219429000
19.02741738589629000
18.62001875130234700
22.80222076965894500
22.35554919537722200
23.44290732163880300
23.34399178700849500
23.83239937207121000
22.89942760318856300
20.22630666839768000
17.92248006992854000
16.22594556681073000
15.34289216824045400
12.73916410515385400
13.92290940019713800
15.30252794328927200
14.55728751595442300
12.34842872528418000
1.102567299257402000
