1.474681845902986500
12.14260161178618000
12.96569451251475300
15.05685865779822800
15.94123360313755300
16.27865395881721300
15.40308733460179600
16.15177992552751400
15.23523448032144000
15.46831188496080900
15.83062520076250800
16.09486632444029700
16.57869075502953700
15.21020762026456400
16.33629880324565000
17.03270111080457700
14.15965776551219500
14.72212797993614700
15.94542959158840700
16.09964714691955000
14.61567781677787500
15.15345355068175500
14.38060311221578400
15.33246909515363000
13.41690326348152600
15.55934417169426200
13.00045240893419600
11.42022576424611200
1.384974222206501000
