0.936055973916378700
10.02110519245958800
11.43504433537410500
14.17141686682195000
17.02105025871744500
16.78777950004815000
19.77181383367376000
19.27210533401719400
18.59818109999383000
15.35087285736412500
16.29339434247890500
18.68938229301866000
16.70550183651334000
19.16234888837032500
19.10502950452501700
18.99316344507800400
20.97015815752272500
18.34928442645337000
17.06537039321256400
14.07108021331674000
15.01172736651506000
14.98443561674139000
12.39324423401914600
12.42543754400988800
13.88532710416820500
14.52036457302999800
12.29038240639110100
10.46827820760932700
0.999119251993586500
