1.594277393703531500
14.72323621107120700
13.68834489272753200
12.86028905212572400
12.52750994662996200
14.81837042740000300
15.39257624102996600
17.30322106120346600
18.19396882726564300
17.10497540658217700
15.52542194189544800
18.38485410950656300
18.85726777757568600
16.89124586204646800
15.41515677053762000
16.15874695472029300
17.52334090561931400
18.12702113635669600
18.62639335127468600
18.68904651504824300
18.02984432663124000
20.89675549558527000
20.43426329742574000
16.82265432805689000
17.16329524671034400
16.32697282841106200
12.33324364152200800
9.876631370234845000
1.066358076470114200
