1.459544020317830000
12.80038158389289600
13.67839923969417300
15.39697299523454500
19.49797233025064700
20.73862154126028000
18.42648419735992200
18.93906094613155500
17.77366377253540400
18.62716863250222000
19.00527797969152700
19.18508015419563000
19.00578903427452000
18.80919296329378600
16.60689563909834700
19.13312283774414300
18.88425605389372000
20.70119849714355000
18.96231807953224500
20.21278343169392000
17.20731604048236500
19.19871649743210200
17.85965719560950000
16.45221023782129400
16.90985823825989000
15.21257573029479500
11.60105945089210300
9.620614616955802000
1.329115175418053000
