1.270878829401734800
15.05615334661219900
17.26779290664212500
19.34825364122820000
20.58507229143610000
21.79518476051353600
24.78765194492456200
24.14838898648106600
23.31897021863708700
23.00662087271906000
21.69512992578452000
21.65993963683415300
20.27185832255810300
19.00711778106357700
18.42097777949910800
19.00595126789730600
17.57987464220973500
17.03342159002226500
18.65387361978080000
21.90575552003290500
23.35087745298985200
22.94147267184155200
21.00840137237388200
21.79825932049129400
19.57809696406871300
18.16481530315434500
12.75377732129710000
13.62840481785290300
1.673343979913641800
