1.474725722399626400
11.23446261513769300
14.42721113747875000
16.67759184802127000
16.96727485269935000
18.90891131669989000
17.43057058169106800
17.82370115734373400
16.32422236845359700
16.08591275573463300
15.83490398978901000
17.60116382606747000
16.89860204206276600
18.04238022356916500
15.25743987335187800
14.98751578005251000
14.95281352909645100
14.59417023024482400
14.01672489891703900
13.36925114288398800
14.91525929832530100
16.99626942114577600
15.85810581233622200
19.26818631004359000
17.62372292164224000
14.41307707859237800
13.66348544311070500
9.111682033839108000
0.932435835925734800
