1.946210327353043000
12.93923228374518600
14.01495986822837600
17.78672441413396000
20.67958647086869600
21.87720933242493000
21.93729283926844000
21.19017052862176300
17.76734080586124000
18.10090019569362000
16.44873936192890000
16.38388785238166200
14.68833231749191000
17.93799748542753400
16.82759541512500700
17.93861496367991000
16.03393638940977400
18.81481144379341700
18.99046968554277700
22.02046405988478000
22.18321968774389300
22.75072433767433500
21.07332459895033000
20.95755716963298800
17.66142556389269600
16.30438367617371400
11.91442065184556400
10.72774704746092300
1.513122004463178800
