2.112711795407762300
12.81239363523418400
10.77865954229450700
14.12972238141046200
14.45506006985074000
20.27797012961699600
20.09901937602855800
21.01378363108330700
18.32349823530293500
18.75304182797330600
18.38314200031638300
19.26853583102039000
19.20653085597837000
20.23046871426346600
18.06451068006567300
17.94309398275079200
18.62658182156186700
19.06582327990982500
20.73898121507402300
24.17411399931332400
22.34863712695875600
23.21052342660512500
18.83857379045671400
20.23194672156665800
16.76555645579524500
16.48846105774195400
10.78968537130254300
10.84644914853956800
1.994300758880294100
