1.647528585325299000
12.61687712734337600
13.58367669289788000
16.19876620456866300
16.10526950939861400
17.88677479227462200
17.21326454454606700
18.11879558242310000
15.83050245999883600
17.30489801235314000
19.43101509786403700
19.56486137253609300
18.99622245681175800
20.22974382436981000
18.48374651817949400
19.67738715793097600
20.28491193244228000
17.95767679992808400
17.61092227799107000
17.30892385450971500
15.37583615716194900
14.57014436698866000
13.92187979326931600
13.05497174344526100
13.10810515020552500
11.04221010796172200
6.649178380635580000
7.960013948539476000
1.229495472427986500
