0.864878743778597600
8.321183612992327000
10.41182254930166100
13.45382535845021900
14.70963529374357000
15.11374145567276600
14.12351520124269500
16.34445341480878000
17.87159087388938500
16.92056914226201400
18.87884246360992800
19.73788624812108000
20.41908364363842700
18.30271476096709000
19.90061251276686600
21.35807366017839000
18.23976173396489000
17.76175783218875600
18.56086763356126600
18.21176998072813000
18.89278140495312300
17.21608381887560000
16.41858768137790700
15.93449096127827000
15.40448611256703500
14.83688111571394500
11.59764231564728800
7.962343690195786000
0.880409112299980200
