1.311391374284745000
12.17367243479768600
14.26307856702319800
15.24763872400975200
16.16970400730892600
17.18603236652187000
19.13203461682676500
22.75222000682238400
23.22161248752037800
22.72874401829036400
21.08122085127420700
22.79411776577168400
21.24437089105717600
20.70204517402938300
19.07244463178382800
21.44277343436415600
19.48048539824098300
20.80060711576309300
19.32915135939054000
19.33946449963064800
18.31265938112509400
17.45036597723185400
15.65796256104651200
16.99642981896437000
16.30831935668450300
16.54677150319234600
13.16560053095934000
8.939456697978024000
1.254811641314808500
