1.283213975382105500
11.60858871319307000
16.14810829215141000
18.62367309458528600
17.19879870350986000
16.94294062439838200
16.39353206888875600
17.68162851049371000
18.44133591291699000
19.27326080403709300
16.52242040532533500
17.13117971994134300
15.46081980716442700
17.41556295951626500
15.47323571964806000
16.39711363651361600
16.55062340484839800
18.27101782745817700
20.27290478100199800
20.07321545230122700
18.53147996288905000
18.83472438753516400
16.73626168410905600
17.80990790941375200
16.18585996473292000
17.63242037638197200
14.90199457780599900
10.37217533537302700
1.507199793786140300
