2.474142301028676000
15.85044723332192300
14.58888556147854300
20.39640603823236700
19.61107382314895600
21.07563369422065200
19.25545286283997400
21.32264417849355500
20.03612114089095000
20.01845989396950000
20.00848115860905000
20.40724791009265400
20.04404571241933300
21.06100511394960000
19.01798748674244000
21.26745796021754000
20.55846320065381500
21.39939202344859000
19.24169152461684400
19.72578627133208000
19.42616546774250700
19.29595634362064000
18.40124757668665700
18.76295262346599200
17.86011363538781000
17.40299611861369700
13.88126643034029200
13.18911762492331300
1.485414206458038200
