2.181387963104901600
16.09393714251015300
15.53655872115905900
18.52787198198860700
16.99959094961495000
18.44353814452670200
17.14912194770451000
17.74146013419676700
16.63310066720599400
15.53872964199059400
15.44991492780081900
19.10502993005259000
17.63097609242239700
17.97869445022787000
19.01054492474599300
18.84712152381674200
18.46874949094259000
25.09535624189349400
19.96286922528326700
18.45239494473138800
15.92206637405376100
17.11678802140622000
17.46491069526232000
19.41360274129710500
19.11685868112320800
19.58920350504808000
16.26923078289074500
14.30913508040172000
1.824531384078395000
