1.024340510819581300
10.06976781360707200
10.69600850639737800
13.72239518918054400
15.79584354836180200
14.37962431911518000
15.03187473973028000
15.41965157453775200
16.02541788081304500
18.68960827383455000
18.83239580562107000
16.07747781064751200
15.42155364364464600
16.94686175226079400
16.95636671667298000
17.89420366074164500
19.65094888106073000
20.38294312164813200
19.46570868471985000
19.37696047313074400
17.95025086526722200
16.30486716145241700
16.67796352747713000
15.70349792070045700
13.07793156265474000
11.39826834296709100
12.80385162443895700
8.372091823849072000
0.787379591250412200
