000 0.23790047409865964
001 0.3785653971823356
002 0.3785653971823356
003 0.40638053019642195
004 0.4645841860303412
005 0.5106582393373287
006 0.6512279229630578
007 0.672783831117173
008 0.697501921360864
009 0.7337753960838244
010 0.7581680872221661
011 0.8020090420732735
012 0.8163852990962219
013 0.8522290908609639
014 0.8710109270874729
015 0.8812287414428481
016 0.8905045342070042
017 0.9011079913685354
018 0.9031967462484076
019 0.9063191044966774
020 0.910587820270174
021 0.910587820270174
022 0.9110424377283194
023 0.9110534979526987
024 0.9110556807316778
025 0.9110556807316778
026 0.9114862936445095
027 0.9114862936445095
028 0.9114918218589679
029 0.9114918218589679
030 0.9162885551470666
031 0.9167248542985809
032 0.9181079981627259
033 0.9187109080514997
034 0.9189621279681611
035 0.9195013724707902
036 0.9198174156402747
037 0.9202289860805682
038 0.9204701165719819
039 0.9204701165719819
040 0.920555327686576
041 0.9205877789337785
042 0.9206639958621324
043 0.9206799804092348
044 0.9206889080179789
045 0.9214893906858067
046 0.9221140288917664
047 0.9222260136083752
048 0.9224852718344178
049 0.9224926364636437
050 0.9228017920870695
051 0.9230523891520664
052 0.9231109096982572
053 0.9231734221635044
054 0.9232309265260602
055 0.9232567456932342
056 0.9238104366743891
057 0.9241082571207576
058 0.9242827827238758
059 0.924949788792468
060 0.924949788792468
061 0.9250932734690731
062 0.92562778850346
063 0.925741105212297
064 0.9260564048933396
065 0.9260564048933396
066 0.9262843364359892
067 0.9265613273339944
068 0.9265717846355229
069 0.9268197212348099
070 0.9270392064221308
071 0.9273944550277583
072 0.9275947164135934
073 0.9279038213353489
074 0.9279038213353489
075 0.9284795437452257
076 0.9284898112063674
077 0.9287333630580229
078 0.9288809156348725
079 0.928990908892609
080 0.9291494919214168
081 0.9292072287041516
082 0.9292862702259282
083 0.9294196745843971
084 0.9295755470567948
085 0.9295755470567948
086 0.9297019594322673
087 0.9298691599848795
088 0.9299529963841469
089 0.9299646089138899
090 0.9301806607840343
091 0.9301806607840343
092 0.9301806607840343
093 0.9302438264080035
094 0.930341242770412
095 0.930341242770412
096 0.9303911003865261
097 0.9304588942150829
098 0.9305050800013963
099 0.9305200215749269
100 0.9305443996608386
101 0.9306127284992415
102 0.9306890091494269
103 0.9306890091494269
104 0.9307027736505487
105 0.9307449277894528
106 0.9307480476118793
107 0.9307863681507278
108 0.9307863681507278
109 0.9308349321577546
110 0.9308556580388009
111 0.9308918642601142
112 0.9309278774816221
113 0.9309348573990095
114 0.9309385266095271
115 0.9309876551597984
116 0.9309934434782433
117 0.9310172015313027
118 0.9310172015313027
119 0.9310214507400031
120 0.9310726359894077
121 0.9310749695836279
122 0.9310918559121139
123 0.9310918559121139
124 0.931108983500894
125 0.931131408517522
126 0.931131408517522
127 0.9311426618487907
128 0.9311539571170562
129 0.9311823124881092
130 0.9312056571321398
131 0.9312056571321398
132 0.9312061538497955
133 0.9312217600343924
134 0.9312305187132618
135 0.9312435546207422
136 0.931247728001767
137 0.9312771512896155
138 0.9312771512896155
139 0.9312857249009968
140 0.9312912610226693
141 0.9313008506436431
142 0.9313008506436431
143 0.931310029122888
144 0.931310029122888
145 0.9313173735778012
146 0.9313258376053005
147 0.9313463083761931
148 0.9313463083761931
149 0.9313519513950126
150 0.9313519513950126
151 0.9313841852669573
152 0.9313882700809674
153 0.9313882700809674
154 0.9313882700809674
155 0.9314007345247666
156 0.9314093754771859
157 0.9314093754771859
158 0.9314186221455045
159 0.9314225277456631
160 0.9314225277456631
161 0.931434080402756
162 0.9314378383048082
163 0.9314491460494345
164 0.9314491460494345
165 0.9314491460494345
166 0.9314519780156666
167 0.9314570902154377
168 0.9314570902154377
169 0.9314595658209658
170 0.9314701762838881
171 0.9314701762838881
172 0.9314701762838881
173 0.9314731642306859
174 0.9314802843289022
175 0.9314872541900757
176 0.9314937893852723
177 0.9314942791321319
178 0.9314942791321319
179 0.931496778154359
180 0.9315004168788648
181 0.9315054503677083
182 0.9315148002377214
183 0.9315153273496164
184 0.9315180628425244
185 0.9315180628425244
186 0.9315349396452643
187 0.9315349396452643
188 0.9315349396452643
189 0.9315349396452643
190 0.9315349396452643
191 0.9315349396452643
192 0.9315443932020865
193 0.9315463701881678
194 0.9315598284122263
195 0.9315598284122263
196 0.9315598284122263
197 0.9315598284122263
198 0.9315598284122263
199 0.9315598284122263
200 0.9315598284122263
201 0.9315598284122263
202 0.9315606288547051
203 0.9315634026174958
204 0.9315647360411189
205 0.9315655797293887
206 0.9315655797293887
207 0.9315659977957528
208 0.931571457574453
209 0.931571457574453
210 0.931571457574453
211 0.9315762493802386
212 0.9315762493802386
213 0.9315765665323505
214 0.9315816083473537
215 0.9315840273176136
216 0.9315842051236956
217 0.9315842051236956
218 0.9315842051236956
219 0.9315842051236956
220 0.9315859429586474
221 0.9315889288028766
222 0.9315893275500237
223 0.9315893275500237
224 0.9315893275500237
225 0.9315924992614707
226 0.9315924992614707
227 0.9315924992614707
228 0.9315924992614707
229 0.9315946797016869
230 0.9316004714311553
231 0.9316004714311553
232 0.9316005844013984
233 0.9316005844013984
234 0.9316014823181888
235 0.9316014823181888
236 0.9316014823181888
237 0.9316054467939923
238 0.9316086798504766
239 0.931608730962691
240 0.931608730962691
241 0.931608730962691
242 0.9316122020040203
243 0.9316122020040203
244 0.9316122020040203
245 0.9316138872174118
246 0.9316138872174118
247 0.9316158028875255
248 0.9316158028875255
249 0.9316158028875255
250 0.9316158028875255
251 0.9316214052713362
252 0.9316214052713362
253 0.9316235471951512
254 0.9316235471951512
255 0.9316236794843942
256 0.9316236794843942
257 0.9316236794843942
258 0.9316236794843942
259 0.9316254469684477
260 0.9316254469684477
261 0.9316254469684477
262 0.9316271308127526
263 0.9316271308127526
264 0.9316271308127526
265 0.9316271308127526
266 0.931628073012049
267 0.931629034113346
268 0.931629517774343
269 0.931629517774343
270 0.9316299728213564
271 0.9316328171719994
272 0.9316328171719994
273 0.9316328171719994
274 0.9316330795830382
275 0.9316335763563738
276 0.9316335763563738
277 0.9316342148749363
278 0.9316342148749363
279 0.9316382360489273
280 0.9316382360489273
281 0.9316382360489273
282 0.931639985796538
283 0.931639985796538
284 0.9316419767711085
285 0.9316419767711085
286 0.9316419767711085
287 0.9316419767711085
288 0.9316422640079918
289 0.9316427988082908
290 0.9316427988082908
291 0.9316427988082908
292 0.9316465107388896
293 0.9316465107388896
294 0.9316465107388896
295 0.9316465107388896
296 0.9316465107388896
297 0.9316465107388896
298 0.9316465107388896
299 0.9316492962267076
300 0.9316492962267076
301 0.9316492962267076
302 0.9316492962267076
303 0.9316492962267076
304 0.9316507592209622
305 0.9316507592209622
306 0.9316507592209622
307 0.931651655782319
308 0.9316525804918386
309 0.9316526290524535
310 0.9316540168761092
311 0.9316540168761092
312 0.9316544211815919
313 0.9316544211815919
314 0.9316550119418537
315 0.9316562766372987
316 0.9316562766372987
317 0.9316562766372987
318 0.9316562766372987
319 0.9316562766372987
320 0.9316562766372987
321 0.9316562766372987
322 0.9316562766372987
323 0.9316562766372987
324 0.931656389295841
325 0.931656389295841
326 0.9316567033690485
327 0.9316567033690485
328 0.9316583772273591
329 0.9316583772273591
330 0.9316583772273591
331 0.9316583772273591
332 0.9316592809206818
333 0.9316600937543439
334 0.9316600937543439
335 0.9316600937543439
336 0.9316602437078237
337 0.9316619536031314
338 0.9316621600184039
339 0.9316621600184039
340 0.9316621600184039
341 0.9316621600184039
342 0.9316621600184039
343 0.9316621600184039
344 0.9316621600184039
345 0.9316623326199659
346 0.9316625472399881
347 0.931663650772815
348 0.9316651931755143
349 0.9316651931755143
350 0.9316651931755143
351 0.9316651931755143
352 0.9316651931755143
353 0.9316651931755143
354 0.9316651931755143
355 0.9316654203193708
356 0.9316654203193708
357 0.9316654203193708
358 0.9316665872080383
359 0.9316665872080383
360 0.9316665872080383
361 0.9316665872080383
362 0.9316665872080383
363 0.9316665872080383
364 0.9316665872080383
365 0.9316665872080383
366 0.9316665872080383
367 0.9316665872080383
368 0.9316666737236069
369 0.9316666795660486
370 0.9316677872914622
371 0.931667837134221
372 0.931667837134221
373 0.931667837134221
374 0.931667837134221
375 0.931667837134221
376 0.9316686493047249
377 0.9316691547164483
378 0.9316691547164483
379 0.9316691547164483
380 0.9316691547164483
381 0.9316691547164483
382 0.9316691547164483
383 0.9316691547164483
384 0.9316691547164483
385 0.9316691547164483
386 0.9316695564752753
387 0.9316695564752753
388 0.9316695564752753
389 0.931669854122911
390 0.931669854122911
391 0.931669854122911
392 0.9316703235117679
393 0.9316703235117679
394 0.9316703235117679
395 0.9316703923290683
396 0.9316703923290683
397 0.9316703923290683
398 0.9316703923290683
399 0.9316703923290683
400 0.9316703923290683
401 0.9316703923290683
402 0.9316703923290683
403 0.9316703923290683
404 0.9316703923290683
405 0.9316703923290683
406 0.9316703923290683
407 0.9316717705440809
408 0.9316717705440809
409 0.9316717705440809
410 0.9316717705440809
411 0.9316717705440809
412 0.9316717705440809
413 0.9316717705440809
414 0.9316717705440809
415 0.9316717785662563
416 0.9316718736707147
417 0.9316721213069914
418 0.9316721213069914
419 0.9316721213069914
420 0.9316721213069914
421 0.9316721213069914
422 0.9316721213069914
423 0.9316721557372856
424 0.9316721557372856
425 0.9316721557372856
426 0.9316721557372856
427 0.9316724394507827
428 0.9316728064902778
429 0.9316728064902778
430 0.9316728064902778
431 0.9316733871331455
432 0.9316733871331455
433 0.9316733871331455
434 0.9316733871331455
435 0.9316733871331455
436 0.9316733871331455
437 0.9316733871331455
438 0.9316733871331455
439 0.9316735395952251
440 0.9316735395952251
441 0.9316737701949913
442 0.9316737701949913
443 0.9316737701949913
444 0.9316737701949913
445 0.9316737701949913
446 0.9316737701949913
447 0.9316738105464556
448 0.9316738105464556
449 0.9316739697353731
450 0.9316739697353731
451 0.9316740244618648
452 0.9316740244618648
453 0.9316740244618648
454 0.9316741616991535
455 0.9316744803690961
456 0.9316744803690961
457 0.9316748049181899
458 0.9316748049181899
459 0.9316748049181899
460 0.9316748049181899
461 0.9316748049181899
462 0.9316748441355327
463 0.9316748441355327
464 0.9316748441355327
465 0.9316748441355327
466 0.9316754520827033
467 0.9316754520827033
468 0.9316754520827033
469 0.9316754520827033
470 0.9316755888523954
471 0.9316755888523954
472 0.9316755888523954
473 0.9316755888523954
474 0.9316755888523954
475 0.931675639749667
476 0.931675639749667
477 0.931675639749667
478 0.931675639749667
479 0.931675639749667
480 0.9316757099620002
481 0.9316757221315981
482 0.9316757875637168
483 0.9316758567569667
484 0.9316761317754086
485 0.9316764354893564
486 0.9316764354893564
487 0.9316764354893564
488 0.9316764354893564
489 0.9316764354893564
490 0.9316764354893564
491 0.9316769648250456
492 0.9316769648250456
493 0.9316769648250456
494 0.9316769648250456
495 0.9316769648250456
496 0.9316769648250456
497 0.9316769648250456
498 0.9316769648250456
499 0.9316769648250456
500 0.9316769648250456
501 0.9316769648250456
502 0.9316769648250456
503 0.9316769648250456
504 0.9316769648250456
505 0.9316769648250456
506 0.9316769648250456
507 0.9316769648250456
508 0.9316769648250456
509 0.9316769648250456
510 0.9316769648250456
511 0.931677132463959
