000 0.09494736276848613
001 0.13015048913436877
002 0.31287643714243213
003 0.31287643714243213
004 0.33996286712994805
005 0.39709957755596
006 0.5190524471696855
007 0.5861432999703763
008 0.650402822070256
009 0.650402822070256
010 0.7126932155784413
011 0.7514546836244231
012 0.7839854211426932
013 0.7925088282325895
014 0.7980405323767522
015 0.8165598512054955
016 0.824807447910214
017 0.8343804605750988
018 0.8363558933862992
019 0.8461611700932438
020 0.8461611700932438
021 0.8461611700932438
022 0.8621109239359429
023 0.8657290604896277
024 0.8684654145526359
025 0.8697960694336284
026 0.8703689797134017
027 0.8703689797134017
028 0.8709720761025375
029 0.8715769491958244
030 0.8715769491958244
031 0.8715769491958244
032 0.8993602928447343
033 0.8993602928447343
034 0.8993602928447343
035 0.8993602928447343
036 0.9005548142309184
037 0.9008335966394059
038 0.9009286898939773
039 0.9012087572100521
040 0.9013689255986653
041 0.9017867375181975
042 0.9020007953721183
043 0.9020007953721183
044 0.9020007953721183
045 0.9020007953721183
046 0.9038326799798887
047 0.9044114089877766
048 0.9055968567622801
049 0.9068429749835971
050 0.908120222559124
051 0.9089494026901699
052 0.9090907574744461
053 0.9098364730318867
054 0.9098364730318867
055 0.9100552442961432
056 0.9100552442961432
057 0.9104720496962202
058 0.9107184361393085
059 0.9107184361393085
060 0.9107184361393085
061 0.9107867787378124
062 0.9111126378543639
063 0.9132517347572389
064 0.9138609472590559
065 0.9142340845283453
066 0.9147159549518018
067 0.9158077090307039
068 0.9165000314209814
069 0.9165000314209814
070 0.9166684783974868
071 0.9169023982385283
072 0.9169237838923208
073 0.9169389038144422
074 0.9169851578526846
075 0.9169851578526846
076 0.9169851578526846
077 0.9183664298523693
078 0.9188482607240437
079 0.9194925222649075
080 0.9197908674671463
081 0.9198712251646839
082 0.9202065449873854
083 0.920271806415696
084 0.9205103629379566
085 0.9205940681878421
086 0.9209255059128908
087 0.9209578162034998
088 0.9209578162034998
089 0.9217552278213559
090 0.9221072934951108
091 0.9223075870832514
092 0.9228231397272518
093 0.9231066223140713
094 0.9233797987812167
095 0.9234466463827677
096 0.9234661084353757
097 0.9234661084353757
098 0.9234959919221193
099 0.9234959919221193
100 0.9235135842452241
101 0.9238407873684923
102 0.9240337223893758
103 0.9243453698454402
104 0.9247073214940448
105 0.9249001264181679
106 0.9252816425368163
107 0.9257924803027905
108 0.926027656828537
109 0.9264861768645742
110 0.9267981870185166
111 0.9269603867814067
112 0.9272107981790767
113 0.9274753541092149
114 0.9277304658016897
115 0.9278866477583387
116 0.9278866477583387
117 0.9280214850773533
118 0.9280507588499948
119 0.928263295373121
120 0.9284530158296503
121 0.9285849268290368
122 0.928786460272757
123 0.9288248863521581
124 0.9289753372668407
125 0.9290723906050831
126 0.9292258393799727
127 0.9292929519385998
128 0.9293289671128673
129 0.9293983563037191
130 0.9293983563037191
131 0.9294934121211963
132 0.9295187395475303
133 0.9295682144671135
134 0.9296234788582999
135 0.9296234788582999
136 0.9296580551782494
137 0.9296724456469811
138 0.9297022594357609
139 0.9297176014151786
140 0.9297227339525267
141 0.9297320072070517
142 0.9297387507789822
143 0.9297498338280872
144 0.9297498338280872
145 0.9297500590733258
146 0.9297723652952474
147 0.9297723652952474
148 0.9297723652952474
149 0.9297723652952474
150 0.9297757501611539
151 0.9297759357556947
152 0.9297764384896522
153 0.9297773067910446
154 0.9297773067910446
155 0.9297779991265896
156 0.9297863494989477
157 0.9297863494989477
158 0.9297863494989477
159 0.9297895749945486
160 0.9297895749945486
161 0.9297895749945486
162 0.9297895749945486
163 0.9297900894723665
164 0.9297900894723665
165 0.9297900894723665
166 0.9297900894723665
167 0.9297922315151169
168 0.9297922315151169
169 0.9297924620304113
170 0.9297924620304113
171 0.9297924620304113
172 0.9297924620304113
173 0.9297924620304113
174 0.9297951449957992
175 0.9297951449957992
176 0.9297951449957992
177 0.9297964617073897
178 0.9297964617073897
179 0.9297964617073897
180 0.9297964617073897
181 0.9297964617073897
182 0.9298001786717519
183 0.9298001786717519
184 0.9298001786717519
185 0.9298001786717519
186 0.9298001786717519
187 0.9298001786717519
188 0.9298011248427462
189 0.9298011248427462
190 0.9298011248427462
191 0.9298015424782013
192 0.9298017632929676
193 0.9298017632929676
194 0.9298033847092907
195 0.9298033847092907
196 0.929804415301953
197 0.9298046336498297
198 0.9298046336498297
199 0.9298056843432251
200 0.9298056843432251
201 0.9298056843432251
202 0.9298066753007717
203 0.9298066753007717
204 0.9298066753007717
205 0.9298066753007717
206 0.929807036433108
207 0.9298078416502594
208 0.9298078416502594
209 0.9298078416502594
210 0.9298078416502594
211 0.9298078416502594
212 0.9298078416502594
213 0.9298078416502594
214 0.9298078416502594
215 0.9298079036003566
216 0.9298081880311698
217 0.9298087073419866
218 0.9298087463946372
219 0.9298088308564298
220 0.9298088308564298
221 0.9298097735351735
222 0.9298098205414698
223 0.9298098205414698
224 0.9298098205414698
225 0.9298101657602228
226 0.9298101657602228
227 0.9298101657602228
228 0.9298108917874539
229 0.9298108917874539
230 0.9298108917874539
231 0.9298108917874539
232 0.9298108917874539
233 0.9298108917874539
234 0.9298108917874539
235 0.9298108917874539
236 0.9298108917874539
237 0.9298108917874539
238 0.9298108917874539
239 0.9298108917874539
240 0.9298115394443797
241 0.9298121497022152
242 0.9298121497022152
243 0.9298121497022152
244 0.9298121497022152
245 0.9298121497022152
246 0.9298121497022152
247 0.9298121497022152
248 0.9298121497022152
249 0.9298121497022152
250 0.9298121497022152
251 0.9298121497022152
252 0.9298121497022152
253 0.9298121497022152
254 0.9298121497022152
255 0.9298121497022152
256 0.9298121497022152
257 0.9298123270780712
258 0.9298123270780712
259 0.9298123270780712
260 0.9298123270780712
261 0.9298123270780712
262 0.9298123270780712
263 0.9298123270780712
264 0.9298123270780712
265 0.9298123270780712
266 0.9298123270780712
267 0.9298123270780712
268 0.9298123270780712
269 0.9298123270780712
270 0.9298125450466836
271 0.9298126975619923
272 0.9298126975619923
273 0.9298127515567133
274 0.9298127515567133
275 0.9298127515567133
276 0.9298127515567133
277 0.9298127515567133
278 0.9298129888004735
279 0.9298129888004735
280 0.9298129888004735
281 0.9298129888004735
282 0.9298129888004735
283 0.9298129888004735
284 0.9298130685343422
285 0.9298130685343422
286 0.9298131152586547
287 0.9298131152586547
288 0.9298131152586547
289 0.9298135222312046
290 0.9298135222312046
291 0.9298135222312046
292 0.9298135222312046
293 0.9298135222312046
294 0.9298135242643825
295 0.9298135242643825
296 0.9298135242643825
297 0.9298135242643825
298 0.9298137258895081
299 0.9298137258895081
300 0.9298138534493294
301 0.9298138534493294
302 0.9298138534493294
303 0.9298138534493294
304 0.9298138534493294
305 0.9298138534493294
306 0.9298139354951193
307 0.9298139637255989
308 0.9298139637255989
309 0.9298139637255989
310 0.9298139637255989
311 0.9298139637255989
312 0.9298139637255989
313 0.9298142509541125
314 0.9298142509541125
315 0.9298142509541125
316 0.9298143829492768
317 0.9298143829492768
318 0.9298145563010397
319 0.9298145563010397
320 0.9298145563010397
321 0.9298145563010397
322 0.9298145563010397
323 0.9298145563010397
324 0.9298145563010397
325 0.9298147732603586
326 0.9298147732603586
327 0.9298147732603586
328 0.9298147732603586
329 0.9298147732603586
330 0.9298147732603586
331 0.9298147732603586
332 0.9298147732603586
333 0.9298150563840203
334 0.9298150563840203
335 0.9298154430701017
336 0.9298154430701017
337 0.9298154430701017
338 0.9298154430701017
339 0.9298155270436105
340 0.9298155270436105
341 0.9298155293557487
342 0.9298155293557487
343 0.9298155656506344
344 0.9298155656506344
345 0.9298155656506344
346 0.9298155656506344
347 0.9298155656506344
348 0.9298156356038527
349 0.9298156356038527
350 0.9298156356038527
351 0.9298156356038527
352 0.9298156356038527
353 0.929815825714905
354 0.929815825714905
355 0.929815825714905
356 0.929815825714905
357 0.929815825714905
358 0.929815825714905
359 0.929815825714905
360 0.929815825714905
361 0.929815825714905
362 0.929815825714905
363 0.9298163039019299
364 0.9298163039019299
365 0.9298163039019299
366 0.9298163039019299
367 0.9298163039019299
368 0.9298163039019299
369 0.9298163039019299
370 0.9298163039019299
371 0.9298163039019299
372 0.9298163039019299
373 0.9298163080337736
374 0.9298165325179607
375 0.9298165325179607
376 0.9298165325179607
377 0.929817027718025
378 0.929817027718025
379 0.929817027718025
380 0.929817027718025
381 0.929817027718025
382 0.929817027718025
383 0.929817027718025
384 0.9298171342909135
385 0.9298171342909135
386 0.9298171342909135
387 0.9298171342909135
388 0.9298171342909135
389 0.9298171342909135
390 0.9298171342909135
391 0.9298171342909135
392 0.9298171342909135
393 0.9298171342909135
394 0.9298171342909135
395 0.9298171342909135
396 0.9298171342909135
397 0.9298171342909135
398 0.9298171342909135
399 0.9298171342909135
400 0.9298171342909135
401 0.9298171342909135
402 0.9298171342909135
403 0.9298171342909135
404 0.9298171342909135
