000 0.5095622368667182
001 0.6593038985805045
002 0.6593038985805045
003 0.7085215265720844
004 0.7223186059803784
005 0.7786391528611429
006 0.785897516533525
007 0.8195976774638215
008 0.8195976774638215
009 0.8243681301300665
010 0.8248839870322136
011 0.8250125580544935
012 0.8250431466589888
013 0.8250431466589888
014 0.8251702047138625
015 0.8252130898740565
016 0.8267128826374708
017 0.8267128826374708
018 0.8268497285584766
019 0.8268497285584766
020 0.8268497285584766
021 0.8312628560664039
022 0.8351543146894362
023 0.8361840754048677
024 0.8374344305957085
025 0.8374344305957085
026 0.8384329241660292
027 0.839317896776683
028 0.839317896776683
029 0.839317896776683
030 0.839317896776683
031 0.839317896776683
032 0.839317896776683
033 0.839317896776683
034 0.839317896776683
035 0.8417934514465969
036 0.8417934514465969
037 0.8417934514465969
038 0.8417934514465969
039 0.8417934514465969
040 0.8417934514465969
041 0.8417934514465969
042 0.8423182508963469
043 0.8423182508963469
044 0.8423182508963469
045 0.8473375555818854
046 0.8473375555818854
047 0.849508485481767
048 0.8495752721605845
049 0.8495752721605845
050 0.8504002996206299
051 0.8507372164235842
052 0.8510582263768844
053 0.8511259754286067
054 0.8516132675429954
055 0.8517400433322161
056 0.8517449857815467
057 0.8517449857815467
058 0.8517449857815467
059 0.8517449857815467
060 0.8561440706291231
061 0.8565464792080156
062 0.8566430074163021
063 0.8566570696084709
064 0.8567770291361793
065 0.8567770291361793
066 0.8567770291361793
067 0.8567770291361793
068 0.8567770291361793
069 0.8567770291361793
070 0.8609842446185954
071 0.8610161816898714
072 0.8610161816898714
073 0.8610275064311677
074 0.8610275064311677
075 0.8610309188077796
076 0.8610330238114642
077 0.8610330238114642
078 0.8610330238114642
079 0.8610330238114642
080 0.8639740800466329
081 0.8643665896302509
082 0.8660714538188771
083 0.8668252514289043
084 0.8669554111395845
085 0.8671331235895356
086 0.8673952604442012
087 0.8673952604442012
088 0.8673990499913512
089 0.8674007055320729
090 0.8674007055320729
091 0.8688988427703248
092 0.8688988427703248
093 0.8688988427703248
094 0.8689084852419456
095 0.8695386539694319
096 0.8698307798196627
097 0.870033037623572
098 0.8703296544218395
099 0.8705344132428243
100 0.870557431587218
101 0.870832485282748
102 0.8710824059326485
103 0.8712496521186361
104 0.8714178752866948
105 0.8715387822325461
106 0.8717919217737716
107 0.8720652145401054
108 0.8721228598222976
109 0.8722471803641962
110 0.8723539629729825
111 0.8725051171950401
112 0.8726573138580728
113 0.8726689677434745
114 0.8726857745896087
115 0.8727874895592841
116 0.8728557251323211
117 0.8728557251323211
118 0.8728557251323211
119 0.8728938371211942
120 0.8729011187101767
121 0.872917064996786
122 0.8729195775029237
123 0.872925722768223
124 0.872925722768223
125 0.8729432043993155
126 0.8729432043993155
127 0.8729432043993155
128 0.8729432043993155
129 0.8729465698595685
130 0.8729474213069477
131 0.8729474213069477
132 0.8729631916534205
133 0.8729631916534205
134 0.8729631916534205
135 0.8729631916534205
136 0.8729631916534205
137 0.8729631916534205
138 0.8729631916534205
139 0.8729631916534205
140 0.8729631916534205
141 0.872965022648878
142 0.8729653218347025
143 0.8729653218347025
144 0.8729663209382091
145 0.8729663209382091
146 0.8729663209382091
147 0.8729672872220183
148 0.8729682532237233
149 0.8729682532237233
150 0.8729682532237233
151 0.8729682532237233
152 0.8729682532237233
153 0.8729682532237233
154 0.8729700912805707
155 0.8729700912805707
156 0.8729700912805707
157 0.8729700912805707
158 0.872970190811845
159 0.872970190811845
160 0.872970190811845
161 0.872970190811845
162 0.872970190811845
163 0.872970190811845
164 0.872970190811845
165 0.8729711206878592
166 0.8729711206878592
167 0.8729711206878592
168 0.8729712964080367
169 0.87297200455923
170 0.87297200455923
171 0.87297200455923
172 0.87297200455923
173 0.87297200455923
174 0.87297200455923
175 0.87297200455923
176 0.87297200455923
177 0.87297200455923
178 0.87297200455923
179 0.87297200455923
180 0.87297200455923
181 0.87297200455923
182 0.87297200455923
183 0.87297200455923
184 0.87297200455923
185 0.87297200455923
186 0.87297200455923
187 0.8729720401471532
188 0.8729720401471532
189 0.8729720401471532
190 0.8729720401471532
191 0.8729720401471532
192 0.8729720401471532
193 0.8729720401471532
194 0.8729722628029714
195 0.8729722628029714
196 0.8729727232768144
197 0.8729727232768144
198 0.8729727232768144
199 0.8729727232768144
200 0.8729727232768144
201 0.8729727232768144
202 0.8729727232768144
203 0.8729727232768144
204 0.8729727232768144
205 0.8729727232768144
206 0.8729727232768144
207 0.8729727232768144
208 0.8729727232768144
209 0.8729727232768144
210 0.8729727232768144
211 0.8729727232768144
212 0.8729727232768144
213 0.8729727232768144
214 0.8729727232768144
215 0.8729727232768144
216 0.8729727232768144
