000 0.17083267968202645
001 0.22052458944128028
002 0.27592587547312586
003 0.32405107496296465
004 0.3444343963829344
005 0.47857648143141895
006 0.6622306040322332
007 0.6622306040322332
008 0.6764774227227359
009 0.7022155862210232
010 0.7405407132649207
011 0.7622930391276627
012 0.7932996423925904
013 0.8066110880813517
014 0.8175836294384193
015 0.8360394924378175
016 0.8509802750758708
017 0.8514951751865529
018 0.8557033285578194
019 0.857952747631219
020 0.8590382349476828
021 0.8591697049665487
022 0.8591697049665487
023 0.85949791950908
024 0.85949791950908
025 0.8595017725153526
026 0.8598081263228563
027 0.8605528968029639
028 0.8607317867511168
029 0.8608125558604606
030 0.8608125558604606
031 0.8757175554714325
032 0.8762930753137815
033 0.8773864377725306
034 0.8777686617355518
035 0.8778180832025083
036 0.8781794745723416
037 0.8781794745723416
038 0.8785593904743639
039 0.878658508549929
040 0.8793116105812075
041 0.8793990740701454
042 0.8799667996867101
043 0.8799667996867101
044 0.8827554509227686
045 0.8827554509227686
046 0.8827554509227686
047 0.8827554509227686
048 0.8827554509227686
049 0.8827554509227686
050 0.8827554509227686
051 0.8827554509227686
052 0.8828856894222589
053 0.8829223906225755
054 0.8861798893376472
055 0.8866355448117007
056 0.8874237470062246
057 0.8876493285520759
058 0.8880368946158864
059 0.8887739056381643
060 0.8890998343097963
061 0.8891265256621398
062 0.8893085741964151
063 0.8896697393544476
064 0.8897275744436913
065 0.8897822921244236
066 0.8899793848349634
067 0.8899793848349634
068 0.8900449319213642
069 0.890457310915412
070 0.8909779358023789
071 0.8914224250680203
072 0.8920225933655441
073 0.8924519740627235
074 0.8929540385830644
075 0.8931832567346456
076 0.893709456863805
077 0.8941749099034221
078 0.8942163857841468
079 0.8942718322867459
080 0.8943638564432995
081 0.8944946396213751
082 0.8945043360093662
083 0.8945289541716037
084 0.8945486034648668
085 0.8945486034648668
086 0.8948563320606215
087 0.8953018737859259
088 0.8960261984424548
089 0.8960331804184034
090 0.8965476161870982
091 0.8970489624471009
092 0.8973695290613356
093 0.8982278668606904
094 0.8982278668606904
095 0.8983129542263542
096 0.8984717493561696
097 0.8986927217721717
098 0.898807233365759
099 0.8988389009467603
100 0.8989361396897069
101 0.8989433577173721
102 0.8989433577173721
103 0.8992523987362381
104 0.8995500514068654
105 0.8998724674136528
106 0.9002479275808138
107 0.9005808979822187
108 0.900967338034998
109 0.9015383865267433
110 0.9018981238026686
111 0.9019608046879424
112 0.9023232577653932
113 0.9024856616892709
114 0.9027084398794725
115 0.9027548535706824
116 0.9029101991950502
117 0.9029344539373696
118 0.903008718304268
119 0.903261769448745
120 0.9035647260124685
121 0.9037398705389655
122 0.9040962450506562
123 0.9043250874041115
124 0.9046222333571561
125 0.9047220069001264
126 0.9051594476329184
127 0.9053719405165565
128 0.9056682248048212
129 0.9058928573299561
130 0.9060512719703757
131 0.9062060241681317
132 0.9063547786431505
133 0.9063648378755438
134 0.906417931213137
135 0.9064599940341301
136 0.906633859435863
137 0.9066761559103964
138 0.9068987385803574
139 0.9070235058184789
140 0.9071581931331625
141 0.9073242314694558
142 0.9074818444832901
143 0.9076599286262467
144 0.9081327584059927
145 0.9081327584059927
146 0.9084414196856767
147 0.9085679762796336
148 0.9086540623235478
149 0.9089145022806684
150 0.9089993773458921
151 0.9091476451301308
152 0.9092421328097728
153 0.9093243659214877
154 0.9094259911562347
155 0.9095872661331131
156 0.909792487200682
157 0.9100193456823681
158 0.9104592198308402
159 0.9104592198308402
160 0.9108805520283647
161 0.9108805520283647
162 0.9109070942623735
163 0.9111880093921476
164 0.9112092657325699
165 0.9113314552490167
166 0.9113678700123706
167 0.9114098058424881
168 0.9114954164805872
169 0.9115775286234121
170 0.9117353519343258
171 0.9117353519343258
172 0.9117718496628894
173 0.9118110026200159
174 0.9118678862032447
175 0.9119406939959489
176 0.912008189872302
177 0.9120809686089919
178 0.9121378921563952
179 0.9121378921563952
180 0.912192586068854
181 0.9122212628803291
182 0.9122366941703084
183 0.9122894479259852
184 0.9123151471411863
185 0.9123563275577383
186 0.9123608684769013
187 0.9124143056162843
188 0.9124542117307015
189 0.912475334526559
190 0.9124939744888714
191 0.9125211767124853
192 0.9125313556307645
193 0.9125598350191252
194 0.9125700661516758
195 0.9126003790701018
196 0.9126209703542957
197 0.9126526970692013
198 0.9126526970692013
199 0.9126661048927371
200 0.9126867413927077
201 0.9127029101714561
202 0.912725823865474
203 0.9127297944889567
204 0.9127403381725391
205 0.9127602510758008
206 0.9127906651974312
207 0.9127906651974312
208 0.9127906651974312
209 0.9127937259490463
210 0.9128093801886863
211 0.9128398373667609
212 0.912841706784537
213 0.9128605624963088
214 0.9128793632514155
215 0.9128793632514155
216 0.9129095592870399
217 0.9129095592870399
218 0.9129095592870399
219 0.9129372074701452
220 0.912960758250549
221 0.912960758250549
222 0.912960758250549
223 0.9129623921216586
224 0.9129623921216586
225 0.9129761493333272
226 0.9129806005168765
227 0.9129806005168765
228 0.9129903811680641
229 0.9129906946982566
230 0.9129962442124872
231 0.9130049450184775
232 0.9130133610096453
233 0.9130200854002206
234 0.9130200854002206
235 0.9130226079463925
236 0.9130360360404517
237 0.913050681496034
238 0.9130529210184942
239 0.9130567787772548
240 0.913056854803569
241 0.9130570912170646
242 0.913065531582106
243 0.913065531582106
244 0.913065531582106
245 0.9130931399030379
246 0.9130931399030379
247 0.9130931399030379
248 0.9130931399030379
249 0.9130931399030379
250 0.9130931399030379
251 0.913100764552527
252 0.913100764552527
253 0.9131078368686669
254 0.9131125648005468
255 0.9131160620406024
256 0.9131160620406024
257 0.9131190292620569
258 0.9131267858537411
259 0.9131267858537411
260 0.9131267858537411
261 0.913127092182363
262 0.9131281094755043
263 0.9131317981168099
264 0.9131317981168099
265 0.9131406100494048
266 0.9131522559356556
267 0.9131522559356556
268 0.9131522559356556
269 0.9131522559356556
270 0.9131544132809519
271 0.9131544132809519
272 0.9131544132809519
273 0.9131563842514305
274 0.9131599211309332
275 0.9131607640259298
276 0.913163196482253
277 0.9131636687134086
278 0.9131684602653646
279 0.9131684602653646
280 0.9131720621399175
281 0.9131726871104483
282 0.9131726871104483
283 0.9131736104829086
284 0.9131736104829086
285 0.9131736104829086
286 0.9131771569010415
287 0.9131830516745713
288 0.9131830516745713
289 0.9131830516745713
290 0.9131830516745713
291 0.9131830516745713
292 0.9131845579584288
293 0.9131879543514035
294 0.9131879543514035
295 0.9131880628640667
296 0.9131880628640667
297 0.9131893212150887
298 0.9131933231313959
299 0.9131933231313959
300 0.9131933231313959
301 0.9131933231313959
302 0.9131936982410233
303 0.913198103003014
304 0.9131983097831183
305 0.9131983097831183
306 0.9131983097831183
307 0.9131983097831183
308 0.9131991464027156
309 0.913199219776131
310 0.9132010229069168
311 0.9132018613001892
312 0.9132039111130293
313 0.9132039111130293
314 0.9132039111130293
315 0.9132047819256455
316 0.9132047819256455
317 0.9132056070329694
318 0.9132080718631909
319 0.9132107639099661
320 0.9132116266738602
321 0.9132116266738602
322 0.9132116266738602
323 0.9132136064834685
324 0.9132136064834685
325 0.9132136064834685
326 0.9132136064834685
327 0.9132141529565817
328 0.9132162696485828
329 0.9132163851718157
330 0.9132163851718157
331 0.9132163851718157
332 0.9132163851718157
333 0.9132183204221053
334 0.913219158346597
335 0.913219997650308
336 0.913219997650308
337 0.9132208959605295
338 0.9132208959605295
339 0.9132208959605295
340 0.9132214879890369
341 0.9132219944401709
342 0.9132237729119783
343 0.9132237729119783
344 0.9132252996000962
345 0.9132252996000962
346 0.9132252996000962
347 0.9132252996000962
348 0.9132252996000962
349 0.9132252996000962
350 0.9132252996000962
351 0.9132258186509045
352 0.9132258186509045
353 0.9132265855381387
354 0.9132274995909063
355 0.9132274995909063
356 0.9132286975072118
357 0.9132286975072118
358 0.9132286975072118
359 0.9132286975072118
360 0.9132309224459269
361 0.9132309224459269
362 0.9132309224459269
363 0.9132314510282488
364 0.9132314603576299
365 0.9132324192047063
366 0.9132324192047063
367 0.9132324192047063
368 0.9132324192047063
369 0.9132331041748715
370 0.9132332778396971
371 0.9132332778396971
372 0.9132332778396971
373 0.9132340067108364
374 0.9132340067108364
375 0.9132346893262873
376 0.9132347398916736
377 0.9132363507689362
378 0.9132363507689362
379 0.9132371244670315
380 0.9132371244670315
381 0.9132382579203859
382 0.9132382579203859
383 0.9132382579203859
384 0.913239459053315
385 0.913239459053315
386 0.913239459053315
387 0.913239459053315
388 0.913239459053315
389 0.9132396640734616
390 0.9132396640734616
391 0.9132396739236271
392 0.9132396739236271
393 0.91323986301199
394 0.91323986301199
395 0.91323986301199
396 0.9132401225160182
397 0.9132407899726687
398 0.9132407899726687
399 0.9132408181783147
400 0.9132414739843444
401 0.9132414739843444
402 0.9132418306395429
403 0.9132418306395429
404 0.9132418306395429
405 0.9132418306395429
406 0.9132418306395429
407 0.9132418306395429
408 0.9132418306395429
409 0.9132418306395429
410 0.9132418306395429
411 0.9132419334303732
412 0.9132424145195176
413 0.9132426869419045
414 0.9132429553473356
415 0.913243973108465
416 0.913243973108465
417 0.913243973108465
418 0.913243973108465
419 0.913243973108465
420 0.913243973108465
421 0.913243973108465
422 0.913243973108465
423 0.913243973108465
424 0.913243973108465
425 0.913243973108465
426 0.9132442837301408
427 0.9132442837301408
428 0.9132442837301408
429 0.9132448146026414
430 0.9132448146026414
431 0.9132451699875529
432 0.9132451699875529
433 0.9132451699875529
434 0.9132451699875529
435 0.9132451699875529
436 0.9132469644751995
437 0.9132469644751995
438 0.9132469644751995
439 0.9132469644751995
440 0.9132469644751995
441 0.9132469644751995
442 0.9132469644751995
443 0.913247270597595
444 0.913247270597595
445 0.913247270597595
446 0.913247270597595
447 0.913247270597595
448 0.913247270597595
449 0.913247270597595
450 0.9132474791218114
451 0.9132474791218114
452 0.9132474791218114
453 0.9132474791218114
454 0.9132474791218114
455 0.9132474791218114
456 0.9132474791218114
457 0.9132474791218114
458 0.9132474791218114
459 0.9132474791218114
460 0.9132479358658453
461 0.9132480983113784
462 0.9132480983113784
463 0.9132485572972302
464 0.9132486467335398
465 0.9132486467335398
466 0.9132486467335398
467 0.9132486467335398
468 0.9132486467335398
469 0.9132486467335398
470 0.9132486467335398
471 0.9132486467335398
472 0.9132486467335398
473 0.9132486467335398
474 0.9132491487329114
475 0.9132491487329114
476 0.9132491487329114
477 0.9132491487329114
478 0.9132493623759911
479 0.9132493623759911
480 0.9132493623759911
481 0.9132493623759911
482 0.9132493623759911
483 0.9132495215973601
484 0.913249539103884
485 0.913249539103884
486 0.913249539103884
487 0.913249539103884
488 0.9132495633890042
489 0.9132495633890042
490 0.9132495633890042
491 0.9132501283538841
492 0.9132504241074861
493 0.9132504241074861
494 0.9132504241074861
495 0.9132504241074861
496 0.9132509513435039
497 0.9132509513435039
498 0.9132509513435039
499 0.9132509513435039
500 0.9132509513435039
501 0.9132509513435039
502 0.9132509513435039
503 0.9132509513435039
504 0.9132509513435039
505 0.9132509513435039
506 0.9132509747154582
507 0.9132511914201429
508 0.9132511914201429
509 0.9132511914201429
510 0.9132511914201429
511 0.9132511914201429
512 0.9132511914201429
513 0.9132511914201429
514 0.9132514481526488
515 0.9132514481526488
516 0.9132514481526488
517 0.9132514481526488
518 0.9132514481526488
519 0.9132514481526488
520 0.9132514481526488
521 0.9132514481526488
522 0.9132514481526488
523 0.9132514481526488
524 0.9132514481526488
525 0.9132519586936564
526 0.9132519586936564
527 0.9132519586936564
528 0.9132519586936564
529 0.9132519586936564
530 0.9132519586936564
531 0.9132519586936564
532 0.9132525272725084
533 0.9132525272725084
534 0.9132525272725084
535 0.9132525810803874
536 0.9132525810803874
537 0.9132525810803874
538 0.9132525810803874
539 0.9132525810803874
540 0.9132525810803874
541 0.9132525810803874
542 0.9132525810803874
543 0.9132525810803874
544 0.9132525810803874
545 0.9132525810803874
546 0.9132525810803874
547 0.9132525810803874
548 0.9132527623412675
549 0.9132527623412675
550 0.9132527623412675
551 0.9132527623412675
552 0.9132527623412675
553 0.9132527623412675
554 0.9132527623412675
555 0.9132527623412675
556 0.9132527623412675
557 0.9132527623412675
558 0.9132528775304115
559 0.9132531307170146
560 0.9132531307170146
561 0.9132533726127481
562 0.9132533726127481
563 0.9132533726127481
564 0.9132533726127481
565 0.9132533726127481
566 0.9132533726127481
567 0.9132533726127481
568 0.9132534805809619
569 0.9132534805809619
570 0.9132534805809619
571 0.9132534805809619
572 0.9132534805809619
573 0.9132534805809619
574 0.9132534805809619
575 0.9132534805809619
576 0.9132534805809619
577 0.9132534805809619
578 0.9132537919111231
579 0.9132537919111231
580 0.9132537919111231
581 0.9132537919111231
582 0.9132537919111231
583 0.9132537919111231
584 0.9132537919111231
585 0.9132537919111231
586 0.9132537919111231
587 0.9132537919111231
588 0.9132540344750907
589 0.9132540344750907
590 0.9132540344750907
591 0.9132540344750907
592 0.9132540344750907
593 0.9132540344750907
594 0.9132540344750907
595 0.9132540344750907
596 0.9132540344750907
597 0.9132540344750907
598 0.9132540344750907
599 0.9132540344750907
600 0.9132540344750907
601 0.9132540344750907
602 0.9132540344750907
603 0.9132540344750907
604 0.9132540344750907
605 0.9132540344750907
606 0.9132540344750907
607 0.9132540344750907
608 0.9132540344750907
