000 0.10107494560016386
001 0.2214183233505035
002 0.2214183233505035
003 0.3227043775005068
004 0.3895006642420067
005 0.47939006003624834
006 0.48533254688124966
007 0.5540438397830387
008 0.6458500706521989
009 0.6544057842086245
010 0.7222273943198628
011 0.7763273959618965
012 0.7763273959618965
013 0.7834892500066052
014 0.7925814565844848
015 0.8185474291313903
016 0.8201274699161485
017 0.8201274699161485
018 0.841380860456411
019 0.8534440735694707
020 0.8534440735694707
021 0.8534440735694707
022 0.8550867852485878
023 0.8569792147318547
024 0.8607265639797377
025 0.8607352773582732
026 0.8611475782035012
027 0.8611475782035012
028 0.8964539556196146
029 0.8964693394812383
030 0.8964693394812383
031 0.8964693394812383
032 0.8967467675799842
033 0.8969763889068263
034 0.8970861192364658
035 0.8972324086063396
036 0.8976056200240511
037 0.8976056200240511
038 0.8989315164646464
039 0.8992803332019651
040 0.9005993415593321
041 0.9019212647161098
042 0.9028967660317154
043 0.9037307677375722
044 0.9039007103731906
045 0.9042932278543299
046 0.9043564642068828
047 0.9043917060753185
048 0.904473390337203
049 0.904503488272142
050 0.9045164060695653
051 0.9045214879537579
052 0.9045915397144351
053 0.9057658651312818
054 0.9061851872662382
055 0.9073094203953247
056 0.907591900012974
057 0.9079489727850713
058 0.9082626854605576
059 0.9088386166347846
060 0.9089008731369543
061 0.9090075582230205
062 0.9091310638634353
063 0.9092752669294953
064 0.90942195123756
065 0.909440864924199
066 0.9094435567070944
067 0.9098797061285014
068 0.9099522917315126
069 0.9102959073272933
070 0.9107745653801037
071 0.9109019620968769
072 0.9111456432478139
073 0.9114015100646293
074 0.9115285051688203
075 0.9118885638577321
076 0.9119734066057633
077 0.9121889452352683
078 0.9123483162441435
079 0.9124559492731481
080 0.912824492838929
081 0.9135029451139477
082 0.9138735592823962
083 0.9141431186119441
084 0.9147110752493639
085 0.9152999573310486
086 0.9159713014975173
087 0.9161127690512042
088 0.9166006240521469
089 0.916732418879179
090 0.9170782370476145
091 0.9173892347279041
092 0.9176124371333673
093 0.9176124371333673
094 0.9176277224465796
095 0.9176403251280608
096 0.9176607208399745
097 0.9176923230844181
098 0.9183948996270765
099 0.9189170026770713
100 0.9199846092659509
101 0.9208660205772261
102 0.9218087293075145
103 0.9223443734822926
104 0.923231641145292
105 0.9233215942980562
106 0.923791264393613
107 0.9243634197428847
108 0.9244668911576904
109 0.9245581405385478
110 0.9246538882343589
111 0.9246898330996973
112 0.9247285405893013
113 0.9247584241386236
114 0.9247719758732603
115 0.9248889423681419
116 0.9254836981451642
117 0.9259942911032597
118 0.9265572427816036
119 0.9273549467304405
120 0.9279256052136106
121 0.9281878201639274
122 0.9283012975556371
123 0.9285398255391815
124 0.9286673562492374
125 0.9287536105273068
126 0.9288263813653187
127 0.9289440542580985
128 0.9289790009223899
129 0.9290140688862107
130 0.9292417877799258
131 0.9294443181123334
132 0.9298469900565395
133 0.9298469900565395
134 0.9299372570779563
135 0.9301475375526097
136 0.9301752354051103
137 0.9301822810752374
138 0.9303161929535425
139 0.930349398287615
140 0.930471231558703
141 0.9304722538572806
142 0.9305550295927073
143 0.9306017373455244
144 0.930656806959507
145 0.9306808229802795
146 0.9307498955449153
147 0.9307601011870367
148 0.9308090096414996
149 0.9308492806697114
150 0.9308999140597062
151 0.930975144881779
152 0.931017536961509
153 0.931017536961509
154 0.9310243144318263
155 0.9310444547459702
156 0.9310777950364497
157 0.9311153617529004
158 0.9311153617529004
159 0.9311153617529004
160 0.9311619432611986
161 0.9311619432611986
162 0.9311619432611986
163 0.9311724854439052
164 0.9311928792014736
165 0.9311932557111612
166 0.931215105446118
167 0.9312195768386963
168 0.9312285184959261
169 0.9312377884672011
170 0.931301278496714
171 0.931301278496714
172 0.931301278496714
173 0.931301278496714
174 0.9313055518932903
175 0.9313074358214573
176 0.9313257546121528
177 0.9313453347634649
178 0.9313491927710827
179 0.9313535501703338
180 0.9313535501703338
181 0.9313593599025971
182 0.9313593599025971
183 0.9313690096196527
184 0.9313713023428085
185 0.9313848251545019
186 0.9313886541768178
187 0.9313918575518969
188 0.9314035520796499
189 0.9314035520796499
190 0.9314113255627525
191 0.9314241387851722
192 0.9314284611752403
193 0.9314345869098578
194 0.9314355983385308
195 0.9314392575695458
196 0.9314490637867062
197 0.9314490637867062
198 0.9314575331221189
199 0.9314588163315484
200 0.9314626813133319
201 0.9314688542516667
202 0.9314721958248943
203 0.9314813091114114
204 0.9314843555458991
205 0.9314858391355396
206 0.9314859739379568
207 0.9314962012837305
208 0.9314962012837305
209 0.9315038100715282
210 0.9315038100715282
211 0.9315057914425672
212 0.9315136984175859
213 0.9315152758974549
214 0.9315152758974549
215 0.9315207481915673
216 0.9315207481915673
217 0.9315207481915673
218 0.9315273367268991
219 0.9315325032528662
220 0.9315325032528662
221 0.9315330528741215
222 0.9315406374323271
223 0.9315443870118851
224 0.9315488104879283
225 0.9315488104879283
226 0.9315510987686512
227 0.9315520854808254
228 0.9315531902398272
229 0.9315665439258756
230 0.9315665439258756
231 0.9315680888877166
232 0.9315680888877166
233 0.9315680888877166
234 0.931569716485916
235 0.931569716485916
236 0.9315803996657809
237 0.9315803996657809
238 0.9315803996657809
239 0.9315803996657809
240 0.9315803996657809
241 0.9315803996657809
242 0.9315821348779698
243 0.9315839077519664
244 0.9315854993130875
245 0.9315888067855523
246 0.9315913296029987
247 0.9315913296029987
248 0.9315975540776106
249 0.9315975540776106
250 0.9315975540776106
251 0.9315975540776106
252 0.9315997358631402
253 0.9315997358631402
254 0.9316004590633582
255 0.931604351075053
256 0.931604351075053
257 0.9316071172973592
258 0.931607697077943
259 0.9316109065007131
260 0.9316109065007131
261 0.9316109065007131
262 0.931611234820342
263 0.931613491588313
264 0.931613491588313
265 0.931613728669226
266 0.9316189890026497
267 0.9316189890026497
268 0.9316189890026497
269 0.9316189890026497
270 0.9316189890026497
271 0.9316189890026497
272 0.9316229019520058
273 0.9316229019520058
274 0.9316229019520058
275 0.9316268768702012
276 0.9316268768702012
277 0.9316268768702012
278 0.9316268768702012
279 0.9316318857078146
280 0.9316318857078146
281 0.9316318857078146
282 0.9316318857078146
283 0.9316318857078146
284 0.9316318857078146
285 0.93163384474266
286 0.93163384474266
287 0.9316352081090064
288 0.9316352081090064
289 0.9316352081090064
290 0.9316352081090064
291 0.9316372195954343
292 0.9316372195954343
293 0.9316379628563134
294 0.9316379628563134
295 0.9316379628563134
296 0.9316379628563134
297 0.9316406001953454
298 0.9316406001953454
299 0.9316406001953454
300 0.9316423114040326
301 0.9316423114040326
302 0.9316432210558254
303 0.9316456218383997
304 0.931646155994971
305 0.931646155994971
306 0.931646155994971
307 0.931646155994971
308 0.931646155994971
309 0.9316462811066686
310 0.9316475286828723
311 0.9316475286828723
312 0.9316490507078128
313 0.9316490507078128
314 0.9316490507078128
315 0.9316490507078128
316 0.9316491718393095
317 0.9316491718393095
318 0.9316491718393095
319 0.931651857315291
320 0.931651857315291
321 0.931651857315291
322 0.931651857315291
323 0.9316528657335451
324 0.9316528657335451
325 0.9316528657335451
326 0.9316551042541301
327 0.9316551042541301
328 0.9316551042541301
329 0.9316556341374894
330 0.9316556341374894
331 0.9316556341374894
332 0.9316556341374894
333 0.931655842966383
334 0.9316563539803123
335 0.9316567217546147
336 0.9316567217546147
337 0.9316567217546147
338 0.9316583270912573
339 0.9316583270912573
340 0.9316586251071672
341 0.9316594715906146
342 0.9316594715906146
343 0.931659621059988
344 0.9316600516050387
345 0.9316600516050387
346 0.9316615961502828
347 0.9316617856779864
348 0.9316617856779864
349 0.9316617856779864
350 0.9316617856779864
351 0.9316617856779864
352 0.9316617856779864
353 0.9316617856779864
354 0.9316618537322502
355 0.9316618537322502
356 0.9316622349697599
357 0.9316622349697599
358 0.9316635724098851
359 0.9316635724098851
360 0.9316635724098851
361 0.9316635724098851
362 0.9316635724098851
363 0.9316644620605335
364 0.9316644620605335
365 0.9316644620605335
366 0.9316644620605335
367 0.9316644620605335
368 0.9316647228482616
369 0.9316647228482616
370 0.9316647228482616
371 0.9316650156829436
372 0.9316650156829436
373 0.9316653909812362
374 0.9316668957717837
375 0.9316668957717837
376 0.9316668957717837
377 0.9316668957717837
378 0.9316668957717837
379 0.9316668957717837
380 0.9316668957717837
381 0.9316668957717837
382 0.9316668957717837
383 0.9316668957717837
384 0.9316668957717837
385 0.9316668957717837
386 0.9316668957717837
387 0.931666915424386
388 0.931666915424386
389 0.931667552641298
390 0.9316676652212683
391 0.9316676652212683
392 0.9316676652212683
393 0.9316676652212683
394 0.9316676718792571
395 0.9316677220520686
396 0.9316684871976258
397 0.9316684871976258
398 0.9316689735909642
399 0.9316689735909642
400 0.9316694035438439
401 0.9316694035438439
402 0.9316694035438439
403 0.9316694035438439
404 0.9316694035438439
405 0.9316698513620579
406 0.9316699883694556
407 0.9316699883694556
408 0.9316699883694556
409 0.9316706095497777
410 0.9316706095497777
411 0.9316706095497777
412 0.9316706095497777
413 0.9316706095497777
414 0.9316706095497777
415 0.9316706095497777
416 0.9316706095497777
417 0.9316710956325231
418 0.9316710956325231
419 0.931671488631195
420 0.931671488631195
421 0.9316717465705646
422 0.9316718530836254
423 0.9316718530836254
424 0.9316718530836254
425 0.9316719230644845
426 0.9316719271392648
427 0.9316719271392648
428 0.9316738865162363
429 0.9316738865162363
430 0.9316738865162363
431 0.9316738865162363
432 0.9316738865162363
433 0.9316738865162363
434 0.9316738865162363
435 0.9316738865162363
436 0.9316738865162363
437 0.9316738865162363
438 0.9316738865162363
439 0.9316738865162363
440 0.9316738865162363
441 0.9316738865162363
442 0.9316744841251061
443 0.9316744841251061
444 0.9316744841251061
445 0.9316744841251061
446 0.9316744841251061
447 0.9316744841251061
448 0.9316744841251061
449 0.9316744841251061
450 0.9316744841251061
451 0.9316744841251061
452 0.9316744841251061
453 0.9316744841251061
454 0.9316744841251061
455 0.9316745140809068
456 0.9316745140809068
457 0.9316745309354446
458 0.9316745309354446
459 0.9316746039431488
460 0.9316746813492127
461 0.9316746813492127
462 0.9316746822929663
463 0.931674720718497
464 0.9316747428938028
465 0.9316748827291744
466 0.9316748827291744
467 0.9316748827291744
468 0.9316748827291744
469 0.9316753834415369
470 0.9316753834415369
471 0.9316753834415369
472 0.9316753834415369
473 0.9316753834415369
474 0.9316753834415369
475 0.9316753834415369
476 0.9316755325170637
477 0.9316757796591363
478 0.9316757994100281
479 0.9316757994100281
480 0.9316757994100281
481 0.9316759148655308
482 0.9316759148655308
483 0.9316759148655308
484 0.9316761799714772
485 0.9316761799714772
486 0.9316761799714772
487 0.9316762690051439
488 0.9316762690051439
489 0.9316762690051439
490 0.9316762690051439
491 0.9316763108004392
492 0.9316767571872141
493 0.9316767571872141
494 0.9316767571872141
495 0.9316767571872141
496 0.9316767571872141
497 0.9316767571872141
498 0.9316767571872141
499 0.9316767571872141
500 0.9316767571872141
501 0.9316767571872141
502 0.9316767571872141
503 0.9316767571872141
504 0.9316767571872141
505 0.9316767571872141
506 0.9316767571872141
507 0.9316767571872141
508 0.9316767571872141
509 0.9316767571872141
510 0.9316767571872141
511 0.9316771013467842
512 0.9316771013467842
513 0.9316771013467842
514 0.9316771013467842
515 0.9316771013467842
516 0.9316774569835172
517 0.9316774765356691
518 0.9316774765356691
519 0.9316774765356691
520 0.9316774765356691
521 0.9316776502190042
522 0.9316778591469936
523 0.9316778591469936
524 0.9316778591469936
525 0.9316778591469936
526 0.9316778591469936
527 0.9316782315183503
528 0.9316782315183503
529 0.931678675951753
530 0.931678675951753
531 0.931678675951753
532 0.931678675951753
533 0.931678675951753
534 0.931678675951753
535 0.931678675951753
536 0.931678675951753
537 0.931678675951753
538 0.931678675951753
539 0.931678675951753
540 0.931678675951753
541 0.931678675951753
542 0.931678675951753
543 0.931678675951753
544 0.9316786956194705
545 0.9316786956194705
546 0.9316786956194705
547 0.9316786956194705
548 0.9316786956194705
549 0.9316786956194705
550 0.9316786956194705
551 0.9316786956194705
552 0.9316786956194705
553 0.9316788828070294
554 0.9316790454126399
555 0.9316790454126399
556 0.9316790454126399
557 0.9316790454126399
558 0.9316790454126399
559 0.9316790454126399
560 0.9316790454126399
561 0.9316790913351533
562 0.9316790913351533
563 0.9316790913351533
564 0.9316790913351533
565 0.9316791679715688
566 0.9316793908075774
567 0.9316793908075774
568 0.9316793908075774
569 0.9316793908075774
570 0.9316793908075774
571 0.9316793908075774
572 0.9316793908075774
573 0.9316794101958747
574 0.9316794101958747
575 0.9316794101958747
576 0.9316794101958747
577 0.9316794101958747
578 0.9316794101958747
579 0.9316794101958747
580 0.9316794572641935
581 0.9316794688172927
582 0.9316794688172927
583 0.9316794688172927
584 0.9316797081506625
585 0.9316797081506625
586 0.9316797081506625
587 0.9316797081506625
588 0.9316797081506625
589 0.9316798243989391
590 0.9316798243989391
591 0.9316798243989391
592 0.9316798243989391
593 0.9316798243989391
594 0.9316798243989391
595 0.9316798243989391
596 0.9316798243989391
597 0.9316798648506516
598 0.9316798648506516
599 0.9316799199867467
600 0.9316800288901061
601 0.9316800288901061
602 0.9316803183704329
603 0.9316803183704329
604 0.9316803183704329
605 0.9316803183704329
606 0.9316803183704329
607 0.9316803183704329
608 0.9316803183704329
609 0.9316803183704329
610 0.9316803183704329
611 0.931680413825853
612 0.931680413825853
613 0.931680413825853
614 0.931680413825853
615 0.931680413825853
616 0.931680413825853
617 0.931680413825853
618 0.931680413825853
619 0.931680413825853
620 0.931680413825853
621 0.9316804870326673
622 0.9316804870326673
623 0.9316804870326673
624 0.9316805718508928
625 0.9316806601310501
626 0.9316806601310501
627 0.9316806775508921
628 0.9316806775508921
629 0.9316806775508921
630 0.9316806775508921
631 0.9316806775508921
632 0.9316806775508921
633 0.9316806775508921
634 0.9316806775508921
635 0.9316806775508921
636 0.9316806775508921
637 0.9316806775508921
638 0.9316806775508921
639 0.9316807905068283
640 0.9316809227318762
641 0.9316809227318762
642 0.9316809227318762
643 0.9316809227318762
644 0.9316814002905174
645 0.9316814002905174
646 0.9316814002905174
647 0.9316814002905174
648 0.9316814002905174
649 0.9316814002905174
650 0.9316814002905174
651 0.9316814002905174
652 0.9316814002905174
653 0.9316814002905174
654 0.9316814002905174
655 0.9316814002905174
656 0.9316814002905174
657 0.9316814002905174
658 0.9316814002905174
659 0.9316814002905174
660 0.9316814002905174
661 0.9316814002905174
662 0.9316814002905174
663 0.9316814002905174
664 0.9316814002905174
