000 0.1341319499195265
001 0.1619269271099258
002 0.23109209716216905
003 0.23109209716216905
004 0.2878174454606114
005 0.4897355849901937
006 0.5052271301534218
007 0.5664296378946462
008 0.579056497468125
009 0.6102476488359714
010 0.6661607784986848
011 0.6691663321207245
012 0.6953021736330418
013 0.7118452625851773
014 0.723032946176855
015 0.7374396324506527
016 0.7379175348276662
017 0.738723718863075
018 0.7393882602835722
019 0.7394647542197481
020 0.7421021256334954
021 0.7421021256334954
022 0.7428139441421588
023 0.7428139441421588
024 0.7428139441421588
025 0.7458905214800228
026 0.7458905214800228
027 0.7458905214800228
028 0.7462906693234637
029 0.7462906693234637
030 0.7462906693234637
031 0.7462906693234637
032 0.7462906693234637
033 0.7470133200401902
034 0.7470133200401902
035 0.7509283723470584
036 0.7524189715712138
037 0.7553937118248131
038 0.7571150390335243
039 0.7580701512824514
040 0.759698639204473
041 0.7612960228529719
042 0.7624094673030412
043 0.7625118346400466
044 0.7632529013982952
045 0.7632529013982952
046 0.7634028894861914
047 0.763538143723053
048 0.7636641973641656
049 0.7637148889441217
050 0.7637167375269488
051 0.7637167375269488
052 0.76429071434523
053 0.7652804884584855
054 0.7653240777583634
055 0.7663309212096076
056 0.7664919370094725
057 0.7665239622055772
058 0.7665795659816775
059 0.766615524522379
060 0.7667155693220097
061 0.7667184169921634
062 0.7667459697765391
063 0.7667459697765391
064 0.7667459697765391
065 0.7669498993030024
066 0.76747773476130
067 0.7675524899991376
068 0.7678128951500542
069 0.7678128951500542
070 0.7678414972351197
071 0.7680326560352512
072 0.7681834656081409
073 0.768314578729243
074 0.7684487728320736
075 0.7684859471159822
076 0.7686603521642025
077 0.7686603521642025
078 0.7687789217046049
079 0.7687794466326684
080 0.7688634961093569
081 0.7690514149885411
082 0.7690514149885411
083 0.7690514149885411
084 0.769119000571889
085 0.7692850661584232
086 0.7692850661584232
087 0.7693250548967725
088 0.7693668020506803
089 0.7694007380764902
090 0.7694199460717458
091 0.7694199460717458
092 0.7694315698921627
093 0.7694315698921627
094 0.7694566907314212
095 0.7694871722040056
096 0.7694881664217111
097 0.7694988608717538
098 0.7695344938342534
099 0.7695344938342534
100 0.7695344938342534
101 0.7695618427543884
102 0.7695646771089788
103 0.7695646771089788
104 0.7695998395074972
105 0.769602823904053
106 0.769602823904053
107 0.769602823904053
108 0.769602823904053
109 0.769609385199849
110 0.7696179183656974
111 0.7696275912588173
112 0.7696399605561894
113 0.7696399605561894
114 0.7696399605561894
115 0.7696399605561894
116 0.7696399605561894
117 0.7696474603397477
118 0.7696511883519577
119 0.769673593305696
120 0.769673593305696
121 0.769673593305696
122 0.7696819788751302
123 0.7696819788751302
124 0.769696028604804
125 0.769696028604804
126 0.769696028604804
127 0.769696028604804
128 0.7697019822775254
129 0.7697055537411235
130 0.7697060491698217
131 0.7697217754651071
132 0.7697217754651071
133 0.7697251560716297
134 0.7697251560716297
135 0.7697405641478969
136 0.7697405641478969
137 0.7697405641478969
138 0.7697405641478969
139 0.7697405641478969
140 0.769742541468876
141 0.7697436531034191
142 0.7697484555608038
143 0.7697609139460977
144 0.7697698297330746
145 0.7697698297330746
146 0.7697714234516203
147 0.7697727436178436
148 0.7697802229880882
149 0.7697802229880882
150 0.7697802229880882
151 0.7697802229880882
152 0.7697802229880882
153 0.7697819905263046
154 0.7697819905263046
155 0.7697819905263046
156 0.7697854562528984
157 0.7697854562528984
158 0.7697854562528984
159 0.7697854562528984
160 0.7697854562528984
161 0.7697869908599265
162 0.769787956438072
163 0.769787956438072
164 0.769787956438072
165 0.7697921808040182
166 0.7697921808040182
167 0.7697921808040182
168 0.7697921808040182
169 0.7697921808040182
170 0.7697921808040182
171 0.7697921808040182
172 0.7697953169610527
173 0.7697953169610527
174 0.7697953169610527
175 0.7697953169610527
176 0.7697953169610527
177 0.7697953169610527
178 0.7697953169610527
179 0.7697953169610527
180 0.7697953169610527
181 0.7697956395848017
182 0.769799099648048
183 0.769799099648048
184 0.769799099648048
185 0.769799099648048
186 0.769799099648048
187 0.7698001636326052
188 0.7698001636326052
189 0.7698001636326052
190 0.7698023813450129
191 0.7698023813450129
192 0.7698023813450129
193 0.7698023813450129
194 0.7698023813450129
195 0.7698023813450129
196 0.7698023813450129
197 0.7698023813450129
198 0.7698033770126927
199 0.7698033770126927
200 0.7698033770126927
201 0.7698033770126927
202 0.7698033770126927
203 0.7698033770126927
204 0.7698033770126927
205 0.7698033770126927
206 0.7698033770126927
207 0.7698037921980758
208 0.7698037921980758
209 0.7698056106733155
210 0.7698056106733155
211 0.7698056106733155
212 0.7698056106733155
213 0.7698059528605105
214 0.7698059528605105
215 0.7698059528605105
216 0.7698060832014432
217 0.7698069833576833
218 0.7698069833576833
219 0.7698069833576833
220 0.769809623228163
221 0.769809623228163
222 0.769809623228163
223 0.769809623228163
224 0.769809623228163
225 0.769809623228163
226 0.769809623228163
227 0.769809623228163
228 0.769809623228163
229 0.769809623228163
230 0.769809623228163
231 0.769809623228163
232 0.769809623228163
233 0.769809623228163
234 0.769809623228163
235 0.769809623228163
236 0.769809623228163
237 0.769809623228163
238 0.769809623228163
239 0.769809623228163
240 0.769809623228163
