000 0.07538422037649302
001 0.17044349934871605
002 0.17978585201150785
003 0.21980807220363932
004 0.41462218073067875
005 0.41462218073067875
006 0.44162671503706835
007 0.5497694407917665
008 0.5842117168377529
009 0.6813803402215864
010 0.7226087089518843
011 0.7796177435133825
012 0.7796177435133825
013 0.8129615109584424
014 0.8412617371194931
015 0.8579588483589209
016 0.8904728770888052
017 0.8996951047459075
018 0.910704182054266
019 0.9156922827692625
020 0.9156922827692625
021 0.9156922827692625
022 0.9174422244095298
023 0.9203358506116267
024 0.9204325866220433
025 0.9223611770982514
026 0.9223611770982514
027 0.9223611770982514
028 0.9223611770982514
029 0.9226550942486355
030 0.9226985260532651
031 0.9226985260532651
032 0.9231924006029365
033 0.9236074549915997
034 0.9236074549915997
035 0.924052913797767
036 0.924210731792622
037 0.9246535502798684
038 0.9248862039245987
039 0.9254251854851319
040 0.9256985727623178
041 0.9261048140745547
042 0.9261668140202283
043 0.9262967505258718
044 0.9264459932646879
045 0.9266034432564173
046 0.9266632155029928
047 0.9266899343036135
048 0.926703786200729
049 0.9272285309644632
050 0.9273797495620715
051 0.9276608226912494
052 0.9278418312877366
053 0.9280359136012705
054 0.9285352182947638
055 0.9285352182947638
056 0.9285352182947638
057 0.9286473078652363
058 0.9288293842089689
059 0.9288502115103562
060 0.9290129875921731
061 0.9291385989703733
062 0.9292290134164617
063 0.9293365856249487
064 0.9293891065562753
065 0.9294559730133846
066 0.9296065489155306
067 0.9297272262661165
068 0.9297272262661165
069 0.9297710170509982
070 0.9299040016073343
071 0.9300524834578452
072 0.9302153702580781
073 0.9302153702580781
074 0.9302153702580781
075 0.930356799307194
076 0.9303947005200688
077 0.9304402205712073
078 0.9304843424831015
079 0.9306214782969593
080 0.9306370601032016
081 0.9306753466084292
082 0.9306883068406451
083 0.9307305935126515
084 0.930770837044209
085 0.9308411184015382
086 0.9308563448782694
087 0.9309933342097672
088 0.9309933342097672
089 0.9309933342097672
090 0.9311105841227674
091 0.9311198634275624
092 0.9311625342061461
093 0.9311873011255847
094 0.9312310278525544
095 0.9312986506991255
096 0.9313217641566137
097 0.931348175552252
098 0.9314303806623488
099 0.9314748290251667
100 0.9314748290251667
101 0.9314893468158694
102 0.9315238024327062
103 0.9315548550769871
104 0.9315656719408577
105 0.9316049614326487
106 0.9316115795297556
107 0.9316417377237466
108 0.9316417377237466
109 0.9316877605104691
110 0.9317049602745171
111 0.9317518522424104
112 0.9317553767447181
113 0.9317921264577992
114 0.931807549923593
115 0.9318290784487226
116 0.9318469029393954
117 0.9318681992551222
118 0.9318791662768688
119 0.9319005753408475
120 0.9319244569595581
121 0.9319752306033922
122 0.9319752306033922
123 0.9319752306033922
124 0.9319752306033922
125 0.9319844749743031
126 0.9319888987779433
127 0.9320120347966308
128 0.9320552479793849
129 0.9320783616144839
130 0.9320783616144839
131 0.9320783616144839
132 0.932093071828165
133 0.9321181387628221
134 0.9321181387628221
135 0.9321251086661957
136 0.9321438838669563
137 0.9321787493555488
138 0.9321863836840555
139 0.9321863836840555
140 0.9321863836840555
141 0.9322195585214498
142 0.932231164469357
143 0.9322402369499856
144 0.93224455558838
145 0.9322868624031067
146 0.9322977260047045
147 0.9322977260047045
148 0.9323136000712645
149 0.9323202611469104
150 0.9323422260012437
151 0.9323563407795856
152 0.9323579646451019
153 0.9323688055281271
154 0.9323707272221473
155 0.9323877721831052
156 0.9323877721831052
157 0.9323877721831052
158 0.9324213811375897
159 0.9324262528301912
160 0.9324262528301912
161 0.9324265746558562
162 0.9324439489939307
163 0.9324439489939307
164 0.9324713304513683
165 0.932482715892179
166 0.9324873661780292
167 0.9324876109779205
168 0.9324967838703074
169 0.9324967838703074
170 0.932498803425159
171 0.9325079182598557
172 0.9325184558989014
173 0.9325320535275547
174 0.9325448054196781
175 0.9325448054196781
176 0.9325567980342746
177 0.9325567980342746
178 0.9325567980342746
179 0.9325580985436562
180 0.9325604527356778
181 0.9325820508231409
182 0.9325820508231409
183 0.932613585600724
184 0.932613585600724
185 0.932613585600724
186 0.9326172196085241
187 0.9326201210433311
188 0.9326201210433311
189 0.9326428710764484
190 0.9326428710764484
191 0.9326510511776711
192 0.9326510511776711
193 0.9326510511776711
194 0.9326524775794869
195 0.9326524775794869
196 0.9326631013697125
197 0.9326631013697125
198 0.9326640514848495
199 0.9326641265988257
200 0.9326708881370475
201 0.9326779014524219
202 0.9326780443368672
203 0.932689557940366
204 0.932689557940366
205 0.9327012564511771
206 0.9327032757405295
207 0.9327032979493778
208 0.932704802950507
209 0.9327052869188939
210 0.932719665187902
211 0.932719665187902
212 0.9327248982912988
213 0.9327248982912988
214 0.9327264914147255
215 0.9327274422242927
216 0.9327413398597961
217 0.9327413398597961
218 0.9327466497986941
219 0.9327466497986941
220 0.9327466497986941
221 0.9327466497986941
222 0.9327492267561261
223 0.9327691616759153
224 0.9327691616759153
225 0.9327691616759153
226 0.9327691616759153
227 0.9327691616759153
228 0.9327790158246272
229 0.9327790158246272
230 0.9327790158246272
231 0.9327839339892187
232 0.9327839339892187
233 0.9327839339892187
234 0.932787713102251
235 0.9327904380487001
236 0.9327946049407143
237 0.9327963628171231
238 0.9327963628171231
239 0.9327986040320384
240 0.9328044882454792
241 0.9328063450836606
242 0.9328183657055898
243 0.9328183657055898
244 0.9328183657055898
245 0.9328183657055898
246 0.9328243187538307
247 0.9328243187538307
248 0.9328289192497236
249 0.9328313398771557
250 0.9328313398771557
251 0.9328393404913432
252 0.9328393404913432
253 0.9328393404913432
254 0.9328393404913432
255 0.9328398354714227
256 0.9328452421182467
257 0.9328462088739375
258 0.9328549628290135
259 0.9328549628290135
260 0.9328549628290135
261 0.9328549628290135
262 0.9328650808045865
263 0.9328650808045865
264 0.9328664207665958
265 0.9328690044336183
266 0.9328690044336183
267 0.9328699208857928
268 0.9328719117336101
269 0.9328719117336101
270 0.9328719117336101
271 0.9328833225792583
272 0.9328833225792583
273 0.9328865381564961
274 0.9328865381564961
275 0.9328865381564961
276 0.9328865381564961
277 0.9328938631098059
278 0.9328938631098059
279 0.9328938631098059
280 0.9328938631098059
281 0.9328938631098059
282 0.9328938631098059
283 0.9328938631098059
284 0.9328938631098059
285 0.9328943473599351
286 0.9328973798081468
287 0.9328983487619406
288 0.9329074439431603
289 0.9329074439431603
290 0.9329074439431603
291 0.9329074439431603
292 0.9329074439431603
293 0.9329093499345658
294 0.9329129405780504
295 0.9329129405780504
296 0.9329138690357842
297 0.9329173098699914
298 0.9329187066947232
299 0.9329188455932508
300 0.9329231277463317
301 0.9329231277463317
302 0.9329231277463317
303 0.9329231277463317
304 0.9329250775086473
305 0.9329250775086473
306 0.9329277525816954
307 0.9329277525816954
308 0.9329278243657745
309 0.9329278243657745
310 0.9329348434375581
311 0.9329348434375581
312 0.9329348461679698
313 0.9329348461679698
314 0.9329351354386475
315 0.9329351354386475
316 0.9329374287312746
317 0.9329374287312746
318 0.9329374287312746
319 0.932945737646066
320 0.932945737646066
321 0.932945737646066
322 0.932945737646066
323 0.9329470666892608
324 0.9329489835085132
325 0.9329489835085132
326 0.9329489835085132
327 0.9329515127042245
328 0.9329515127042245
329 0.9329569253666037
330 0.9329569253666037
331 0.9329569253666037
332 0.9329569253666037
333 0.9329569253666037
334 0.932958336434483
335 0.932958336434483
336 0.932958665490448
337 0.932958665490448
338 0.932958665490448
339 0.932958920120502
340 0.9329623141738235
341 0.9329623141738235
342 0.9329623141738235
343 0.9329632377738408
344 0.9329637725921478
345 0.9329637725921478
346 0.9329648324440176
347 0.9329667947042481
348 0.9329667947042481
349 0.9329667947042481
350 0.9329667947042481
351 0.9329679365660805
352 0.9329704527447658
353 0.9329704527447658
354 0.9329704527447658
355 0.9329704527447658
356 0.9329704527447658
357 0.9329704527447658
358 0.9329704527447658
359 0.9329719562250829
360 0.9329720936106061
361 0.93297271609762
362 0.9329748956431149
363 0.9329748956431149
364 0.9329748956431149
365 0.9329770590617308
366 0.9329770590617308
367 0.9329773192307332
368 0.9329773192307332
369 0.9329792273435172
370 0.9329792273435172
371 0.9329792273435172
372 0.9329809455862871
373 0.9329809455862871
374 0.932983963246741
375 0.932983963246741
376 0.932983963246741
377 0.932983963246741
378 0.932983963246741
379 0.932983963246741
380 0.932983963246741
381 0.932984666058756
382 0.9329859858318351
383 0.9329864305543303
384 0.9329877957765448
385 0.9329900653796963
386 0.9329900653796963
387 0.9329900653796963
388 0.9329900653796963
389 0.9329900653796963
390 0.9329906925078868
391 0.9329916337369455
392 0.9329917146206473
393 0.9329933789401117
394 0.9329933789401117
395 0.9329933789401117
396 0.9329933789401117
397 0.9329934566021305
398 0.9329963572441979
399 0.9329963572441979
400 0.9329963572441979
401 0.9329963572441979
402 0.9329963572441979
403 0.9329963572441979
404 0.9329963572441979
405 0.9329963572441979
406 0.9329973266882919
407 0.932997339743632
408 0.9329998711651323
409 0.9329998711651323
410 0.9329998711651323
411 0.9329998711651323
412 0.9329998711651323
413 0.9330016956475357
414 0.9330016956475357
415 0.9330016956475357
416 0.9330016956475357
417 0.9330016956475357
418 0.9330016956475357
419 0.9330016956475357
420 0.9330016956475357
421 0.9330016956475357
422 0.933002461574812
423 0.9330031596106331
424 0.9330031596106331
425 0.9330031596106331
426 0.9330036217017638
427 0.933005489521388
428 0.933005489521388
429 0.933005489521388
430 0.933005489521388
431 0.933005489521388
432 0.9330062897755151
433 0.933006395093186
434 0.9330067312675613
435 0.9330072389727739
436 0.9330072721576198
437 0.9330072721576198
438 0.9330078618650725
439 0.933009181716153
440 0.933009181716153
441 0.933009181716153
442 0.933009181716153
443 0.9330101947863292
444 0.9330101947863292
445 0.9330104495097236
446 0.9330116585751973
447 0.9330116585751973
448 0.9330116585751973
449 0.9330116585751973
450 0.9330116585751973
451 0.9330116585751973
452 0.9330119760613511
453 0.9330119760613511
454 0.9330119760613511
455 0.9330129104331956
456 0.9330130955130015
457 0.9330130955130015
458 0.9330134803161853
459 0.9330134803161853
460 0.9330134803161853
461 0.9330146083540489
462 0.9330162634542857
463 0.9330162634542857
464 0.9330162634542857
465 0.9330162634542857
466 0.9330162634542857
467 0.9330162634542857
468 0.9330162634542857
469 0.9330162634542857
470 0.9330162634542857
471 0.9330170696229493
472 0.9330170696229493
473 0.933017508872545
474 0.9330189036577985
475 0.9330191194501114
476 0.9330191194501114
477 0.9330191194501114
478 0.9330191194501114
479 0.9330191194501114
480 0.9330192216184563
481 0.93302175242070
482 0.93302175242070
483 0.93302175242070
484 0.93302175242070
485 0.93302175242070
486 0.93302175242070
487 0.9330218853131631
488 0.9330218853131631
489 0.9330224593796348
490 0.9330224593796348
491 0.9330224593796348
492 0.9330224830306835
493 0.9330224830306835
494 0.9330224830306835
495 0.933023946045505
496 0.9330240546050128
497 0.9330240546050128
498 0.9330240546050128
499 0.9330240546050128
500 0.9330240546050128
501 0.9330243686609812
502 0.9330244758316194
503 0.9330248636889377
504 0.9330248636889377
505 0.9330248636889377
506 0.9330257198831151
507 0.9330257308352965
508 0.9330267236492029
509 0.9330267236492029
510 0.9330267236492029
511 0.9330268202705608
512 0.9330283906498128
513 0.9330283906498128
514 0.9330283906498128
515 0.9330285356536783
516 0.9330285356536783
517 0.9330286472510698
518 0.9330286472510698
519 0.9330286472510698
520 0.9330288860813742
521 0.9330288860813742
522 0.9330299248896379
523 0.9330299248896379
524 0.9330299248896379
525 0.9330306325836747
526 0.9330309411324583
527 0.9330309411324583
528 0.9330309411324583
529 0.9330309411324583
530 0.9330309411324583
531 0.9330315029791628
532 0.9330315029791628
533 0.9330321540096234
534 0.9330321540096234
535 0.9330321540096234
536 0.9330321540096234
537 0.9330321540096234
538 0.9330321540096234
539 0.9330326223347589
540 0.9330326223347589
541 0.9330326223347589
542 0.9330326223347589
543 0.9330326223347589
544 0.9330326223347589
545 0.933033376735221
546 0.933033376735221
547 0.9330345567138701
548 0.9330345567138701
549 0.9330345567138701
550 0.9330345567138701
551 0.9330345567138701
552 0.9330345567138701
553 0.9330345567138701
554 0.9330346863492478
555 0.9330352423686222
556 0.9330359979225887
557 0.9330359979225887
558 0.9330359979225887
559 0.9330359979225887
560 0.9330359979225887
561 0.9330359979225887
562 0.9330359979225887
563 0.9330359979225887
564 0.9330359979225887
565 0.9330359979225887
566 0.933036034525274
567 0.9330362862852217
568 0.9330375503393098
569 0.9330375503393098
570 0.9330381740122671
571 0.9330381740122671
572 0.9330381740122671
573 0.9330381740122671
574 0.9330381740122671
575 0.9330381740122671
576 0.9330381740122671
577 0.9330381740122671
578 0.9330381740122671
579 0.9330381740122671
580 0.9330381740122671
581 0.9330381740122671
582 0.9330389793802993
583 0.9330389793802993
584 0.9330389793802993
585 0.9330389793802993
586 0.9330389793802993
587 0.9330390406732358
588 0.9330390406732358
589 0.9330397121850447
590 0.9330397121850447
591 0.9330402067224655
592 0.9330402067224655
593 0.9330402067224655
594 0.9330402067224655
595 0.9330402067224655
596 0.9330402067224655
597 0.9330404807573726
598 0.9330404807573726
599 0.9330404807573726
600 0.9330404807573726
601 0.9330404807573726
602 0.9330404807573726
603 0.9330404807573726
604 0.9330404807573726
605 0.9330408492860024
606 0.9330408492860024
607 0.9330408492860024
608 0.9330415851988467
609 0.9330415851988467
610 0.9330415851988467
611 0.9330415851988467
612 0.9330415851988467
613 0.9330415851988467
614 0.9330418073793533
615 0.9330418412011876
616 0.9330418412011876
617 0.9330418412011876
618 0.9330418412011876
619 0.9330418412011876
620 0.9330421144298481
621 0.9330421144298481
622 0.9330421144298481
623 0.9330421144298481
624 0.9330423244978242
625 0.9330423244978242
626 0.9330439927662117
627 0.9330439927662117
628 0.9330439927662117
629 0.9330439927662117
630 0.9330439927662117
631 0.9330439927662117
632 0.9330439927662117
633 0.9330439927662117
634 0.9330439927662117
635 0.9330439927662117
636 0.9330439927662117
637 0.9330439927662117
638 0.933044673048203
639 0.933044673048203
640 0.9330446956388148
641 0.9330446956388148
642 0.9330446956388148
643 0.9330446956388148
644 0.9330446956388148
645 0.9330450126966096
646 0.9330461416290199
647 0.9330461416290199
648 0.9330461416290199
649 0.9330461416290199
650 0.9330461416290199
651 0.9330461416290199
652 0.9330461416290199
653 0.9330461416290199
654 0.9330461416290199
655 0.9330461416290199
656 0.9330461804424957
657 0.9330461804424957
658 0.9330463416213747
659 0.9330463416213747
660 0.9330470710754767
661 0.9330470710754767
662 0.9330470710754767
663 0.9330470710754767
664 0.9330470710754767
665 0.9330470710754767
666 0.9330470710754767
667 0.9330470710754767
668 0.9330470710754767
669 0.9330470710754767
670 0.9330478504632248
671 0.9330478504632248
672 0.9330478504632248
673 0.9330478504632248
674 0.9330478504632248
675 0.9330484870782131
676 0.9330484870782131
677 0.9330484870782131
678 0.9330484870782131
679 0.9330484870782131
680 0.9330484870782131
681 0.9330484870782131
682 0.9330484870782131
683 0.9330484870782131
684 0.9330484870782131
685 0.9330484870782131
686 0.9330484870782131
687 0.933048583519147
688 0.933048583519147
689 0.933048583519147
690 0.933048583519147
691 0.933048583519147
692 0.9330488203218742
693 0.9330489311571587
694 0.9330489311571587
695 0.9330492832441575
696 0.9330492832441575
697 0.9330492832441575
698 0.9330493651202965
699 0.9330493651202965
700 0.9330496926279014
701 0.9330496926279014
702 0.9330496926279014
703 0.9330496926279014
704 0.9330496926279014
705 0.9330496926279014
706 0.9330496926279014
707 0.9330496926279014
708 0.9330496926279014
709 0.9330496926279014
710 0.9330496926279014
711 0.9330498362125872
712 0.9330498362125872
713 0.9330498362125872
714 0.9330498521143362
715 0.9330502918037776
716 0.9330502918037776
717 0.9330502918037776
718 0.9330502918037776
719 0.9330502918037776
720 0.9330502918037776
721 0.9330504713349318
722 0.933050755360304
723 0.933050755360304
724 0.933050755360304
725 0.933050755360304
726 0.933050755360304
727 0.933050755360304
728 0.9330508049712318
729 0.9330508049712318
730 0.9330508049712318
731 0.9330510780472387
732 0.9330510780472387
733 0.9330510780472387
734 0.9330510780472387
735 0.9330514611040507
736 0.9330514611040507
737 0.9330514611040507
738 0.9330514611040507
739 0.9330514611040507
740 0.9330514611040507
741 0.9330514611040507
742 0.9330514611040507
743 0.9330514611040507
744 0.9330518235747306
745 0.9330518235747306
746 0.933051841308415
747 0.9330520133603328
748 0.9330520133603328
749 0.9330520133603328
750 0.9330520133603328
751 0.9330520133603328
752 0.9330520133603328
753 0.9330520133603328
754 0.9330520133603328
755 0.9330520133603328
756 0.9330520133603328
757 0.9330520133603328
758 0.9330523222418277
759 0.9330523222418277
760 0.9330523222418277
761 0.9330523222418277
762 0.9330523222418277
763 0.9330523222418277
764 0.933052361016042
765 0.933052361016042
766 0.933052361016042
767 0.933052361016042
768 0.933052361016042
769 0.9330525157632966
770 0.9330525157632966
771 0.9330525157632966
772 0.9330525964224328
773 0.9330525964224328
774 0.9330525964224328
775 0.9330525964224328
776 0.9330530813068931
777 0.9330530813068931
778 0.9330530813068931
779 0.9330530813068931
780 0.9330530813068931
781 0.9330530813068931
782 0.9330530813068931
783 0.9330530813068931
784 0.9330530813068931
785 0.933053970761147
786 0.933053970761147
787 0.933053970761147
788 0.933053970761147
789 0.933053970761147
790 0.933053970761147
791 0.933053970761147
792 0.933053970761147
793 0.933053970761147
794 0.933053970761147
795 0.933053970761147
796 0.933053970761147
797 0.933053970761147
798 0.933053970761147
799 0.933053970761147
800 0.933053970761147
801 0.933053970761147
802 0.933053970761147
803 0.933053970761147
804 0.933053970761147
805 0.933053970761147
