000 0.20064019983980452
001 0.5071582141366897
002 0.5071582141366897
003 0.5071582141366897
004 0.5071582141366897
005 0.6516956499251606
006 0.6516956499251606
007 0.688716461076682
008 0.8067818050693252
009 0.8075392704899812
010 0.8256455518292799
011 0.8756879862150878
012 0.8788459413356426
013 0.8943827907807997
014 0.8943827907807997
015 0.910866974374042
016 0.910866974374042
017 0.910866974374042
018 0.9138056242040616
019 0.9149619758664989
020 0.9156727817994479
021 0.9160811726749869
022 0.9163805071477937
023 0.9167570370675531
024 0.9173707975910766
025 0.9177475710352159
026 0.9183870029835078
027 0.9183995326099038
028 0.9196400492588224
029 0.9196868126299722
030 0.9197167320946829
031 0.9197167320946829
032 0.9197167320946829
033 0.9197167320946829
034 0.9197167320946829
035 0.9197167320946829
036 0.9197167320946829
037 0.9197167320946829
038 0.9208582302697216
039 0.921470000047231
040 0.9225598868155805
041 0.9234144752055184
042 0.923939677834368
043 0.9244834700491679
044 0.9246764591135794
045 0.9247623354145861
046 0.9248494960359518
047 0.924878747904336
048 0.9251431303444586
049 0.9251672740217369
050 0.9251701834981985
051 0.9251777783393952
052 0.9258807647869369
053 0.926515526782919
054 0.9267386850932836
055 0.9269307389827347
056 0.9275286740353109
057 0.9275950776425868
058 0.9282925245320376
059 0.9284055653015034
060 0.9284143839153918
061 0.9284679890115107
062 0.9285899787156817
063 0.9286383279761059
064 0.9286650612847933
065 0.9286770206186782
066 0.929005922655788
067 0.9292561456044899
068 0.9296037143765009
069 0.929628338896534
070 0.9300244866620963
071 0.9303486514735636
072 0.9303571074672916
073 0.9305897582408461
074 0.9306545801205859
075 0.9309073051076788
076 0.9309120599597247
077 0.9309120599597247
078 0.9309797348410425
079 0.9310046339439404
080 0.9310955789375478
081 0.9310955789375478
082 0.9311329590631963
083 0.93120228169799
084 0.93120228169799
085 0.9312322173933569
086 0.9312322173933569
087 0.9312736407606942
088 0.9312736407606942
089 0.9312843277533079
090 0.9312843277533079
091 0.93130698674101
092 0.9313125916783186
093 0.9313325302672731
094 0.9313585085774465
095 0.9313821297113086
096 0.9313821297113086
097 0.9313821297113086
098 0.9313892143625799
099 0.9313892143625799
100 0.9314098139170143
101 0.9314267648419308
102 0.9314267648419308
103 0.9314494384942358
104 0.9314498688799085
105 0.9314498688799085
106 0.9314498688799085
107 0.9314498688799085
108 0.9314614181604955
109 0.9314631170830368
110 0.9314667640533858
111 0.9314667640533858
112 0.9314897824611823
113 0.9314897824611823
114 0.9314897824611823
115 0.9314897824611823
116 0.9315055568208912
117 0.9315064313993793
118 0.9315068665035517
119 0.9315112348391635
120 0.9315142584339138
121 0.9315165016914217
122 0.9315200910714402
123 0.9315254598301479
124 0.9315254598301479
125 0.9315254598301479
126 0.9315254598301479
127 0.9315373788696056
128 0.9315433941980837
129 0.9315433941980837
130 0.9315433941980837
131 0.9315457073763812
132 0.9315457073763812
133 0.9315528512209608
134 0.931558599867501
135 0.9315609225381389
136 0.9315723549763442
137 0.9315723549763442
138 0.9315723549763442
139 0.9315777795106088
140 0.9315777795106088
141 0.9315777795106088
142 0.9315777795106088
143 0.9315777795106088
144 0.9315812524664943
145 0.9315812564108887
146 0.9315812564108887
147 0.9315823060196695
148 0.9315823060196695
149 0.9315823060196695
150 0.9315845859533601
151 0.9315885583892388
152 0.9315890079781634
153 0.9315890079781634
154 0.9315898540588503
155 0.9315901378264011
156 0.9315960030871361
157 0.9315979721740552
158 0.9315979721740552
159 0.9316005952405816
160 0.9316044606876718
161 0.9316044606876718
162 0.9316044606876718
163 0.9316053540169127
164 0.9316066958439506
165 0.9316066958439506
166 0.9316100163515691
167 0.9316100163515691
168 0.9316100163515691
169 0.9316100163515691
170 0.9316113935922483
171 0.9316113935922483
172 0.9316126242015025
173 0.9316126242015025
174 0.9316170513630807
175 0.9316176198010556
176 0.9316176198010556
177 0.9316192674001744
178 0.9316192674001744
179 0.9316192674001744
180 0.9316201780808573
181 0.9316220169108321
182 0.9316220169108321
183 0.9316249918245294
184 0.9316249918245294
185 0.9316249918245294
186 0.9316249918245294
187 0.9316251470324547
188 0.931625197375081
189 0.9316258836767718
190 0.9316269418044932
191 0.9316277931746418
192 0.9316307019264389
193 0.9316307019264389
194 0.9316307019264389
195 0.9316307019264389
196 0.9316307019264389
197 0.9316307019264389
198 0.9316308730362441
199 0.9316326546970917
200 0.9316326546970917
201 0.9316326546970917
202 0.9316333411474151
203 0.9316340355466591
204 0.9316345925596625
205 0.9316345925596625
206 0.9316345925596625
207 0.9316364608762473
208 0.931638214915154
209 0.931638214915154
210 0.9316391660308879
211 0.9316391660308879
212 0.9316391660308879
213 0.9316397215591057
214 0.9316397215591057
215 0.9316398799234715
216 0.9316398799234715
217 0.9316398799234715
218 0.9316414053443282
219 0.9316414053443282
220 0.9316425246296003
221 0.9316439506766382
222 0.9316464934812876
223 0.9316464934812876
224 0.9316464934812876
225 0.9316464934812876
226 0.9316466056246723
227 0.9316466056246723
228 0.9316466056246723
229 0.9316468501005827
230 0.9316468501005827
231 0.9316490528828559
232 0.9316490528828559
233 0.9316511399470264
234 0.9316511399470264
235 0.9316511399470264
236 0.9316516090218311
237 0.9316516090218311
238 0.9316521902807378
239 0.9316521902807378
240 0.9316521902807378
241 0.9316521902807378
242 0.9316521902807378
243 0.9316528652074106
244 0.9316528652074106
245 0.9316529874304228
246 0.9316529874304228
247 0.9316540599119788
248 0.9316542331628781
249 0.9316542331628781
250 0.9316542331628781
251 0.9316542331628781
252 0.931654239425983
253 0.9316551230511294
254 0.9316554243239193
255 0.9316554243239193
256 0.9316554243239193
257 0.93165660540252
258 0.93165660540252
259 0.93165660540252
260 0.9316578118458694
261 0.9316578118458694
262 0.9316578118458694
263 0.9316581659658298
264 0.9316581659658298
265 0.9316581659658298
266 0.9316581659658298
267 0.9316581659658298
268 0.9316593265361401
269 0.9316593265361401
270 0.9316593265361401
271 0.9316595176345085
272 0.9316595176345085
273 0.93165999482896
274 0.93165999482896
275 0.93165999482896
276 0.93165999482896
277 0.9316611460989535
278 0.9316611460989535
279 0.9316627283286535
280 0.9316627283286535
281 0.931662990909555
282 0.931662990909555
283 0.931662990909555
284 0.931662990909555
285 0.931662990909555
286 0.931662990909555
287 0.931662990909555
288 0.931662990909555
289 0.931662990909555
290 0.931662990909555
291 0.931662990909555
292 0.931662990909555
293 0.931662990909555
294 0.931662990909555
295 0.9316637860077368
296 0.9316637860077368
297 0.9316637860077368
298 0.9316643790820721
299 0.9316643790820721
300 0.9316643790820721
301 0.9316643790820721
302 0.9316643790820721
303 0.9316644675188929
304 0.9316644675188929
305 0.9316644675188929
306 0.9316648070142556
307 0.9316648070142556
308 0.9316650480069318
309 0.931665668644637
310 0.931665668644637
311 0.9316659936095142
312 0.9316660275715165
313 0.9316660275715165
314 0.9316660275715165
315 0.931667033510517
316 0.931667033510517
317 0.931667033510517
318 0.931667033510517
319 0.931667033510517
320 0.931668275924762
321 0.931668275924762
322 0.931668275924762
323 0.931668275924762
324 0.931668380205962
325 0.9316685954296648
326 0.9316685954296648
327 0.9316685954296648
328 0.9316685954296648
329 0.9316685954296648
330 0.9316690494272958
331 0.9316690494272958
332 0.9316690494272958
333 0.9316690494272958
334 0.9316690494272958
335 0.9316691542873594
336 0.9316692311981982
337 0.9316692311981982
338 0.9316692794463106
339 0.9316692794463106
340 0.9316692794463106
341 0.9316698508037243
342 0.9316698508037243
343 0.9316698508037243
344 0.9316698508037243
345 0.9316698508037243
346 0.9316698508037243
347 0.9316699375861753
348 0.931670109382222
349 0.9316703337322385
350 0.9316703337322385
351 0.9316703337322385
352 0.9316708593800076
353 0.9316708593800076
354 0.9316708593800076
355 0.9316708593800076
356 0.9316708593800076
357 0.9316708593800076
358 0.9316711119535422
359 0.9316711119535422
360 0.9316711119535422
361 0.9316711119535422
362 0.9316711119535422
363 0.9316711119535422
364 0.9316711899115314
365 0.9316711899115314
366 0.9316711899115314
367 0.9316711899115314
368 0.9316717783808323
369 0.9316717783808323
370 0.9316719025180664
371 0.9316719025180664
372 0.9316722457492087
373 0.9316722457492087
374 0.9316722457492087
375 0.9316726334743115
376 0.9316726334743115
377 0.9316726334743115
378 0.9316726334743115
379 0.9316726334743115
380 0.9316726334743115
381 0.9316726334743115
382 0.9316726334743115
383 0.9316726334743115
384 0.9316726334743115
385 0.9316728768688795
386 0.9316730637219645
387 0.9316730637219645
388 0.9316730637219645
389 0.9316730637219645
390 0.9316740339937655
391 0.9316740339937655
392 0.9316740339937655
393 0.9316740339937655
394 0.9316740339937655
395 0.9316740339937655
396 0.9316740339937655
397 0.9316740339937655
398 0.9316740339937655
399 0.9316740339937655
400 0.9316740339937655
401 0.9316740339937655
402 0.9316740339937655
403 0.9316740779546768
404 0.9316740779546768
405 0.931674499514861
406 0.931674499514861
407 0.931674499514861
408 0.931674499514861
409 0.931674499514861
410 0.931674499514861
411 0.931674499514861
412 0.9316745782521318
413 0.9316745782521318
414 0.9316745782521318
415 0.9316745782521318
416 0.9316746125835983
417 0.9316746125835983
418 0.931674897598074
419 0.931674897598074
420 0.931675586550042
421 0.9316758920930341
422 0.9316758920930341
423 0.9316758920930341
424 0.9316758920930341
425 0.9316758920930341
426 0.9316758920930341
427 0.9316758920930341
428 0.9316758920930341
429 0.9316758920930341
430 0.9316758920930341
431 0.9316761532168601
432 0.9316761532168601
433 0.9316761532168601
434 0.9316761532168601
435 0.9316761532168601
436 0.9316761532168601
437 0.9316761532168601
438 0.9316761532168601
439 0.9316764502124226
440 0.9316767765640287
441 0.9316768446582818
442 0.9316768446582818
443 0.9316768446582818
444 0.9316768446582818
445 0.9316768446582818
446 0.9316768446582818
447 0.9316768446582818
448 0.9316768446582818
449 0.9316768446582818
450 0.9316768552736066
451 0.9316768552736066
452 0.9316768552736066
453 0.9316768552736066
454 0.9316768552736066
455 0.9316768552736066
456 0.9316772647115176
457 0.9316773299450665
458 0.9316773299450665
459 0.9316773299450665
460 0.9316773299450665
461 0.9316773299450665
462 0.9316774422309329
463 0.9316774422309329
464 0.9316774422309329
465 0.9316774422309329
466 0.9316774422309329
467 0.9316775580365182
468 0.9316776288793196
469 0.9316776288793196
470 0.9316776288793196
471 0.9316776288793196
472 0.9316776288793196
473 0.9316776288793196
474 0.9316780198437409
475 0.9316780198437409
476 0.9316780198437409
477 0.9316780198437409
478 0.9316780198437409
479 0.9316780198437409
480 0.9316780198437409
481 0.9316780198437409
482 0.9316781325793193
483 0.9316781325793193
484 0.9316781325793193
485 0.9316781325793193
486 0.9316781978811018
487 0.9316783933069208
488 0.9316783933069208
489 0.9316783933069208
490 0.9316783933069208
491 0.9316783933069208
492 0.9316789019197357
493 0.9316789019197357
494 0.9316789019197357
495 0.9316789019197357
496 0.9316789019197357
497 0.9316789019197357
498 0.9316789019197357
499 0.9316789019197357
500 0.9316789019197357
501 0.9316789019197357
502 0.9316789019197357
503 0.9316789019197357
504 0.9316789019197357
505 0.9316789019197357
506 0.9316789019197357
507 0.9316789019197357
508 0.9316789019197357
509 0.931679140685737
510 0.931679140685737
511 0.931679140685737
512 0.931679140685737
513 0.931679140685737
514 0.931679140685737
515 0.931679140685737
516 0.931679140685737
517 0.931679140685737
518 0.931679140685737
519 0.931679140685737
520 0.931679140685737
521 0.931679140685737
522 0.9316794223118874
523 0.9316794223118874
524 0.9316794223118874
525 0.9316794223118874
526 0.9316794223118874
527 0.9316794223118874
528 0.9316796192419231
529 0.9316796192419231
530 0.9316796192419231
531 0.9316796192419231
532 0.9316796192419231
533 0.9316796192419231
534 0.9316796192419231
535 0.9316796192419231
536 0.9316796994171733
537 0.9316796994171733
538 0.9316796994171733
539 0.9316799747422354
540 0.9316799747422354
541 0.9316800579506047
542 0.9316800579506047
543 0.9316800579506047
544 0.9316800579506047
545 0.9316800579506047
546 0.9316800579506047
547 0.9316800591483736
548 0.9316800591483736
549 0.9316800591483736
550 0.9316800591483736
551 0.9316800591483736
552 0.9316800591483736
553 0.9316800591483736
554 0.9316801159672266
555 0.9316801159672266
556 0.9316801427672259
557 0.9316804287599548
558 0.9316804287599548
559 0.9316804287599548
560 0.9316804287599548
561 0.9316804287599548
562 0.9316804287599548
563 0.9316804287599548
564 0.9316804287599548
565 0.9316804287599548
566 0.9316804287599548
567 0.9316804287599548
568 0.9316804287599548
569 0.9316804287599548
570 0.9316804287599548
571 0.9316804287599548
572 0.9316804287599548
573 0.9316804287599548
574 0.931680623718199
575 0.931680623718199
576 0.931680623718199
577 0.9316806962705735
578 0.9316806962705735
579 0.931680828324792
580 0.931680828324792
581 0.931680828324792
582 0.931680828324792
583 0.9316810019545319
584 0.9316810019545319
585 0.9316810019545319
586 0.9316810019545319
587 0.9316810019545319
588 0.9316810019545319
589 0.9316810019545319
590 0.9316810019545319
591 0.9316810019545319
592 0.9316810019545319
593 0.9316810019545319
594 0.9316810019545319
595 0.9316810019545319
596 0.9316810019545319
597 0.9316810019545319
598 0.9316810019545319
599 0.9316810019545319
600 0.9316810019545319
601 0.9316810019545319
602 0.9316810831863398
603 0.9316810831863398
604 0.9316810831863398
605 0.931681096963222
606 0.931681096963222
607 0.931681096963222
608 0.9316811218253526
609 0.9316812480090684
610 0.9316812480090684
611 0.9316812480090684
612 0.9316812480090684
613 0.9316812480090684
614 0.9316812480090684
615 0.9316812480090684
616 0.93168149405482
617 0.93168149405482
618 0.93168149405482
619 0.93168149405482
620 0.93168149405482
621 0.93168149405482
622 0.93168149405482
623 0.93168149405482
624 0.93168149405482
625 0.93168149405482
626 0.93168149405482
627 0.93168149405482
628 0.93168149405482
629 0.93168149405482
630 0.93168149405482
631 0.93168149405482
632 0.9316816614122833
633 0.9316816614122833
634 0.9316816614122833
635 0.9316816614122833
636 0.9316816924397179
637 0.9316816924397179
638 0.9316816924397179
639 0.9316816924397179
640 0.9316816924397179
641 0.9316816924397179
642 0.9316817455746133
643 0.9316817455746133
644 0.9316817455746133
645 0.9316819035550539
646 0.9316819035550539
647 0.9316819035550539
648 0.9316821717783839
649 0.9316821717783839
650 0.9316821717783839
651 0.9316821717783839
652 0.9316821717783839
653 0.9316821717783839
654 0.9316821717783839
655 0.9316821717783839
656 0.9316821717783839
657 0.9316821717783839
658 0.9316821717783839
659 0.9316823468232736
660 0.9316823468232736
661 0.9316823468232736
662 0.9316823468232736
663 0.9316823468232736
664 0.9316823468232736
665 0.9316823468232736
666 0.9316823468232736
667 0.9316823468232736
668 0.9316823468232736
669 0.9316823468232736
670 0.9316823468232736
671 0.9316823468232736
672 0.9316823468232736
673 0.9316823468232736
674 0.9316823468232736
675 0.9316824362265297
676 0.9316824362265297
677 0.9316824362265297
678 0.9316824362265297
679 0.9316824368548455
680 0.9316824368548455
681 0.9316824368548455
682 0.9316824368548455
683 0.9316824368548455
684 0.9316824368548455
685 0.9316824920344922
686 0.9316824920344922
687 0.9316824920344922
688 0.9316824920344922
689 0.9316825442065861
690 0.9316825570084815
691 0.9316826283584951
692 0.9316826684441084
693 0.9316826684441084
694 0.9316826684441084
695 0.9316826684441084
696 0.9316826684441084
697 0.9316826684441084
698 0.9316826684441084
699 0.9316826684441084
700 0.9316826684441084
701 0.9316826786228833
702 0.9316826786228833
703 0.9316826786228833
704 0.9316826786228833
705 0.9316826786228833
706 0.9316826786228833
707 0.9316826786228833
708 0.9316826786228833
709 0.9316826907444336
710 0.9316826976659937
711 0.9316826976659937
712 0.9316826976659937
713 0.9316826976659937
714 0.9316826976659937
715 0.9316826976659937
716 0.9316826976659937
717 0.9316827202077085
718 0.9316827202077085
719 0.9316827202077085
720 0.9316827202077085
721 0.9316827972559553
722 0.9316827972559553
723 0.9316829500233499
724 0.9316829500233499
725 0.9316829500233499
726 0.9316829500233499
727 0.9316829500233499
728 0.9316829500233499
729 0.9316829500233499
730 0.9316829500233499
731 0.9316829500233499
732 0.9316829500233499
733 0.9316829500233499
734 0.9316829500233499
735 0.9316829500233499
736 0.9316829500233499
737 0.9316830106527327
738 0.9316830106527327
739 0.9316830106527327
740 0.9316830725637502
741 0.9316830929411185
742 0.9316830929411185
743 0.9316830929411185
744 0.9316830929411185
745 0.9316830929411185
746 0.9316830929411185
747 0.9316830929411185
748 0.9316830929411185
749 0.9316830929411185
750 0.9316830929411185
751 0.9316830929411185
752 0.9316830929411185
753 0.9316830929411185
754 0.9316830929411185
755 0.9316832104848378
756 0.9316832104848378
757 0.9316832104848378
758 0.9316832104848378
759 0.9316832365773768
760 0.9316832365773768
761 0.9316832365773768
762 0.9316832365773768
763 0.9316832365773768
764 0.9316832365773768
765 0.9316832365773768
766 0.9316832365773768
767 0.9316832365773768
768 0.9316832365773768
769 0.9316832365773768
770 0.9316832365773768
771 0.9316832365773768
772 0.9316832365773768
773 0.9316832365773768
774 0.9316832365773768
775 0.931683297745996
776 0.931683297745996
777 0.931683297745996
778 0.931683297745996
779 0.931683408606437
780 0.931683408606437
781 0.931683408606437
782 0.931683408606437
783 0.931683408606437
784 0.931683408606437
785 0.931683408606437
786 0.931683408606437
787 0.931683408606437
788 0.931683408606437
789 0.931683408606437
790 0.931683408606437
791 0.931683408606437
792 0.9316834501097296
793 0.9316834501097296
794 0.9316834501097296
795 0.9316834501097296
796 0.9316834501097296
797 0.9316834501097296
798 0.9316834501097296
799 0.9316834501097296
800 0.9316834501097296
801 0.9316834501097296
802 0.9316834501097296
803 0.9316834501097296
804 0.9316834501097296
805 0.9316834501097296
806 0.9316835144031133
807 0.9316835144031133
808 0.9316835144031133
809 0.9316835144031133
810 0.9316836458896124
811 0.9316836458896124
812 0.9316836458896124
813 0.9316836458896124
814 0.9316836458896124
815 0.9316836458896124
816 0.9316836458896124
817 0.9316836458896124
818 0.9316836458896124
819 0.9316836458896124
820 0.9316836458896124
821 0.931683715241766
822 0.931683715241766
823 0.931683715241766
824 0.931683715241766
825 0.931683715241766
826 0.931683715241766
827 0.931683715241766
828 0.931683715241766
829 0.931683715241766
830 0.9316838167893682
831 0.9316838167893682
832 0.9316838167893682
833 0.9316838167893682
834 0.9316838167893682
835 0.9316838167893682
836 0.9316838167893682
837 0.9316838167893682
838 0.9316838167893682
839 0.9316838167893682
840 0.9316838167893682
841 0.9316838167893682
842 0.9316838167893682
843 0.9316838167893682
844 0.9316838167893682
845 0.9316838167893682
846 0.9316838167893682
847 0.9316839116491442
848 0.9316839116491442
849 0.9316839116491442
850 0.9316839116491442
851 0.9316839116491442
852 0.9316839116491442
853 0.9316839116491442
854 0.9316839116491442
855 0.9316839116491442
856 0.9316839116491442
857 0.9316839116491442
858 0.9316839116491442
859 0.9316839116491442
860 0.9316839116491442
861 0.9316839116491442
862 0.9316839116491442
863 0.9316839116491442
864 0.9316839116491442
865 0.9316839116491442
866 0.9316839116491442
867 0.9316839116491442
