000 0.24772514782762253
001 0.24772514782762253
002 0.34113534455963934
003 0.35819156545874564
004 0.5353033369204575
005 0.6024190603608643
006 0.690596435914911
007 0.690596435914911
008 0.7259409967469329
009 0.7514740491928974
010 0.758349591566468
011 0.8047076738584151
012 0.8277405595019903
013 0.8396384203656864
014 0.8434784943441594
015 0.8501892702210279
016 0.8501892702210279
017 0.8517073171342805
018 0.8526582822138931
019 0.8532698887318492
020 0.8532698887318492
021 0.8532926761422875
022 0.8533312355426406
023 0.8533312355426406
024 0.8533312355426406
025 0.8533312355426406
026 0.8533312355426406
027 0.8537169561979183
028 0.8693205065842476
029 0.8714132034908004
030 0.8714132034908004
031 0.8724549497362023
032 0.8735983545959606
033 0.8743186598615614
034 0.8748930698822379
035 0.8748930698822379
036 0.8843929307393631
037 0.885074776591169
038 0.8855724835733757
039 0.8855724835733757
040 0.8855724835733757
041 0.8855724835733757
042 0.886152390151341
043 0.886152390151341
044 0.886152390151341
045 0.886152390151341
046 0.886152390151341
047 0.8874845691273029
048 0.888049038606765
049 0.8889570949898428
050 0.890081796643722
051 0.8908329433039047
052 0.8909480273762388
053 0.8912866553850933
054 0.8913978426826541
055 0.891842316030236
056 0.8920121666557492
057 0.8921808433766213
058 0.892289880990034
059 0.8924489797340015
060 0.8924968052993287
061 0.8932772010076253
062 0.8936174095957293
063 0.8942673293218767
064 0.8948120534034845
065 0.8952843573253437
066 0.8952862884577598
067 0.8955165065199155
068 0.8955233049722418
069 0.895652285500272
070 0.895652285500272
071 0.8958094955510507
072 0.8959958587589937
073 0.8959958587589937
074 0.8962846095190482
075 0.8969417047582242
076 0.8974396514847615
077 0.8974654307232494
078 0.8977021698509028
079 0.8981906686163755
080 0.8981906686163755
081 0.8984366631628967
082 0.8986310972303285
083 0.8987112682184716
084 0.8987368563830483
085 0.898751684484939
086 0.898996141504618
087 0.8994114805850996
088 0.8996455740542064
089 0.9004011842771599
090 0.9004011842771599
091 0.9005183857880941
092 0.9008086230660425
093 0.9009925529546084
094 0.901176228654015
095 0.9013320633303329
096 0.901535243479549
097 0.9016200063543323
098 0.9019253937172768
099 0.9023327199620268
100 0.9025287012245837
101 0.9028634461030045
102 0.9032684387891776
103 0.9034226350140373
104 0.9035034532490305
105 0.9037151488569253
106 0.9038477240888138
107 0.9041293863157019
108 0.9049450136416676
109 0.9049450136416676
110 0.9051987053059538
111 0.9053849813753372
112 0.9054698389343775
113 0.9056006699939976
114 0.9056086747160431
115 0.9056267686939923
116 0.9058479673444977
117 0.9059432725891252
118 0.9066757804345061
119 0.9070772281970563
120 0.9077520989762624
121 0.9084357238057553
122 0.9087338694948877
123 0.9092394479249856
124 0.9097292093781401
125 0.9098328743821299
126 0.9100533382992843
127 0.9101006832988313
128 0.9101556747203339
129 0.9101578592077436
130 0.9101578592077436
131 0.9101578592077436
132 0.9101578592077436
133 0.910841866482712
134 0.9112572931306185
135 0.9114240538435591
136 0.9116235918286036
137 0.9118690470828893
138 0.9121155647426566
139 0.912268731252511
140 0.9124402633549967
141 0.9125589284348249
142 0.9126330150699193
143 0.912776419364842
144 0.91287175017486
145 0.9129395895982589
146 0.9131176013078861
147 0.9131347863138116
148 0.9133954625547416
149 0.9134960665638325
150 0.9136694304105168
151 0.9138986781736256
152 0.9140316642374303
153 0.9141968776010102
154 0.9142178782008422
155 0.914448321407977
156 0.914448321407977
157 0.9146331473477547
158 0.914697627885612
159 0.9148118047631474
160 0.9149349666241435
161 0.9149420824138687
162 0.9150519849693677
163 0.915063314081707
164 0.9151842295311459
165 0.9152738329952307
166 0.915328728506004
167 0.9153564213942715
168 0.9154820219648702
169 0.9155515167161498
170 0.9155636602366671
171 0.915616567083626
172 0.9156913851942453
173 0.9157252582719146
174 0.9158341910375972
175 0.9158341910375972
176 0.9158582294476035
177 0.9159382214506625
178 0.9160446576320379
179 0.9160635718203104
180 0.9161306164769878
181 0.9162177950395974
182 0.9162177950395974
183 0.9162505206148518
184 0.9162704252573532
185 0.9162945750973606
186 0.9163331222467422
187 0.9163331222467422
188 0.9163661303626737
189 0.9163661303626737
190 0.9163897607853082
191 0.9164299114536594
192 0.9164393032526249
193 0.916486549594211
194 0.916486549594211
195 0.9165377595495212
196 0.9165558489434695
197 0.9165558489434695
198 0.916583531427047
199 0.9165982848122469
200 0.9166297095208749
201 0.9166315873127181
202 0.9166472526294743
203 0.9166588932280664
204 0.9166723794281438
205 0.9166802507401097
206 0.9166841496100399
207 0.9167228368891089
208 0.9167228368891089
209 0.9167228368891089
210 0.9167415490950084
211 0.9167531375761294
212 0.916757211902324
213 0.9167699512051531
214 0.9167911106902215
215 0.9168010556577505
216 0.9168010556577505
217 0.9168137406300436
218 0.9168407679096752
219 0.9168407679096752
220 0.9168407679096752
221 0.9168437080513159
222 0.916866615654534
223 0.916866615654534
224 0.9168769486605731
225 0.9168769486605731
226 0.9168784063411284
227 0.9168801240388825
228 0.9168885042053742
229 0.9168958403222014
230 0.9168958403222014
231 0.9169019128086052
232 0.9169157686346505
233 0.9169157686346505
234 0.9169199273528106
235 0.9169240713102486
236 0.9169456477463795
237 0.9169456477463795
238 0.916946205134214
239 0.9169566921103132
240 0.9169649643089275
241 0.9169649643089275
242 0.9169649643089275
243 0.916972794039738
244 0.916972794039738
245 0.9169771644549666
246 0.9169912683750803
247 0.9169912683750803
248 0.9170075506262831
249 0.9170075506262831
250 0.9170075506262831
251 0.9170075506262831
252 0.9170075506262831
253 0.917012913726317
254 0.9170149729936329
255 0.917026888293591
256 0.917026888293591
257 0.917026888293591
258 0.9170312860347344
259 0.9170312860347344
260 0.9170347489383365
261 0.9170347489383365
262 0.9170347489383365
263 0.9170449446781787
264 0.9170449446781787
265 0.9170449446781787
266 0.9170449446781787
267 0.9170465827247442
268 0.9170492695669699
269 0.9170519874730485
270 0.9170519874730485
271 0.9170575004799024
272 0.9170575004799024
273 0.9170600830161677
274 0.9170600830161677
275 0.9170604201341873
276 0.9170619726122786
277 0.9170619726122786
278 0.9170619726122786
279 0.9170669992803302
280 0.9170669992803302
281 0.9170697049121306
282 0.9170697049121306
283 0.9170697049121306
284 0.9170701274629549
285 0.9170701274629549
286 0.9170755746106031
287 0.9170755746106031
288 0.9170755746106031
289 0.9170755746106031
290 0.9170755746106031
291 0.9170755746106031
292 0.9170755746106031
293 0.9170755746106031
294 0.9170818195910444
295 0.9170818195910444
296 0.9170818195910444
297 0.9170818195910444
298 0.9170818195910444
299 0.9170818195910444
300 0.9170818195910444
301 0.9170818195910444
302 0.9170845014169463
303 0.9170868364585488
304 0.9170868364585488
305 0.9170868364585488
306 0.9170868364585488
307 0.9170873599198649
308 0.9170873599198649
309 0.9170887401496062
310 0.9170887401496062
311 0.9170922629113069
312 0.9170922629113069
313 0.9170922629113069
314 0.9170922629113069
315 0.9170927001189056
316 0.917098178172207
317 0.917098178172207
318 0.9170993662522915
319 0.9170993662522915
320 0.9170993662522915
321 0.9170993662522915
322 0.9170993662522915
323 0.9170993662522915
324 0.9170993662522915
325 0.9171008447003026
326 0.9171008447003026
327 0.9171012976984118
328 0.9171012976984118
329 0.9171012976984118
330 0.9171012976984118
331 0.9171012976984118
332 0.9171015768221036
333 0.9171018278110109
334 0.9171018278110109
335 0.9171018278110109
336 0.9171035934530598
337 0.9171044181704457
338 0.9171044181704457
339 0.9171044181704457
340 0.9171066953636795
341 0.9171098312053044
342 0.9171098312053044
343 0.9171098312053044
344 0.9171098312053044
345 0.9171098312053044
346 0.9171098312053044
347 0.9171098312053044
348 0.9171098312053044
349 0.9171098312053044
350 0.9171102853987362
351 0.9171102853987362
352 0.9171109560692808
353 0.9171109560692808
354 0.917111582075454
355 0.917111582075454
356 0.9171136084767016
357 0.9171143924254793
358 0.9171143924254793
359 0.9171143924254793
360 0.9171143924254793
361 0.9171143924254793
362 0.9171143924254793
363 0.9171143924254793
364 0.9171143924254793
365 0.9171156986441829
366 0.9171156986441829
367 0.9171156986441829
368 0.9171161020978248
369 0.9171165593844589
370 0.9171165593844589
371 0.9171173851155872
372 0.9171173851155872
373 0.9171173851155872
374 0.9171173851155872
375 0.9171180343094875
376 0.9171180343094875
377 0.9171202275185787
378 0.9171202275185787
379 0.9171202275185787
380 0.9171208206047341
381 0.9171208206047341
382 0.9171208206047341
383 0.9171208206047341
384 0.9171208206047341
385 0.9171208206047341
386 0.9171214091852374
387 0.9171225682443291
388 0.91712281467110
389 0.91712281467110
390 0.91712281467110
391 0.91712281467110
392 0.91712281467110
393 0.9171228799507114
394 0.9171228799507114
395 0.9171244427553916
396 0.9171244427553916
397 0.9171244427553916
398 0.9171244427553916
399 0.9171244427553916
400 0.9171244427553916
401 0.9171255867009723
402 0.9171255867009723
403 0.9171259543563244
404 0.9171259543563244
405 0.9171259543563244
406 0.917126218485273
407 0.917126218485273
408 0.9171273710698931
409 0.9171273710698931
410 0.9171273710698931
411 0.9171273710698931
412 0.9171273710698931
413 0.9171273710698931
414 0.9171273710698931
415 0.9171273710698931
416 0.9171273710698931
417 0.9171273710698931
418 0.9171278248036038
419 0.9171289638994877
420 0.9171289638994877
421 0.9171289638994877
422 0.9171289638994877
423 0.9171289638994877
424 0.9171289638994877
425 0.9171289936136882
426 0.9171289936136882
427 0.9171299054452952
428 0.9171299054452952
429 0.9171304843168405
430 0.9171304843168405
431 0.9171304843168405
432 0.9171304843168405
433 0.9171304843168405
434 0.9171304843168405
435 0.9171304843168405
436 0.9171305202555691
437 0.9171305202555691
438 0.9171305202555691
439 0.9171305202555691
440 0.9171307060933969
441 0.9171307060933969
442 0.9171307373455839
443 0.9171310996773117
444 0.9171315164435913
445 0.9171315164435913
446 0.9171315947464243
447 0.9171315947464243
448 0.9171315947464243
449 0.9171321590531151
450 0.9171321590531151
451 0.9171321590531151
452 0.9171321590531151
453 0.9171323842161653
454 0.9171323842161653
455 0.9171323842161653
456 0.9171323842161653
457 0.9171323842161653
458 0.9171326401889459
459 0.9171326401889459
460 0.9171326401889459
461 0.9171326401889459
462 0.9171326401889459
463 0.9171326401889459
464 0.9171326401889459
465 0.9171326755272495
466 0.9171326755272495
467 0.9171326930296819
468 0.9171326930296819
469 0.9171326930296819
470 0.9171329188299301
471 0.9171332132735538
472 0.9171332132735538
473 0.917133816011919
474 0.917133816011919
475 0.917133816011919
476 0.917133816011919
477 0.917133816011919
478 0.917133816011919
479 0.917133816011919
480 0.917133816011919
481 0.917133816011919
482 0.917133816011919
483 0.917133816011919
484 0.917133816011919
485 0.917133816011919
486 0.917133816011919
487 0.917133816011919
488 0.917133816011919
489 0.917133816011919
490 0.917133816011919
491 0.917133816011919
492 0.917133816011919
493 0.917133816011919
