000 0.12792156504943353
001 0.17359504468922426
002 0.18373253727339103
003 0.2234097489489967
004 0.3065103343805458
005 0.3065103343805458
006 0.4673438783217045
007 0.5696558942240836
008 0.5769569109739711
009 0.583137553450228
010 0.6425433115701278
011 0.6743337780051322
012 0.7015205521398569
013 0.7352962910174665
014 0.747445835889859
015 0.7613734760065155
016 0.7824862040420781
017 0.8023986081626389
018 0.814849792660462
019 0.8168315118568609
020 0.8170076986241813
021 0.821329789309073
022 0.8221863961366171
023 0.8246219100050471
024 0.8251307464224152
025 0.8265534048134685
026 0.8271168568906064
027 0.8271176159946982
028 0.8277462719399215
029 0.8284612457827203
030 0.8292773427538295
031 0.8298951579877113
032 0.830286727452795
033 0.830286727452795
034 0.8393528743956501
035 0.8405805414579987
036 0.8405805414579987
037 0.8405805414579987
038 0.8405922129862072
039 0.8405922129862072
040 0.8405922129862072
041 0.8405922129862072
042 0.8405922129862072
043 0.841047707478482
044 0.841047707478482
045 0.8534731705840906
046 0.8558597703230527
047 0.8602660792280155
048 0.8603173585532612
049 0.8634941460952041
050 0.8643643795710625
051 0.8655172061685986
052 0.8671643414827457
053 0.8677563625687741
054 0.8677563625687741
055 0.8677563625687741
056 0.8677563625687741
057 0.8677563625687741
058 0.8677563625687741
059 0.8677563625687741
060 0.8684021874194059
061 0.8684021874194059
062 0.8717979031875471
063 0.8739866084092109
064 0.8760252428904073
065 0.8782307137118723
066 0.8808402730416254
067 0.8822087985435225
068 0.8829389187376847
069 0.8843552915361836
070 0.8846170296282282
071 0.8848892644756048
072 0.8850472111474905
073 0.8858525144367358
074 0.8858525144367358
075 0.8859026112752802
076 0.88632473539181
077 0.8863646462433261
078 0.8876321292205522
079 0.8881659255578016
080 0.8888047317924762
081 0.8894803651590257
082 0.8894988453077061
083 0.8900893129123705
084 0.8900893129123705
085 0.8900893129123705
086 0.8900893129123705
087 0.8903492404441504
088 0.8903492404441504
089 0.8903492404441504
090 0.8903492404441504
091 0.8929281403156151
092 0.8954219454614316
093 0.8954219454614316
094 0.8966427312372149
095 0.8973125711229539
096 0.8983192599926927
097 0.8989052800757665
098 0.8998108458454462
099 0.8999428147218158
100 0.9002747109456575
101 0.9004934357069853
102 0.9005697743454725
103 0.9005910821611828
104 0.9005910821611828
105 0.9006663319292902
106 0.9006663319292902
107 0.9006663319292902
108 0.9031811012901645
109 0.9042920171015713
110 0.9058697984949878
111 0.906550723884894
112 0.9068776449777344
113 0.9074727911075529
114 0.9078997166111332
115 0.9081061598839907
116 0.9082759178246206
117 0.9084627434685274
118 0.9084853913470038
119 0.9085236679120887
120 0.9086066459526193
121 0.9086066459526193
122 0.9093679722109534
123 0.9109311384692816
124 0.9112067370036477
125 0.9122010357902881
126 0.9134430130969771
127 0.9138877536907443
128 0.9143398133892332
129 0.9144559196071441
130 0.9145338497258962
131 0.9145803077030855
132 0.9147391818715157
133 0.9150693444503091
134 0.9152686114381934
135 0.9154274739301289
136 0.9154420813507371
137 0.9173170722145845
138 0.9174245837828799
139 0.9184786561323335
140 0.9192311876132832
141 0.919893430611501
142 0.920001352296287
143 0.9203799204701094
144 0.9204907823385903
145 0.9204907823385903
146 0.9204907823385903
147 0.9204907823385903
148 0.9204907823385903
149 0.9204907823385903
150 0.9204907823385903
151 0.9227357787451897
152 0.9230493814251743
153 0.9237704143837409
154 0.9242890501206811
155 0.9246223300362185
156 0.9247798605584991
157 0.9249480391646971
158 0.925221425562686
159 0.9253079389435274
160 0.9254809279124295
161 0.9255769268719097
162 0.9256214508573724
163 0.9258988002508873
164 0.9272100326737273
165 0.9272541059146677
166 0.9279452291003397
167 0.9280723179789298
168 0.9285932466618352
169 0.9286332090715309
170 0.9288371652497472
171 0.9289318737844412
172 0.9290438057311615
173 0.9290583630643117
174 0.9290691414413857
175 0.9290703736939678
176 0.9302433654289841
177 0.9305101163866547
178 0.9305716207792061
179 0.9307651700057366
180 0.9309420487414799
181 0.9311965226270503
182 0.9314721586603215
183 0.9314721586603215
184 0.9315306207193884
185 0.9316498056305815
186 0.9327471740876484
187 0.9328231312657391
188 0.9330375969599713
189 0.9330563421947085
190 0.9331982863517161
191 0.9332878272806885
192 0.9340892675684008
193 0.9341763515227338
194 0.9345449835477149
195 0.9345449835477149
196 0.9351654275144548
197 0.9353639445205618
198 0.9354282014512542
199 0.935532741765819
200 0.935745896261684
201 0.9357979406248728
202 0.936361459237803
203 0.9364673049538802
204 0.9367287278837226
205 0.9368649234213813
206 0.9374946925737488
207 0.9377068086514259
208 0.9378315750995299
209 0.9380282248241492
210 0.9382350790224777
211 0.9382434162288391
212 0.938329304419541
213 0.9384191698539611
214 0.938479209381325
215 0.9385029786228618
216 0.9391846881472883
217 0.9394292098863174
218 0.9395530343973562
219 0.9396838504468015
220 0.9396838504468015
221 0.9397230047211373
222 0.9397620678153218
223 0.9399383624842725
224 0.939978958931244
225 0.9400713582127642
226 0.9401167516845899
227 0.9402081350361351
228 0.9402763646112711
229 0.9403145518376762
230 0.9403418395644552
231 0.9403935445687666
232 0.940439556082938
233 0.9404460398433167
234 0.9404831465119526
235 0.9404884757544395
236 0.9405215765514423
237 0.9405279439934572
238 0.9405442625483147
239 0.9405927454780674
240 0.9405972608200062
241 0.9405972608200062
242 0.9406230328810712
243 0.9406230328810712
244 0.9406311659916472
245 0.940632957905358
246 0.9406644238500914
247 0.9406644238500914
248 0.9406733428088304
249 0.9406971608811043
250 0.9406971608811043
251 0.9407121272407222
252 0.9407121272407222
253 0.9407446507171887
254 0.9407446507171887
255 0.9407446507171887
256 0.9407446507171887
257 0.9407540753641339
258 0.9407540753641339
259 0.9407639934895073
260 0.940771245483609
261 0.9408116043150473
262 0.9408116043150473
263 0.9408116043150473
264 0.9408116043150473
265 0.9408267227587995
266 0.9408267227587995
267 0.9408419977552709
268 0.9408419977552709
269 0.9408550220197234
270 0.9408550220197234
271 0.9408550220197234
272 0.9408721771267518
273 0.9408817991757618
274 0.9408817991757618
275 0.9408972562491072
276 0.9409032008618708
277 0.9409049536303499
278 0.9409058922471661
279 0.9409195261665653
280 0.9409265461436446
281 0.9409301783369832
282 0.9409366265397027
283 0.9409395547445929
284 0.9409438786304385
285 0.9409561001531953
286 0.9409567086609579
287 0.9409567086609579
288 0.9409574344345689
289 0.9409722310051929
290 0.9409722310051929
291 0.9409722310051929
292 0.940974388258725
293 0.9409761363078756
294 0.940981098527684
295 0.940981098527684
296 0.9409972768345621
297 0.9409972768345621
298 0.9409972768345621
299 0.941008669702276
300 0.9410093812441583
301 0.9410093812441583
302 0.9410109170118214
303 0.9410123472773776
304 0.9410183302095513
305 0.9410183758609907
306 0.9410248562557445
307 0.94102889682902
308 0.9410339788861585
309 0.9410366482673402
310 0.9410452733308208
311 0.9410452733308208
312 0.941047298150965
313 0.941047298150965
314 0.9410492225992364
315 0.9410544339092849
316 0.9410628221532267
317 0.9410628221532267
318 0.9410628221532267
319 0.9410630706247668
320 0.9410663218642437
321 0.9410688242110561
322 0.9410692695302084
323 0.941069647472618
324 0.9410725341742276
325 0.9410772518963894
326 0.9410772518963894
327 0.9410786159286783
328 0.9410795527756828
329 0.9410821891030806
330 0.9410886184196823
331 0.9410886184196823
332 0.9410923656210088
333 0.9410923656210088
334 0.9410923656210088
335 0.9410923656210088
336 0.9410997687496812
337 0.9411022205497551
338 0.9411022205497551
339 0.9411022205497551
340 0.9411022205497551
341 0.9411022205497551
342 0.9411063027211066
343 0.9411071991331165
344 0.9411071991331165
345 0.9411072361372781
346 0.9411178922778402
347 0.9411178922778402
348 0.9411178922778402
349 0.9411197870539925
350 0.9411200225648539
351 0.941120526680866
352 0.941120526680866
353 0.9411215809345321
354 0.9411241797458296
355 0.9411257948361987
356 0.9411260141182571
357 0.9411314305045783
358 0.9411472654548955
359 0.9411472654548955
360 0.9411472654548955
361 0.9411472654548955
362 0.9411472654548955
363 0.9411472654548955
364 0.9411472654548955
365 0.9411472654548955
366 0.9411472654548955
367 0.9411472654548955
368 0.9411472654548955
369 0.9411472654548955
370 0.9411526942649001
371 0.9411591887232821
372 0.9411591887232821
373 0.9411591887232821
374 0.9411591887232821
375 0.9411591887232821
376 0.9411618796027073
377 0.9411624041702502
378 0.9411624041702502
379 0.9411624041702502
380 0.9411706845721973
381 0.9411706845721973
382 0.9411706845721973
383 0.9411706845721973
384 0.9411706845721973
385 0.9411706845721973
386 0.9411734925695517
387 0.9411737350361008
388 0.9411746008408197
389 0.9411746008408197
390 0.9411759069539403
391 0.9411780065781258
392 0.9411783438009227
393 0.9411791430112284
394 0.9411791430112284
395 0.9411835192577964
396 0.9411835192577964
397 0.9411835192577964
398 0.941184947158056
399 0.941184947158056
400 0.941184947158056
401 0.9411871370771888
402 0.9411871370771888
403 0.9411882918456896
404 0.9411882918456896
405 0.9411933093903385
406 0.9411933093903385
407 0.9411933093903385
408 0.9411933093903385
409 0.9411933093903385
410 0.9411933093903385
411 0.9411933093903385
412 0.9411969354006903
413 0.9411969354006903
414 0.9411969354006903
415 0.9411986208535662
416 0.9411986208535662
417 0.9411986208535662
418 0.9411999506925627
419 0.9411999506925627
420 0.9411999506925627
421 0.9412017489000343
422 0.9412017489000343
423 0.9412017489000343
424 0.9412042863588878
425 0.9412042863588878
426 0.9412042863588878
427 0.9412042863588878
428 0.9412042863588878
429 0.9412047774694089
430 0.9412070009327711
431 0.941210217048448
432 0.941210217048448
433 0.941210217048448
434 0.941210217048448
435 0.941211811176979
436 0.941211811176979
437 0.941211811176979
438 0.9412132140577817
439 0.9412132140577817
440 0.9412132140577817
441 0.9412143048815271
442 0.9412145634420851
443 0.9412145634420851
444 0.9412149357590274
445 0.9412163924435701
446 0.9412163924435701
447 0.9412163924435701
448 0.941221302887569
449 0.941221302887569
450 0.9412224608541909
451 0.9412224608541909
452 0.9412230645267338
453 0.9412230645267338
454 0.9412230645267338
455 0.9412230645267338
456 0.9412232877991636
457 0.9412232877991636
458 0.9412243419012128
459 0.9412243419012128
460 0.9412250264361173
461 0.9412268853880905
462 0.9412268853880905
463 0.9412278295275102
464 0.9412278295275102
465 0.9412278295275102
466 0.9412278295275102
467 0.9412283244486538
468 0.9412290056088638
469 0.9412295850736311
470 0.9412295850736311
471 0.9412297878658495
472 0.9412297878658495
473 0.9412311607196469
474 0.9412311607196469
475 0.9412311607196469
476 0.9412348417731572
477 0.9412353782881747
478 0.9412353782881747
479 0.9412353782881747
480 0.9412353782881747
481 0.9412353782881747
482 0.9412386308614981
483 0.9412386308614981
484 0.9412386308614981
485 0.9412386308614981
486 0.9412386308614981
487 0.9412386308614981
488 0.9412386308614981
489 0.9412386308614981
490 0.9412386308614981
491 0.9412406081841977
492 0.9412406081841977
493 0.9412406081841977
494 0.9412406081841977
495 0.9412406081841977
496 0.9412406081841977
497 0.9412406081841977
498 0.9412431008109327
499 0.9412431008109327
500 0.9412431008109327
501 0.9412436409475058
502 0.9412436409475058
503 0.9412436409475058
504 0.9412448841891364
505 0.9412453367997466
506 0.9412453367997466
507 0.9412453367997466
508 0.9412453367997466
509 0.9412453367997466
510 0.9412462288775086
511 0.9412462288775086
512 0.9412485963123834
513 0.9412485963123834
514 0.9412485963123834
515 0.9412485963123834
516 0.9412485963123834
517 0.9412485963123834
518 0.9412487512966481
519 0.9412487512966481
520 0.9412487512966481
521 0.9412490729088923
522 0.9412510225552911
523 0.9412510225552911
524 0.9412510225552911
525 0.9412510225552911
526 0.9412510225552911
527 0.941251522068627
528 0.941251522068627
529 0.941251522068627
530 0.9412529068320487
531 0.9412529068320487
532 0.9412529068320487
533 0.9412529068320487
534 0.9412529068320487
535 0.9412529068320487
536 0.9412529068320487
537 0.9412529068320487
538 0.9412529395366637
539 0.9412536442391328
540 0.9412536442391328
541 0.9412536442391328
542 0.9412542928705757
543 0.9412542928705757
544 0.9412542928705757
545 0.9412542928705757
546 0.9412542928705757
547 0.9412542928705757
548 0.9412542928705757
549 0.9412544465283587
550 0.9412548566773099
551 0.9412548566773099
552 0.9412548566773099
553 0.9412548566773099
554 0.9412548566773099
555 0.9412551003898583
556 0.9412556105920442
557 0.9412556105920442
558 0.9412556105920442
559 0.9412556105920442
560 0.9412556105920442
561 0.9412571638201901
562 0.9412571638201901
563 0.9412571638201901
564 0.9412571638201901
565 0.9412571638201901
566 0.9412571638201901
567 0.9412571638201901
568 0.9412571638201901
569 0.9412571638201901
570 0.9412571638201901
571 0.9412575164175341
572 0.9412575164175341
573 0.9412575164175341
574 0.9412586308288527
575 0.9412586308288527
576 0.9412586308288527
577 0.9412586308288527
578 0.9412598132478102
579 0.9412598132478102
580 0.9412598132478102
581 0.9412598132478102
582 0.9412598132478102
583 0.9412598132478102
584 0.9412598132478102
585 0.9412598132478102
586 0.9412598132478102
587 0.9412598132478102
588 0.9412598132478102
589 0.9412598132478102
590 0.9412598132478102
591 0.9412598132478102
592 0.9412598429553515
593 0.9412598429553515
594 0.9412598429553515
595 0.9412617656049436
596 0.9412617656049436
597 0.9412617656049436
598 0.9412617656049436
599 0.9412617656049436
600 0.9412617656049436
601 0.9412617656049436
602 0.9412617656049436
603 0.9412617656049436
604 0.9412617656049436
605 0.9412617656049436
606 0.9412626129914863
607 0.9412626129914863
608 0.9412626129914863
609 0.9412626129914863
610 0.9412626129914863
611 0.9412626129914863
612 0.941262688599491
613 0.941262688599491
614 0.941262688599491
615 0.9412627652092981
616 0.9412627652092981
617 0.9412627652092981
618 0.9412627652092981
619 0.9412629487407027
620 0.9412629487407027
621 0.9412629487407027
622 0.9412630801047799
623 0.9412636720799784
624 0.9412636720799784
625 0.9412639311588191
626 0.9412639311588191
627 0.9412639311588191
628 0.9412639311588191
629 0.9412639311588191
630 0.9412641204606355
631 0.9412641204606355
632 0.9412644520388999
633 0.9412644520388999
634 0.9412644520388999
635 0.941264795033772
636 0.941264795033772
637 0.941264795033772
638 0.941264795033772
639 0.9412655527122291
640 0.9412655527122291
641 0.9412655527122291
642 0.9412655527122291
643 0.9412655527122291
644 0.9412659544289262
645 0.9412659544289262
646 0.9412659544289262
647 0.9412659544289262
648 0.9412659544289262
649 0.9412659544289262
650 0.9412662110309301
651 0.9412662110309301
652 0.9412662110309301
653 0.9412667330796611
654 0.9412667330796611
655 0.9412667330796611
656 0.9412672532841456
657 0.9412676553886952
658 0.9412676553886952
659 0.9412676553886952
660 0.9412676553886952
661 0.9412676553886952
662 0.9412676553886952
663 0.9412676553886952
664 0.9412676553886952
665 0.941268516745574
666 0.941268516745574
667 0.941268516745574
668 0.941268516745574
669 0.9412685464087417
670 0.9412693940224616
671 0.9412693940224616
672 0.9412693940224616
673 0.9412693940224616
674 0.9412695465805309
675 0.9412695465805309
676 0.9412695465805309
677 0.9412695465805309
678 0.9412695465805309
679 0.9412695465805309
680 0.9412695465805309
681 0.9412695465805309
682 0.9412699861659317
683 0.9412707102280105
684 0.9412707102280105
685 0.9412707102280105
686 0.9412707102280105
687 0.9412707102280105
688 0.9412707102280105
689 0.9412707102280105
690 0.9412707102280105
691 0.9412707102280105
692 0.9412707102280105
693 0.9412707102280105
694 0.9412707102280105
695 0.9412707102280105
696 0.9412707102280105
697 0.9412707102280105
698 0.9412708186324514
699 0.9412708186324514
700 0.9412708435303866
701 0.9412708435303866
702 0.9412710371679295
703 0.9412710371679295
704 0.9412713751825729
705 0.9412713751825729
706 0.9412715712663774
707 0.9412715712663774
708 0.9412715712663774
709 0.9412715712663774
710 0.9412715712663774
711 0.9412715712663774
712 0.9412715712663774
713 0.9412715810760405
714 0.9412717806956268
715 0.9412720274662193
716 0.9412723242566614
717 0.9412723242566614
718 0.9412723242566614
719 0.9412727408341524
720 0.9412727408341524
721 0.9412727408341524
722 0.941273179844587
723 0.941273179844587
724 0.941273179844587
725 0.941273179844587
726 0.941273179844587
727 0.941273179844587
728 0.941273179844587
729 0.941273179844587
730 0.9412734519641776
731 0.9412734519641776
732 0.9412734519641776
733 0.9412734519641776
734 0.9412734519641776
735 0.9412734519641776
736 0.9412734519641776
737 0.9412734519641776
738 0.9412734519641776
739 0.9412739079429934
740 0.9412739079429934
741 0.9412739079429934
742 0.9412739079429934
743 0.9412739079429934
744 0.9412739079429934
745 0.9412739079429934
746 0.9412739079429934
747 0.9412739079429934
748 0.9412739079429934
749 0.9412739079429934
750 0.9412739079429934
751 0.9412739079429934
752 0.9412741705958686
753 0.9412741705958686
754 0.9412741705958686
755 0.9412741705958686
756 0.9412741705958686
757 0.9412741705958686
758 0.9412746319143462
759 0.9412746319143462
760 0.9412746319143462
761 0.9412746319143462
762 0.9412746319143462
763 0.9412746319143462
764 0.9412746319143462
765 0.9412746319143462
766 0.9412746319143462
767 0.9412746319143462
768 0.9412746319143462
769 0.9412746319143462
770 0.9412746319143462
771 0.9412746319143462
772 0.9412751909723602
773 0.9412751909723602
774 0.9412751909723602
775 0.9412751909723602
776 0.9412751909723602
777 0.9412752699134257
778 0.9412752699134257
779 0.9412753824884864
780 0.9412753824884864
781 0.9412753824884864
782 0.9412753824884864
783 0.9412753824884864
784 0.9412753824884864
785 0.9412753824884864
786 0.9412753824884864
787 0.9412753824884864
788 0.9412755668345812
789 0.9412756877174616
790 0.9412756877174616
791 0.9412756877174616
792 0.9412756877174616
793 0.9412757755450748
794 0.9412757755450748
795 0.9412761339752868
796 0.9412761339752868
797 0.9412761339752868
798 0.9412762879087545
799 0.9412762879087545
800 0.9412762879087545
801 0.9412762879087545
802 0.9412762879087545
803 0.9412762879087545
804 0.9412762879087545
805 0.9412762879087545
806 0.9412762879087545
807 0.9412762879087545
808 0.9412762879087545
809 0.9412762879087545
810 0.9412762879087545
811 0.9412762879087545
812 0.9412762915582457
813 0.9412762915582457
814 0.9412762915582457
815 0.9412763975124331
816 0.9412763975124331
817 0.9412763975124331
818 0.9412764240164159
819 0.9412764240164159
820 0.9412764240164159
821 0.9412764240164159
822 0.9412764240164159
823 0.9412764240164159
824 0.9412764240164159
825 0.9412764240164159
826 0.9412764240164159
827 0.9412764240164159
828 0.9412764240164159
829 0.9412764373526727
830 0.9412764373526727
831 0.9412764373526727
832 0.9412764373526727
833 0.9412764373526727
834 0.9412764373526727
835 0.9412764900261165
836 0.9412764900261165
837 0.9412764900261165
838 0.9412764900261165
839 0.9412773362530196
840 0.9412773362530196
841 0.9412773362530196
842 0.9412773362530196
843 0.9412773362530196
844 0.9412773362530196
845 0.9412773362530196
846 0.9412773362530196
847 0.9412773362530196
848 0.9412773362530196
849 0.9412773362530196
850 0.9412773362530196
851 0.9412773362530196
852 0.9412773362530196
853 0.9412773362530196
854 0.9412773362530196
855 0.941277371763189
856 0.941277371763189
857 0.941277371763189
858 0.941277371763189
859 0.941277371763189
860 0.941277371763189
861 0.9412777200690284
862 0.9412777200690284
863 0.9412777200690284
864 0.9412777200690284
865 0.9412777200690284
866 0.9412777200690284
867 0.9412777200690284
868 0.9412777200690284
869 0.9412777200690284
870 0.9412777200690284
871 0.9412777200690284
872 0.9412777200690284
873 0.9412777200690284
874 0.9412777200690284
875 0.9412777200690284
876 0.9412777200690284
877 0.9412778309184724
878 0.9412778309184724
879 0.9412778309184724
880 0.9412778309184724
881 0.9412778309184724
882 0.9412778309184724
883 0.9412778309184724
884 0.9412778309184724
885 0.9412778309184724
886 0.9412778309184724
887 0.9412778309184724
888 0.9412778309184724
889 0.9412780305165053
890 0.9412780305165053
891 0.9412780305165053
892 0.9412780305165053
893 0.9412780305165053
894 0.9412780305165053
895 0.9412781797454697
896 0.9412781797454697
897 0.9412781797454697
898 0.9412781797454697
899 0.9412781797454697
900 0.9412781797454697
901 0.9412781797454697
902 0.9412781797454697
903 0.9412781882913642
904 0.9412781882913642
905 0.9412781882913642
906 0.9412781882913642
907 0.9412781882913642
908 0.9412781882913642
909 0.9412781882913642
910 0.9412781882913642
911 0.9412784264165659
912 0.9412784264165659
913 0.9412784555437973
914 0.9412785496755807
915 0.9412785496755807
916 0.9412785496755807
917 0.9412785496755807
918 0.9412785496755807
919 0.9412785496755807
920 0.9412785496755807
921 0.9412785496755807
922 0.9412785496755807
923 0.9412785496755807
924 0.9412785496755807
925 0.9412785496755807
926 0.9412785496755807
927 0.9412785496755807
928 0.9412785496755807
929 0.9412785496755807
930 0.9412785496755807
931 0.9412785842034082
932 0.9412788043946205
933 0.9412788043946205
934 0.9412790578866523
935 0.9412790578866523
936 0.9412790578866523
937 0.9412790578866523
938 0.9412790578866523
939 0.9412790578866523
940 0.9412790578866523
941 0.9412790578866523
942 0.9412790578866523
943 0.9412790578866523
944 0.9412790578866523
945 0.9412791909980492
946 0.9412791909980492
947 0.9412791909980492
948 0.9412791909980492
949 0.9412791909980492
950 0.9412793943426233
951 0.9412793943426233
952 0.9412793943426233
953 0.9412793943426233
954 0.9412793943426233
955 0.9412793943426233
956 0.9412793943426233
957 0.9412793943426233
958 0.9412793943426233
959 0.9412793943426233
960 0.9412794328206776
961 0.9412794328206776
962 0.9412794568657379
963 0.9412794568657379
964 0.9412794568657379
965 0.9412794568657379
966 0.9412794568657379
967 0.9412794568657379
968 0.9412794568657379
969 0.9412794568657379
970 0.9412794568657379
971 0.9412794568657379
972 0.9412795850564876
973 0.9412796808104985
974 0.9412796808104985
975 0.9412796965859833
976 0.9412796965859833
977 0.9412796965859833
978 0.9412796965859833
979 0.9412796965859833
980 0.9412796965859833
981 0.9412798518097177
982 0.9412798588722525
983 0.9412798588722525
984 0.9412798897174047
985 0.9412798897174047
986 0.9412798897174047
987 0.9412798897174047
988 0.9412798897174047
989 0.9412798897174047
990 0.9412798897174047
991 0.9412798897174047
992 0.9412798897174047
993 0.9412798897174047
994 0.9412798897174047
995 0.9412798897174047
996 0.9412798897174047
997 0.9412798897174047
998 0.9412802744529283
999 0.9412802744529283
1000 0.9412802744529283
1001 0.9412802744529283
1002 0.9412802744529283
1003 0.9412802744529283
1004 0.9412802744529283
1005 0.9412802744529283
1006 0.9412802744529283
1007 0.9412802744529283
1008 0.9412803021662678
1009 0.9412803021662678
1010 0.9412803021662678
1011 0.9412803021662678
1012 0.9412803021662678
1013 0.9412803021662678
1014 0.9412803021662678
1015 0.9412803021662678
1016 0.9412803021662678
1017 0.9412803021662678
1018 0.9412803021662678
1019 0.9412803021662678
1020 0.9412803021662678
1021 0.9412803671581429
1022 0.9412803830837753
1023 0.9412803830837753
1024 0.9412803830837753
1025 0.9412804006105527
1026 0.9412804006105527
1027 0.9412804006105527
1028 0.9412804006105527
1029 0.9412804006105527
1030 0.9412804006105527
1031 0.9412804006105527
1032 0.9412804006105527
1033 0.9412804006105527
1034 0.9412804006105527
1035 0.9412804006105527
1036 0.9412804006105527
1037 0.9412804006105527
1038 0.9412804006105527
1039 0.9412804006105527
1040 0.9412804371972351
1041 0.9412804371972351
1042 0.9412804371972351
1043 0.9412805151014557
1044 0.9412805151014557
1045 0.9412805151014557
1046 0.9412805151014557
1047 0.9412805151014557
1048 0.9412805151014557
1049 0.9412805151014557
1050 0.9412805151014557
1051 0.9412806141022008
1052 0.9412806141022008
1053 0.9412806141022008
1054 0.9412806141022008
1055 0.9412806141022008
1056 0.9412807053788265
1057 0.9412807053788265
1058 0.9412807053788265
1059 0.9412807053788265
1060 0.9412807053788265
1061 0.9412807053788265
1062 0.9412807053788265
1063 0.9412807053788265
1064 0.9412807053788265
1065 0.9412807053788265
1066 0.9412807053788265
1067 0.9412807121159583
1068 0.9412807121159583
1069 0.9412807121159583
1070 0.9412807187793183
1071 0.9412807187793183
1072 0.9412807187793183
1073 0.9412807187793183
1074 0.9412808194413677
1075 0.9412808194413677
1076 0.9412808194413677
1077 0.9412808194413677
1078 0.9412808194413677
1079 0.9412808194413677
1080 0.9412808194413677
1081 0.9412808194413677
1082 0.9412808194413677
1083 0.9412808194413677
1084 0.9412808194413677
1085 0.9412808194413677
1086 0.9412808194413677
1087 0.9412808194413677
1088 0.9412808194413677
1089 0.9412808194413677
1090 0.9412808700377117
1091 0.9412809848170898
1092 0.9412809848170898
1093 0.9412809848170898
1094 0.9412809848170898
1095 0.9412809848170898
1096 0.9412809848170898
1097 0.9412809848170898
1098 0.9412809848170898
1099 0.9412809848170898
1100 0.9412809848170898
1101 0.9412809848170898
1102 0.9412811866762841
1103 0.9412811866762841
1104 0.9412811866762841
1105 0.9412811866762841
1106 0.9412811866762841
1107 0.9412811866762841
1108 0.9412811866762841
1109 0.9412811866762841
1110 0.9412811866762841
1111 0.9412811866762841
1112 0.9412811866762841
1113 0.9412811866762841
1114 0.9412811866762841
1115 0.9412811866762841
1116 0.9412811866762841
1117 0.9412811866762841
1118 0.9412812465315937
1119 0.9412812465315937
1120 0.9412812465315937
1121 0.9412812465315937
1122 0.9412812465315937
1123 0.9412812465315937
1124 0.9412812465315937
1125 0.9412812465315937
1126 0.9412812465315937
1127 0.9412812465315937
1128 0.9412812465315937
1129 0.9412812465315937
1130 0.9412812465315937
1131 0.9412812465315937
1132 0.9412812465315937
1133 0.9412812465315937
1134 0.9412812465315937
1135 0.9412812465315937
1136 0.9412812613738097
1137 0.9412812613738097
1138 0.9412812613738097
1139 0.9412812613738097
1140 0.9412812613738097
1141 0.9412812613738097
1142 0.9412813091788039
1143 0.9412813091788039
1144 0.9412813091788039
1145 0.9412814531992594
1146 0.9412814531992594
1147 0.9412814531992594
1148 0.9412814531992594
1149 0.9412814531992594
1150 0.9412814531992594
1151 0.9412814531992594
1152 0.9412814531992594
1153 0.9412814531992594
1154 0.9412814531992594
1155 0.9412814531992594
1156 0.9412814531992594
1157 0.9412814531992594
1158 0.9412814531992594
1159 0.9412814531992594
1160 0.9412814531992594
1161 0.9412814531992594
1162 0.9412814531992594
1163 0.9412814531992594
1164 0.9412814867668287
1165 0.9412814867668287
1166 0.9412814867668287
1167 0.9412814867668287
1168 0.9412814867668287
1169 0.9412814867668287
1170 0.9412816082080311
1171 0.9412816082080311
1172 0.9412816082080311
1173 0.9412816082080311
1174 0.9412816082080311
1175 0.9412817492413948
1176 0.9412817492413948
1177 0.9412817492413948
1178 0.9412817492413948
1179 0.9412817492413948
1180 0.9412817492413948
1181 0.9412817492413948
1182 0.9412817492413948
1183 0.9412817492413948
1184 0.9412817492413948
1185 0.9412817492413948
1186 0.9412817492413948
1187 0.9412817492413948
1188 0.941281968108067
1189 0.941281968108067
1190 0.941281968108067
1191 0.941281968108067
1192 0.941281968108067
1193 0.941281968108067
1194 0.941281968108067
1195 0.941281968108067
1196 0.941281968108067
1197 0.941281968108067
1198 0.941281968108067
1199 0.941281968108067
1200 0.941281968108067
1201 0.941281968108067
1202 0.941281968108067
1203 0.941281968108067
1204 0.941281968108067
1205 0.941281968108067
1206 0.9412820588827753
1207 0.9412820588827753
1208 0.9412820588827753
1209 0.9412820588827753
1210 0.9412820588827753
1211 0.9412821165118617
1212 0.9412821165118617
1213 0.9412821165118617
1214 0.9412821165118617
1215 0.9412821165118617
1216 0.9412821165118617
1217 0.9412821165118617
1218 0.9412821230613082
1219 0.9412821230613082
1220 0.9412821230613082
1221 0.9412821230613082
1222 0.9412821230613082
1223 0.9412821389802927
1224 0.9412821389802927
1225 0.9412821389802927
1226 0.9412823989351379
1227 0.9412823989351379
1228 0.9412823989351379
1229 0.9412823989351379
1230 0.9412823989351379
1231 0.9412823989351379
1232 0.9412823989351379
1233 0.9412823989351379
1234 0.9412823989351379
1235 0.9412823989351379
1236 0.9412823989351379
1237 0.9412823989351379
1238 0.9412823989351379
1239 0.9412823989351379
1240 0.9412823989351379
1241 0.9412823989351379
1242 0.9412823989351379
1243 0.9412823989351379
1244 0.9412823989351379
1245 0.9412823989351379
1246 0.9412823989351379
