000 0.10242289881955313
001 0.22333954119317753
002 0.2764630020661292
003 0.2764630020661292
004 0.39749341043220565
005 0.4351944686725971
006 0.5290328465253168
007 0.5978886375724156
008 0.6484659521588226
009 0.6484659521588226
010 0.682237914369345
011 0.7264512322071167
012 0.7885406732639494
013 0.8117501745072828
014 0.8280735688890712
015 0.8441804528697585
016 0.8548104226390071
017 0.860361304242289
018 0.8635949417163699
019 0.8694314695544194
020 0.8737815667592476
021 0.8758997513031604
022 0.8818434699032386
023 0.8823639942683231
024 0.8832060978413205
025 0.8852051642367595
026 0.8857720573005935
027 0.8863708391533336
028 0.8874871275583218
029 0.887868205650017
030 0.8882076377078115
031 0.8885274248533314
032 0.8885274248533314
033 0.8885499185370989
034 0.8885499185370989
035 0.8885499185370989
036 0.8885499185370989
037 0.8894003495736923
038 0.8964962697022792
039 0.8978207924272312
040 0.9008490356596349
041 0.9017169147832331
042 0.9023956376739035
043 0.9036733054158996
044 0.9055340632440814
045 0.906967235476488
046 0.9074387724317917
047 0.90868239856393
048 0.9091255848112447
049 0.9092560965091385
050 0.9095571122325233
051 0.9097517693648988
052 0.9098114945117726
053 0.9098114945117726
054 0.9098114945117726
055 0.9118073809438507
056 0.9118073809438507
057 0.911814686637571
058 0.911814686637571
059 0.911814686637571
060 0.9139589935156642
061 0.9139589935156642
062 0.9139589935156642
063 0.9139589935156642
064 0.9139589935156642
065 0.9139589935156642
066 0.9139589935156642
067 0.9139589935156642
068 0.9139589935156642
069 0.9139589935156642
070 0.9157653132070279
071 0.9166409874128149
072 0.9173822493993177
073 0.9183926406632117
074 0.9192429314343342
075 0.9194967755262579
076 0.9201482300625478
077 0.9205942560309821
078 0.9213595915245459
079 0.9216146627246268
080 0.921708322515311
081 0.9218508154087028
082 0.9219338394802145
083 0.9219549482153769
084 0.921964142796677
085 0.921964142796677
086 0.9219650900909613
087 0.9219650900909613
088 0.9237235600341566
089 0.9244111227168167
090 0.9245959248949075
091 0.9254303307431097
092 0.9283218574925144
093 0.9288784258770679
094 0.928894639308345
095 0.9291871897214793
096 0.9292660384641307
097 0.9293879908597669
098 0.9295234499856623
099 0.9295578232423428
100 0.9296034290187711
101 0.9307272854257077
102 0.9307738122333237
103 0.9307789402671198
104 0.9308005829507008
105 0.9316584277603772
106 0.9325149156565483
107 0.9330575406143706
108 0.9334095254088975
109 0.9337072352401679
110 0.934194700206673
111 0.9343238814155753
112 0.9344571714820933
113 0.9345580586835138
114 0.9346678312548095
115 0.9346913449158444
116 0.9353289654434216
117 0.9353930785101627
118 0.9354924834434128
119 0.935963582892466
120 0.9359886024596834
121 0.9363483310648265
122 0.9364151511388602
123 0.9371205575743987
124 0.937404816489757
125 0.9376448671651266
126 0.9377807561911282
127 0.9378650193965311
128 0.9380947679346624
129 0.9382641004473947
130 0.9385140199238545
131 0.9385469279798403
132 0.9385874821891529
133 0.939296184055272
134 0.939296184055272
135 0.9395138729791958
136 0.9396123049166971
137 0.9398470077707889
138 0.9398820142038419
139 0.9403061474835019
140 0.9403061474835019
141 0.9406841853781895
142 0.9407631936974834
143 0.9408049104822528
144 0.9409830414339779
145 0.9414904021450766
146 0.9414947100793742
147 0.9418815798588245
148 0.942237536053088
149 0.9422481648959478
150 0.9423312717272376
151 0.9426884058156648
152 0.9427334940091553
153 0.9428636878311475
154 0.9429376963303904
155 0.9431031942520811
156 0.9433204030705207
157 0.9434011808142734
158 0.9434326901321555
159 0.9435866156973548
160 0.9437662778797681
161 0.9437662778797681
162 0.9438585858773765
163 0.9439295669546152
164 0.9441141924148012
165 0.9442205478854307
166 0.9443170759727763
167 0.9443723191446922
168 0.9444623024256513
169 0.944610518371453
170 0.94471099893318
171 0.94471099893318
172 0.9447577321750301
173 0.9448198522082472
174 0.9448389375918791
175 0.9448670041414735
176 0.9449079393888862
177 0.9450416993157713
178 0.9450416993157713
179 0.9451426299398022
180 0.9452774205167963
181 0.9452774205167963
182 0.9453783454291051
183 0.9454112169084096
184 0.9454550585776064
185 0.9454550585776064
186 0.9455085872863409
187 0.9455596947280501
188 0.9456050646308828
189 0.9456677082605482
190 0.9457011784818202
191 0.9457271693083763
192 0.9457271693083763
193 0.9457898709154484
194 0.9458236448526149
195 0.9458824323705256
196 0.9458903965017369
197 0.9458903965017369
198 0.9459374829283773
199 0.9459516520095407
200 0.9459920025464488
201 0.9460561225099815
202 0.9460561225099815
203 0.9460561225099815
204 0.9460872526719828
205 0.9460872526719828
206 0.9461460727296248
207 0.9461460727296248
208 0.9461696407376976
209 0.946191989170496
210 0.9462417869674482
211 0.9462417869674482
212 0.9462417869674482
213 0.9462585752248658
214 0.9462815577753387
215 0.9462815577753387
216 0.946316303160176
217 0.9463298069088326
218 0.9463573242677917
219 0.9463611015910949
220 0.9463611015910949
221 0.9463668981571541
222 0.946393203896183
223 0.9464011820150489
224 0.9464145477043799
225 0.9464443755837042
226 0.9464443755837042
227 0.9464443755837042
228 0.9464631902286413
229 0.9464745663249897
230 0.9464974565468629
231 0.9465017055107746
232 0.946506540061132
233 0.9465273649528049
234 0.9465273649528049
235 0.9465273649528049
236 0.9465429405934718
237 0.9465548276908596
238 0.9465633845401905
239 0.9465806504462186
240 0.9465807589953582
241 0.9465955420190039
242 0.9466030036513896
243 0.9466033583256013
244 0.9466337947895018
245 0.9466337947895018
246 0.9466421630382647
247 0.9466421630382647
248 0.9466509979469623
249 0.9466764545876176
250 0.9466764545876176
251 0.9466764545876176
252 0.9466972271833997
253 0.9466972271833997
254 0.9467030604006499
255 0.9467082393584754
256 0.9467182859713813
257 0.9467182859713813
258 0.9467283182002441
259 0.9467365890313975
260 0.9467474517240699
261 0.9467474517240699
262 0.946759159905961
263 0.946759159905961
264 0.9467675828554113
265 0.9467675828554113
266 0.9467781995194819
267 0.9467806360806597
268 0.9467965666850877
269 0.9468160132133265
270 0.9468160132133265
271 0.946822163108523
272 0.946822163108523
273 0.946822163108523
274 0.946831781110642
275 0.946831781110642
276 0.9468380427696304
277 0.9468394500226525
278 0.9468547935035443
279 0.9468649520564236
280 0.9468649520564236
281 0.9468693689717043
282 0.9468742162861402
283 0.9468797819704683
284 0.9468840865343018
285 0.9468846908271351
286 0.9468864559531102
287 0.9468919877186114
288 0.9469016254518652
289 0.9469016254518652
290 0.9469016254518652
291 0.946907879574019
292 0.9469097873292427
293 0.9469180168258355
294 0.9469180168258355
295 0.946921243082181
296 0.9469277975689047
297 0.9469362802530544
298 0.94694406866483
299 0.94694406866483
300 0.94694406866483
301 0.9469503717412948
302 0.9469583335141422
303 0.9469583335141422
304 0.9469586762657834
305 0.9469712533685142
306 0.9469712533685142
307 0.9469712533685142
308 0.9469820765331171
309 0.9469836166256484
310 0.9469876739843232
311 0.9469902332567032
312 0.946993070135099
313 0.9470010889398394
314 0.9470010889398394
315 0.9470010889398394
316 0.9470037720089352
317 0.9470126218463686
318 0.9470126218463686
319 0.9470126218463686
320 0.9470126218463686
321 0.9470195458730138
322 0.9470209955430375
323 0.9470247659117449
324 0.9470247659117449
325 0.9470269587722251
326 0.9470348278859086
327 0.9470348278859086
328 0.9470348278859086
329 0.947038973287425
330 0.9470487983993617
331 0.9470487983993617
332 0.9470487983993617
333 0.9470488082765358
334 0.9470488492778151
335 0.9470507490975387
336 0.9470564593979822
337 0.9470564593979822
338 0.9470596038947208
339 0.9470596038947208
340 0.9470596038947208
341 0.9470620646427904
342 0.9470650226327025
343 0.9470696906068964
344 0.9470696906068964
345 0.9470733670494322
346 0.9470762010661422
347 0.9470762010661422
348 0.9470775878749865
349 0.9470787562955634
350 0.9470787562955634
351 0.9470860631900823
352 0.9470860631900823
353 0.9470887617103211
354 0.9470900022116588
355 0.9470927910340348
356 0.9470927910340348
357 0.9470927910340348
358 0.9470927910340348
359 0.9470927910340348
360 0.9471019395496121
361 0.9471019395496121
362 0.9471019395496121
363 0.9471019395496121
364 0.9471019395496121
365 0.9471023996027549
366 0.9471025500594511
367 0.9471030255869273
368 0.9471030255869273
369 0.9471052100969075
370 0.9471052100969075
371 0.9471093587852649
372 0.9471093587852649
373 0.947110767775132
374 0.9471118183785884
375 0.947113222110911
376 0.947113222110911
377 0.947113222110911
378 0.947113222110911
379 0.9471148336493295
380 0.9471152865590015
381 0.9471171271378203
382 0.9471191453171709
383 0.9471191453171709
384 0.9471207025361755
385 0.9471207025361755
386 0.947123091294377
387 0.9471247576175684
388 0.9471247576175684
389 0.9471255126824025
390 0.947129934759774
391 0.947129934759774
392 0.9471313108021344
393 0.9471313108021344
394 0.9471326899824221
395 0.9471326899824221
396 0.9471338039003347
397 0.9471384221700858
398 0.9471392130113923
399 0.9471392130113923
400 0.9471403835345562
401 0.9471405173305728
402 0.9471405173305728
403 0.9471466721096361
404 0.9471468383693635
405 0.9471468383693635
406 0.9471481396286433
407 0.9471512423731188
408 0.9471512423731188
409 0.9471512423731188
410 0.9471531997659997
411 0.9471536448182531
412 0.9471536448182531
413 0.9471564189597923
414 0.9471564189597923
415 0.9471568886676565
416 0.9471570488921128
417 0.947160013585318
418 0.947160013585318
419 0.947160013585318
420 0.947160013585318
421 0.9471631544713406
422 0.9471635661762204
423 0.9471635661762204
424 0.9471635661762204
425 0.9471635661762204
426 0.9471635661762204
427 0.9471649397973709
428 0.9471649397973709
429 0.947166767594408
430 0.947166767594408
431 0.9471694465530248
432 0.9471694465530248
433 0.9471694465530248
434 0.9471695981353511
435 0.9471695981353511
436 0.9471703794382478
437 0.9471705085416184
438 0.9471722401521333
439 0.947172612585662
440 0.947174586863725
441 0.947174586863725
442 0.947174586863725
443 0.9471806330028082
444 0.9471806330028082
445 0.9471806330028082
446 0.9471806330028082
447 0.9471806330028082
448 0.9471836056302717
449 0.9471836056302717
450 0.9471836056302717
451 0.9471836056302717
452 0.9471844225720862
453 0.9471844225720862
454 0.9471874928868088
455 0.9471874928868088
456 0.9471874928868088
457 0.9471874928868088
458 0.9471877251859181
459 0.9471904422256426
460 0.9471926619094047
461 0.9471926619094047
462 0.9471926619094047
463 0.9471952700016154
464 0.9471952700016154
465 0.94719590492361
466 0.94719590492361
467 0.94719590492361
468 0.9471964199621411
469 0.9471964199621411
470 0.9471968997007986
471 0.94720167415825
472 0.94720167415825
473 0.94720167415825
474 0.94720167415825
475 0.9472019159011267
476 0.9472019159011267
477 0.9472019159011267
478 0.9472031152137098
479 0.9472031152137098
480 0.9472031152137098
481 0.9472031152137098
482 0.9472031152137098
483 0.9472031152137098
484 0.9472040623699249
485 0.9472040623699249
486 0.9472040623699249
487 0.9472048167019465
488 0.9472048167019465
489 0.9472048167019465
490 0.947205114054763
491 0.9472056260109285
492 0.9472062832878541
493 0.9472062832878541
494 0.9472072594569042
495 0.9472072594569042
496 0.947207793342941
497 0.9472078828195597
498 0.9472111999233418
499 0.9472111999233418
500 0.9472111999233418
501 0.9472111999233418
502 0.9472111999233418
503 0.9472111999233418
504 0.9472111999233418
505 0.9472121940747185
506 0.9472130255381724
507 0.9472130255381724
508 0.9472130255381724
509 0.9472130255381724
510 0.9472130255381724
511 0.9472130255381724
512 0.9472130255381724
513 0.9472130255381724
514 0.9472133214599078
515 0.9472146189130562
516 0.9472146189130562
517 0.9472148439478151
518 0.9472150158197398
519 0.9472151942632668
520 0.9472151942632668
521 0.9472164920721209
522 0.9472164920721209
523 0.9472164920721209
524 0.9472164920721209
525 0.9472182757626014
526 0.9472182757626014
527 0.9472182757626014
528 0.9472182757626014
529 0.9472185114850498
530 0.9472185114850498
531 0.9472185114850498
532 0.9472185114850498
533 0.9472190004518349
534 0.9472200853705484
535 0.9472200853705484
536 0.9472200853705484
537 0.9472200853705484
538 0.9472200853705484
539 0.9472203517383396
540 0.9472222332938146
541 0.9472222332938146
542 0.9472222332938146
543 0.9472222332938146
544 0.9472224554524075
545 0.9472230494599169
546 0.9472230494599169
547 0.9472230494599169
548 0.9472230494599169
549 0.9472254574860997
550 0.9472254574860997
551 0.9472260275165713
552 0.9472260275165713
553 0.9472260275165713
554 0.9472260275165713
555 0.9472260275165713
556 0.9472262018059501
557 0.9472262018059501
558 0.9472270564941325
559 0.9472270564941325
560 0.9472270564941325
561 0.9472271585059078
562 0.9472272743203837
563 0.9472277531676843
564 0.9472291412646298
565 0.9472292980831448
566 0.94722961656674
567 0.94722961656674
568 0.94722961656674
569 0.9472303358622507
570 0.9472307586361067
571 0.9472323276497835
572 0.9472323276497835
573 0.9472323276497835
574 0.9472323276497835
575 0.947232439981779
576 0.947232439981779
577 0.947232439981779
578 0.9472337321611347
579 0.9472337321611347
580 0.9472337321611347
581 0.9472337321611347
582 0.9472337321611347
583 0.9472337935065263
584 0.9472337935065263
585 0.9472337935065263
586 0.9472337935065263
587 0.9472337935065263
588 0.9472345589418167
589 0.9472345589418167
590 0.9472345589418167
591 0.9472353205093289
592 0.9472353205093289
593 0.9472353205093289
594 0.9472353205093289
595 0.9472362320987823
596 0.9472362320987823
597 0.9472362320987823
598 0.9472362320987823
599 0.9472362320987823
600 0.9472362320987823
601 0.9472362320987823
602 0.9472362320987823
603 0.9472365533896036
604 0.9472369809408152
605 0.9472369809408152
606 0.9472369809408152
607 0.9472369809408152
608 0.9472383035730356
609 0.9472383035730356
610 0.9472383035730356
611 0.9472383035730356
612 0.9472383035730356
613 0.9472395077341562
614 0.9472395077341562
615 0.9472395077341562
616 0.9472395077341562
617 0.9472395077341562
618 0.9472404958656799
619 0.9472404958656799
620 0.9472404958656799
621 0.9472404958656799
622 0.9472404958656799
623 0.9472404958656799
624 0.9472408333681708
625 0.9472408333681708
626 0.9472408333681708
627 0.9472409977748818
628 0.9472409977748818
629 0.9472422218103387
630 0.9472422218103387
631 0.947242933118613
632 0.947242933118613
633 0.947242933118613
634 0.947242933118613
635 0.9472432232671376
636 0.9472432585889039
637 0.9472432585889039
638 0.947243648034643
639 0.947243648034643
640 0.9472447503447803
641 0.9472447503447803
642 0.9472449503011808
643 0.9472449503011808
644 0.9472449503011808
645 0.9472449503011808
646 0.9472449503011808
647 0.9472449503011808
648 0.9472449503011808
649 0.9472452103840067
650 0.9472452103840067
651 0.9472452103840067
652 0.9472468043518073
653 0.9472468043518073
654 0.9472468043518073
655 0.9472468043518073
656 0.9472468043518073
657 0.9472468043518073
658 0.9472468043518073
659 0.9472468043518073
660 0.9472468043518073
661 0.9472468043518073
662 0.9472479420753516
663 0.9472479420753516
664 0.9472479420753516
665 0.9472479420753516
666 0.9472484071121778
667 0.947248552570464
668 0.947248552570464
669 0.947248552570464
670 0.947248552570464
671 0.947248552570464
672 0.947248552570464
673 0.947248552570464
674 0.947248552570464
675 0.947248552570464
676 0.947248552570464
677 0.947248552570464
678 0.9472486428167097
679 0.9472486428167097
680 0.9472486428167097
681 0.9472486428167097
682 0.9472495457260947
683 0.9472495457260947
684 0.9472495457260947
685 0.9472495457260947
686 0.9472496904422606
687 0.9472496904422606
688 0.9472496904422606
689 0.9472496904422606
690 0.9472500545241562
691 0.9472502343323321
692 0.9472502343323321
693 0.9472508490612315
694 0.9472508490612315
695 0.9472508490612315
696 0.9472508490612315
697 0.9472508490612315
698 0.9472508490612315
699 0.9472514673238022
700 0.9472514673238022
701 0.9472514673238022
702 0.9472514673238022
703 0.9472520474278765
704 0.9472520474278765
705 0.9472529715018493
706 0.9472529715018493
707 0.9472529715018493
708 0.9472529715018493
709 0.9472529715018493
710 0.9472544037110178
711 0.9472544037110178
712 0.9472544037110178
713 0.9472544037110178
714 0.9472544037110178
715 0.9472544037110178
716 0.9472544037110178
717 0.9472544037110178
718 0.9472544037110178
719 0.9472544037110178
720 0.9472544037110178
721 0.9472544037110178
722 0.9472544037110178
723 0.9472544037110178
724 0.9472544037110178
725 0.9472544037110178
726 0.9472544037110178
727 0.9472544037110178
728 0.9472544037110178
729 0.9472544037110178
730 0.9472544037110178
