000 0.10599395800417509
001 0.16920847226722183
002 0.24376507199037495
003 0.245744581063754
004 0.3722324553344118
005 0.4103934764398564
006 0.41837940110701094
007 0.4985746890396516
008 0.5831202401575264
009 0.6471092327412685
010 0.6634429781016397
011 0.6884061682690411
012 0.7300774404086781
013 0.786767463223685
014 0.8059750486459087
015 0.8200160931649949
016 0.8336419736481409
017 0.8341911117888435
018 0.8343057138615193
019 0.8397656830032606
020 0.8397656830032606
021 0.8407925756842923
022 0.841053595965956
023 0.841053595965956
024 0.841053595965956
025 0.8453078691837889
026 0.8453078691837889
027 0.8453078691837889
028 0.8453078691837889
029 0.8453078691837889
030 0.8457687868296353
031 0.8457687868296353
032 0.8457687868296353
033 0.845840148909483
034 0.8469875781399655
035 0.8470587347228448
036 0.8474999374811467
037 0.8474999374811467
038 0.8505360167695586
039 0.8505360167695586
040 0.8505360167695586
041 0.8505389451176252
042 0.8509787283824705
043 0.8509787283824705
044 0.8509787283824705
045 0.8511908005873949
046 0.8511908005873949
047 0.8511908005873949
048 0.8609991764834475
049 0.863147247337195
050 0.8641414652600763
051 0.8665435338805231
052 0.867688926801917
053 0.8682596939116898
054 0.8684996516221187
055 0.8691505210664627
056 0.8701462250553795
057 0.8701462250553795
058 0.8706023928989803
059 0.8709919820326901
060 0.871126260664815
061 0.871126260664815
062 0.871126260664815
063 0.8716359720298305
064 0.8716359720298305
065 0.8716359720298305
066 0.8739249941622571
067 0.8755222398544396
068 0.8764222433169975
069 0.877833664692165
070 0.8783368077480486
071 0.8783393281950242
072 0.8784424962711952
073 0.8784991535056975
074 0.8785430888686491
075 0.8785852975038506
076 0.8808218859887295
077 0.880960906243393
078 0.8810192201859248
079 0.8810192201859248
080 0.8810192201859248
081 0.8810192201859248
082 0.8810192201859248
083 0.8810723020210218
084 0.8810723020210218
085 0.8810723020210218
086 0.8826583108251994
087 0.8834084666663667
088 0.8836436726059215
089 0.8841393516186654
090 0.8846546591587309
091 0.8849311067758036
092 0.8851787586897467
093 0.8853663063503799
094 0.885573326807601
095 0.8856363183345441
096 0.8856363183345441
097 0.8856363183345441
098 0.8856363183345441
099 0.8856363183345441
100 0.886884663672345
101 0.8875029902403101
102 0.8880942128560273
103 0.8885373190171482
104 0.8885373190171482
105 0.8887156672218985
106 0.8888842819794232
107 0.8889173693786832
108 0.8889552613034759
109 0.8889552613034759
110 0.8889720382554666
111 0.8889720382554666
112 0.8898328578789464
113 0.8901281205316945
114 0.8908070161268522
115 0.8915622387538102
116 0.8922150814112952
117 0.8925671235592103
118 0.8927041138528602
119 0.8930692076098019
120 0.8932252026516272
121 0.8933343880854144
122 0.8933343880854144
123 0.8933499178370813
124 0.8933516194795929
125 0.8933530938907851
126 0.8938295326839004
127 0.8941976411663533
128 0.8944904677353688
129 0.8948715045127165
130 0.8952417849204484
131 0.8954892908687142
132 0.895654305002768
133 0.8957798946772058
134 0.8961182240982735
135 0.8963723011941837
136 0.8965721484264069
137 0.896714896076717
138 0.8967962416500203
139 0.8970010898021643
140 0.8972776368920695
141 0.897578993812683
142 0.8980430219257558
143 0.8982423629404787
144 0.8989575877506396
145 0.89898095080442
146 0.8992080663627546
147 0.8993970850094758
148 0.8995865385933871
149 0.8998156875811542
150 0.8999902830748238
151 0.9000938828767847
152 0.9001682825469561
153 0.9001873204126736
154 0.90094713457031
155 0.9013753276371527
156 0.9017835786676668
157 0.9024323126069773
158 0.9027691950836035
159 0.9027691950836035
160 0.9029957426459699
161 0.9030228667591647
162 0.9030546928702936
163 0.9030597059658341
164 0.90309382038441
165 0.9031039126872454
166 0.903129047629313
167 0.9039419728072516
168 0.904271767518572
169 0.9045044997189524
170 0.9048258656294903
171 0.9051042172672297
172 0.9052304197595321
173 0.9053799770938039
174 0.9056653936001006
175 0.9057250380309194
176 0.9057457848217316
177 0.9057534310257471
178 0.9060652387924691
179 0.9061341062337561
180 0.9062332028758524
181 0.9063101474932489
182 0.9063806731066765
183 0.906410155146535
184 0.9064622456682648
185 0.9065573066187972
186 0.9065809123101063
187 0.9066693344154386
188 0.9066861704963748
189 0.9067487500663837
190 0.9067875129213578
191 0.9068160159239471
192 0.9068345988630603
193 0.9068781631047116
194 0.9068862536811125
195 0.906909521311699
196 0.906909521311699
197 0.9069225522484967
198 0.9069225522484967
199 0.9069225522484967
200 0.9069454132545407
201 0.9069624512154353
202 0.9069624512154353
203 0.9069718430111974
204 0.9069858042287131
205 0.9069879234958105
206 0.9070072747467515
207 0.9070072747467515
208 0.9070072747467515
209 0.9070128023097761
210 0.9070279300267533
211 0.9070390363084779
212 0.9070475069405706
213 0.9070492282260118
214 0.9070492282260118
215 0.9070669581597641
216 0.9070780197057915
217 0.9070988821682274
218 0.9070988821682274
219 0.9071213681448109
220 0.9071271624923367
221 0.9071271624923367
222 0.9071329128543076
223 0.9071355454174239
224 0.9071410460350716
225 0.9071550270112371
226 0.9071604259223786
227 0.9071802173520758
228 0.9071802173520758
229 0.9071818237518348
230 0.9071899442644152
231 0.9071939918110302
232 0.9072098573905154
233 0.9072377293206452
234 0.907238879254031
235 0.907238879254031
236 0.9072603046477696
237 0.9072745836803797
238 0.9072836021100236
239 0.9073144111761591
240 0.9073194204392789
241 0.9073406343885585
242 0.9073502945374001
243 0.9073757083257621
244 0.9073877103165798
245 0.9073877103165798
246 0.9074248198226126
247 0.907439383914869
248 0.9074603836375846
249 0.9074603836375846
250 0.9074970196803872
251 0.9075404078059602
252 0.9075916064145074
253 0.9076933502563675
254 0.9076933502563675
255 0.9076958712576766
256 0.9077334900239463
257 0.907789370999639
258 0.9079110841848304
259 0.9079165434174183
260 0.9080065065666527
261 0.9080529742729602
262 0.9081052406753822
263 0.908243067463816
264 0.9084158542732151
265 0.9084364724519856
266 0.9087446367386542
267 0.9087446367386542
268 0.908872987736724
269 0.9090392329580558
270 0.9093263710213464
271 0.9095023072428372
272 0.910057324314586
273 0.910587134586038
274 0.910587134586038
275 0.9107449638490629
276 0.9111491779222418
277 0.9113351410616557
278 0.9116495733441388
279 0.9117798953851572
280 0.9119736498729458
281 0.9122203257486962
282 0.9123131474112015
283 0.9127334697602991
284 0.9132740608125495
285 0.913399914584522
286 0.9139599140384946
287 0.9144574421255877
288 0.9148324973262808
289 0.9150365645218715
290 0.9151247153117054
291 0.9152138693792228
292 0.9155420689634717
293 0.9156582850369086
294 0.9157513033742227
295 0.9158225340390813
296 0.9158770652728007
297 0.9168032111359953
298 0.9170668726092431
299 0.91759786828103
300 0.918334423539605
301 0.9186242707458386
302 0.9190541839719539
303 0.9193217011908246
304 0.9195130435575778
305 0.9199639228092906
306 0.9199639228092906
307 0.9200103670406831
308 0.9200714733072001
309 0.9201786693774492
310 0.9201885411107751
311 0.9201885411107751
312 0.9208324347916795
313 0.9215572692026796
314 0.9217948114516563
315 0.9224371595000719
316 0.923237411773867
317 0.9234011681549881
318 0.9238523209776083
319 0.92394076722113
320 0.9240000456538711
321 0.9241241182907369
322 0.9241874272877633
323 0.9242547729174402
324 0.9242654367210105
325 0.9243128164394958
326 0.9246274181065439
327 0.9252482055640385
328 0.9256263117361067
329 0.9258474825928297
330 0.9262754839962531
331 0.9270382280368955
332 0.9271825181636277
333 0.9272810575240099
334 0.9275875441331387
335 0.9277282406784816
336 0.9279671483638515
337 0.9279671483638515
338 0.9281514853478613
339 0.9281837395426898
340 0.9282617459470168
341 0.9284168576129642
342 0.9285037333825077
343 0.928623810982377
344 0.9288593307049433
345 0.9288845153862032
346 0.9290160241547321
347 0.9291016288292291
348 0.9292505139632242
349 0.9293596263852937
350 0.9293801790353228
351 0.9294484349120916
352 0.929478150826874
353 0.9295570830981662
354 0.929633584751031
355 0.929633584751031
356 0.9296345786284327
357 0.9296653814940992
358 0.9296666282930167
359 0.9296787447203809
360 0.9296980550643261
361 0.9297177055875832
362 0.9297285482111827
363 0.9297285482111827
364 0.9297407170828603
365 0.9297407170828603
366 0.9297532864937154
367 0.9297532864937154
368 0.9297532864937154
369 0.9297547018788687
370 0.9297750398048747
371 0.9297750398048747
372 0.9297763170091502
373 0.9297853450729504
374 0.929791985659772
375 0.9297949804137776
376 0.9297978722244943
377 0.9297978722244943
378 0.9297978722244943
379 0.9298027513522595
380 0.9298027513522595
381 0.9298072033025899
382 0.9298072033025899
383 0.9298087357457518
384 0.9298087357457518
385 0.9298087357457518
386 0.9298114028157412
387 0.9298114028157412
388 0.9298114028157412
389 0.9298114028157412
390 0.9298114028157412
391 0.9298114028157412
392 0.9298114028157412
393 0.9298114028157412
394 0.9298114028157412
395 0.9298114028157412
396 0.9298114028157412
397 0.9298116639786119
398 0.9298123565851718
399 0.9298123565851718
400 0.9298123565851718
401 0.9298123565851718
402 0.9298123565851718
403 0.9298135306511897
404 0.9298135306511897
405 0.9298138025770101
406 0.9298138025770101
407 0.9298138025770101
408 0.9298139194531099
409 0.9298143148777577
410 0.9298144548391046
411 0.9298156921890639
412 0.9298156921890639
413 0.9298156921890639
414 0.9298162980099391
415 0.9298162980099391
416 0.9298162980099391
417 0.9298162980099391
418 0.9298162980099391
419 0.9298162980099391
420 0.9298162980099391
421 0.9298179359878506
422 0.9298179359878506
423 0.9298179359878506
424 0.9298179359878506
425 0.9298179359878506
426 0.9298179359878506
427 0.9298183719271235
428 0.929819199071612
429 0.929819199071612
430 0.929819199071612
431 0.929819199071612
432 0.929819199071612
433 0.929819199071612
434 0.929819299760601
435 0.929819299760601
436 0.929819299760601
437 0.9298193356180497
438 0.9298193768587112
439 0.9298193768587112
440 0.9298196172096083
441 0.929819713806275
442 0.9298197542874432
443 0.9298197542874432
444 0.9298197542874432
445 0.929819783327006
446 0.929819783327006
447 0.9298198961016017
448 0.9298200140996759
449 0.9298200140996759
450 0.9298200140996759
451 0.9298200140996759
452 0.9298200452653842
453 0.9298201512808927
454 0.9298203814224394
455 0.9298203814224394
456 0.9298203814224394
457 0.9298203814224394
458 0.9298203814224394
459 0.9298203814224394
460 0.9298203814224394
461 0.9298203814224394
462 0.9298206597108333
463 0.9298206597108333
464 0.9298206597108333
465 0.9298206597108333
466 0.9298206597108333
467 0.9298206597108333
468 0.9298206597108333
469 0.9298206597108333
470 0.9298206597108333
471 0.9298206597108333
472 0.9298206597108333
473 0.9298207173347798
474 0.9298207173347798
475 0.9298208432626879
476 0.9298208432626879
477 0.9298208432626879
478 0.9298208432626879
479 0.9298208432626879
480 0.9298208432626879
481 0.9298208432626879
482 0.9298208783995366
483 0.9298208783995366
484 0.9298208783995366
485 0.9298208783995366
486 0.9298208783995366
487 0.9298208783995366
488 0.9298208783995366
489 0.9298208783995366
490 0.9298208783995366
491 0.9298208783995366
492 0.9298208783995366
493 0.9298208783995366
494 0.9298208783995366
495 0.9298208783995366
496 0.9298208783995366
497 0.9298210531873725
498 0.9298210531873725
499 0.9298210531873725
500 0.9298210531873725
501 0.9298210531873725
502 0.9298210917604902
503 0.9298210917604902
504 0.9298210917604902
505 0.9298210917604902
506 0.9298210917604902
507 0.9298210917604902
508 0.9298210917604902
509 0.9298210917604902
510 0.9298211349915491
511 0.9298211349915491
512 0.9298211349915491
513 0.9298212553760205
514 0.9298212553760205
515 0.9298212553760205
516 0.9298212553760205
517 0.9298212553760205
518 0.9298214603663714
519 0.9298214603663714
520 0.9298214603663714
521 0.9298214603663714
522 0.9298214603663714
523 0.9298214603663714
524 0.9298214603663714
525 0.9298214603663714
526 0.9298214603663714
527 0.929821526066027
528 0.929821526066027
529 0.929821526066027
530 0.929821526066027
531 0.929821526066027
532 0.929821526066027
533 0.9298215654378612
534 0.9298215654378612
535 0.9298215654378612
536 0.9298217206827458
537 0.9298217206827458
538 0.9298217206827458
539 0.9298217206827458
540 0.9298217206827458
541 0.9298217206827458
542 0.9298217206827458
543 0.9298217359676021
544 0.9298217359676021
545 0.9298217359676021
546 0.9298217359676021
547 0.9298217359676021
548 0.9298217359676021
549 0.9298217359676021
550 0.9298217359676021
551 0.9298218106802747
552 0.9298218106802747
553 0.9298218801692797
554 0.9298218801692797
555 0.9298218801692797
556 0.9298218801692797
557 0.9298218801692797
558 0.9298218801692797
559 0.9298218801692797
560 0.9298219246731902
561 0.9298219246731902
562 0.9298219246731902
563 0.9298219246731902
564 0.9298219246731902
565 0.9298219246731902
566 0.9298219246731902
567 0.9298219246731902
568 0.9298220225291504
569 0.9298220225291504
570 0.9298220225291504
571 0.9298220225291504
572 0.9298220225291504
573 0.9298220225291504
574 0.9298220225291504
575 0.9298220225291504
576 0.9298221671183826
577 0.9298221671183826
578 0.9298221671183826
579 0.9298221671183826
580 0.9298221671183826
581 0.9298221671183826
582 0.9298221671183826
583 0.9298221902831278
584 0.9298221902831278
585 0.9298221902831278
586 0.9298221902831278
587 0.9298221902831278
588 0.9298221902831278
589 0.9298221902831278
590 0.9298221902831278
591 0.9298221902831278
592 0.9298221902831278
593 0.9298221902831278
594 0.9298221902831278
595 0.9298221902831278
596 0.9298221902831278
597 0.9298221902831278
598 0.9298221902831278
599 0.9298221902831278
600 0.9298221902831278
601 0.9298221902831278
602 0.9298221902831278
603 0.9298221902831278
