000 0.09919193676956484
001 0.13805392737439923
002 0.22038175676780414
003 0.2837073020541685
004 0.3411282465600532
005 0.36131902473552424
006 0.41756633243510544
007 0.5111592208612918
008 0.5722058745652674
009 0.5722058745652674
010 0.636386277600584
011 0.6524301253278924
012 0.6795868515655806
013 0.7178355780326671
014 0.7280328692921162
015 0.7600614196699976
016 0.808580408544929
017 0.808580408544929
018 0.8271265690821864
019 0.8461962177512123
020 0.8518770861388673
021 0.8560428677572657
022 0.8633672738159194
023 0.8633672738159194
024 0.8641005304447497
025 0.8641005304447497
026 0.8644978889549648
027 0.8644978889549648
028 0.8644978889549648
029 0.8644978889549648
030 0.8644978889549648
031 0.864734114076575
032 0.8795673785050298
033 0.8799053217507145
034 0.8827809360808528
035 0.8844771536568996
036 0.8860210016440325
037 0.8867182157945349
038 0.8879912425864686
039 0.888562304073182
040 0.8893550380320165
041 0.8893550380320165
042 0.8911688095894562
043 0.8911688095894562
044 0.8911688095894562
045 0.891702368868468
046 0.8919158858349366
047 0.8919158858349366
048 0.8919158858349366
049 0.8919158858349366
050 0.8919158858349366
051 0.8921953756968211
052 0.8974718848262181
053 0.8980573269933608
054 0.9012918375911246
055 0.9027936133746929
056 0.9036446984772464
057 0.9041199876814061
058 0.9048905205143086
059 0.9052609243716966
060 0.9056693038189585
061 0.9061060045952318
062 0.9061781136912743
063 0.9062808357405208
064 0.9062808357405208
065 0.9062808357405208
066 0.9062968830613194
067 0.9066190620948307
068 0.9066493054602934
069 0.9084099694587036
070 0.9118572342793205
071 0.9120450538324044
072 0.9125622691305735
073 0.9130144063147887
074 0.913339241185294
075 0.9138958874199637
076 0.9142361858652642
077 0.9144727896629004
078 0.9146851980175771
079 0.914709117468148
080 0.9151941351731517
081 0.9152650656459786
082 0.9152650656459786
083 0.9152650656459786
084 0.9152650656459786
085 0.9177468248675261
086 0.9179023697558626
087 0.9181546080032468
088 0.9183437502414914
089 0.9187254126115432
090 0.9188497118205868
091 0.9191404174845973
092 0.9191547267878283
093 0.919286796300076
094 0.9193209840012677
095 0.9211541829670696
096 0.9213098318440525
097 0.9214923081385554
098 0.9215650765242376
099 0.9216048409011381
100 0.9217153043235695
101 0.9218716781436442
102 0.9218806845195636
103 0.9218966959093172
104 0.9238437178797555
105 0.9241140015488932
106 0.9241191891753485
107 0.9241201513391287
108 0.9241201513391287
109 0.9241201513391287
110 0.9241201513391287
111 0.9242437743701609
112 0.9242437743701609
113 0.9242437743701609
114 0.9256025156571906
115 0.9259107022183646
116 0.9264670947743069
117 0.9267687315758494
118 0.9269471721295605
119 0.9279701871694318
120 0.9279701871694318
121 0.9281055561019294
122 0.928151568321557
123 0.928151568321557
124 0.9282731492326146
125 0.9282731492326146
126 0.9282731492326146
127 0.9282731492326146
128 0.9282731492326146
129 0.9287940732901167
130 0.9293025379137585
131 0.9295764317741225
132 0.9300806255275851
133 0.9304199839033899
134 0.930905650981169
135 0.9313619165141981
136 0.931499539045745
137 0.931499539045745
138 0.9315472955680777
139 0.9315766412167815
140 0.9316134170117029
141 0.9316150142766262
142 0.9316311056974856
143 0.931859885691739
144 0.9320964289540296
145 0.9322362354148412
146 0.9325241294715079
147 0.9326382944355314
148 0.932889464937426
149 0.9331291083992174
150 0.9331693908061749
151 0.9332540984302633
152 0.933368874735397
153 0.933368874735397
154 0.9334202564897577
155 0.9336639193998573
156 0.9336714845575314
157 0.9340113419498353
158 0.9340113419498353
159 0.9342055965822934
160 0.934384477450643
161 0.934414495317873
162 0.9345068109127201
163 0.9346008956063062
164 0.9347343248656049
165 0.9347469649854718
166 0.934868571008123
167 0.934886578618543
168 0.9350490030931723
169 0.9350490030931723
170 0.935058541289006
171 0.9352051277710555
172 0.935249889611653
173 0.9353607229588818
174 0.9354643253103612
175 0.9356177454890788
176 0.9357221798836806
177 0.9358568158552031
178 0.9358961316811133
179 0.9359538178461132
180 0.9360474448877733
181 0.9361326841401377
182 0.936140621518052
183 0.9361483318925307
184 0.9362722230196971
185 0.9363086831437162
186 0.9363116730331735
187 0.9363740910997493
188 0.9365059909949539
189 0.9365318783820712
190 0.936561170614619
191 0.9366606415601487
192 0.9366621104161389
193 0.9366885452187321
194 0.9367076190486279
195 0.9368484476708101
196 0.9368484476708101
197 0.9368531340646434
198 0.9368795627900532
199 0.9369940276805472
200 0.9369940276805472
201 0.9370273646410996
202 0.9371077338925112
203 0.9371077338925112
204 0.9371077338925112
205 0.937184033216869
206 0.9372265763952619
207 0.9372265763952619
208 0.9372272670512982
209 0.9372638327304021
210 0.9372686818416494
211 0.9372898928481826
212 0.9373322614001804
213 0.9373515949827012
214 0.9373515949827012
215 0.9373849124265732
216 0.9373892836425007
217 0.9374178796660991
218 0.9374779292950499
219 0.9375440762030189
220 0.9375440762030189
221 0.9375440762030189
222 0.9375758207046324
223 0.9376561422190419
224 0.9376561422190419
225 0.9376589706266476
226 0.9376589706266476
227 0.9376847575143026
228 0.9377323381877547
229 0.9377392685353902
230 0.9377392685353902
231 0.9377423393353949
232 0.9377607916384356
233 0.9378075634926492
234 0.9378121450864233
235 0.9378361786169235
236 0.9378393762041397
237 0.9378578991404263
238 0.9379172353143109
239 0.9379172353143109
240 0.9379172353143109
241 0.9379262525287128
242 0.9379262525287128
243 0.9379633995224457
244 0.9379633995224457
245 0.9379772017729691
246 0.9380021508681003
247 0.9380021508681003
248 0.9380021508681003
249 0.9380082692977749
250 0.938036660800142
251 0.9380484195763152
252 0.9381087783619758
253 0.9381087783619758
254 0.9381087783619758
255 0.9381087783619758
256 0.9381279145129445
257 0.9381279145129445
258 0.9381484603240084
259 0.9381484603240084
260 0.9381484603240084
261 0.9381497388338933
262 0.938167684224762
263 0.9381824231079284
264 0.9381824231079284
265 0.938189809569436
266 0.9382053306735038
267 0.9382163770199246
268 0.9382260368729258
269 0.9382260368729258
270 0.9382340387215112
271 0.9382444390831373
272 0.9382444390831373
273 0.938262356873795
274 0.9382682230600553
275 0.9382797877137585
276 0.938290618741446
277 0.938290618741446
278 0.9383194753701432
279 0.9383194753701432
280 0.9383194753701432
281 0.9383328357362645
282 0.9383339240805122
283 0.9383560542695961
284 0.9383560542695961
285 0.9383563396733148
286 0.9383592257902178
287 0.9383636058679623
288 0.9383672026620288
289 0.9383808294655103
290 0.9383808294655103
291 0.9383824685281127
292 0.9383881224347439
293 0.9383952158139311
294 0.9384262320921737
295 0.9384262320921737
296 0.9384262320921737
297 0.9384308620786816
298 0.9384308620786816
299 0.9384345910564816
300 0.9384434260818538
301 0.9384434260818538
302 0.9384485524602383
303 0.9384569395852119
304 0.938458302089278
305 0.9384734300413733
306 0.9384734300413733
307 0.9384888333574871
308 0.9384905106797602
309 0.9384957899883508
310 0.9385030847696358
311 0.9385044206882523
312 0.9385044206882523
313 0.938513013419286
314 0.938513394961423
315 0.9385167406956447
316 0.9385295098717298
317 0.9385295098717298
318 0.9385295098717298
319 0.9385295098717298
320 0.9385295098717298
321 0.9385314282187935
322 0.9385368592566166
323 0.9385368592566166
324 0.9385409335555687
325 0.93854214501107
326 0.9385537770035194
327 0.9385560309828677
328 0.9385560309828677
329 0.9385710975738587
330 0.9385710975738587
331 0.9385710975738587
332 0.938580787763577
333 0.9385837226448275
334 0.9385837226448275
335 0.9385837226448275
336 0.9385938273079204
337 0.9385938273079204
338 0.9385938273079204
339 0.9385968446270424
340 0.9386059417117577
341 0.9386059417117577
342 0.9386096807825958
343 0.93860996210729
344 0.9386219989251111
345 0.9386219989251111
346 0.9386219989251111
347 0.9386219989251111
348 0.9386251932493397
349 0.9386367053613324
350 0.9386367053613324
351 0.9386367053613324
352 0.9386367053613324
353 0.9386379654053005
354 0.9386379654053005
355 0.9386401803699925
356 0.9386438268759735
357 0.938651218386387
358 0.938651218386387
359 0.9386515782031746
360 0.9386526893506586
361 0.938653391940052
362 0.938664038442077
363 0.9386653271331343
364 0.9386663112699758
365 0.9386737435673643
366 0.9386737435673643
367 0.9386737435673643
368 0.9386737435673643
369 0.9386737435673643
370 0.9386774460680943
371 0.9386789311031539
372 0.9386789311031539
373 0.9386795002572681
374 0.9386829989658514
375 0.9386881738420488
376 0.9386881738420488
377 0.9386900896549961
378 0.9386900896549961
379 0.9386900896549961
380 0.9386900896549961
381 0.9386900896549961
382 0.9387084568466797
383 0.9387084568466797
384 0.9387084568466797
385 0.9387084568466797
386 0.9387085035158297
387 0.938709103113113
388 0.938709103113113
389 0.9387092280580357
390 0.9387092280580357
391 0.9387113133031256
392 0.9387143623665986
393 0.9387149582744834
394 0.9387149582744834
395 0.9387149582744834
396 0.9387172880580037
397 0.9387224683358381
398 0.9387237044163863
399 0.9387243738942344
400 0.9387260666643022
401 0.9387260666643022
402 0.9387260666643022
403 0.9387309832855899
404 0.9387309832855899
405 0.9387309832855899
406 0.9387344313277237
407 0.938736802569864
408 0.938736802569864
409 0.938736802569864
410 0.9387415061661594
411 0.9387415061661594
412 0.9387415061661594
413 0.9387415061661594
414 0.9387415061661594
415 0.9387415061661594
416 0.9387415061661594
417 0.9387465149850652
418 0.93874657010385
419 0.938747447170867
420 0.938747447170867
421 0.9387482009681656
422 0.9387491027746249
423 0.9387491027746249
424 0.9387501438582069
425 0.9387513060196803
426 0.9387532853297196
427 0.9387534408414249
428 0.9387536982011808
429 0.9387551924638569
430 0.9387551924638569
431 0.938756819886751
432 0.938756819886751
433 0.938756819886751
434 0.938756819886751
435 0.938756819886751
436 0.9387588804400662
437 0.9387588804400662
438 0.9387588804400662
439 0.9387588804400662
440 0.9387588804400662
441 0.9387588804400662
442 0.9387616793598407
443 0.9387616793598407
444 0.9387619039112534
445 0.9387625935631373
446 0.9387625935631373
447 0.9387625935631373
448 0.9387644477630775
449 0.938764877689574
450 0.9387667034735726
451 0.9387667034735726
452 0.938767316884699
453 0.938767316884699
454 0.9387683761491841
455 0.9387683761491841
456 0.9387683761491841
457 0.9387683761491841
458 0.9387683761491841
459 0.9387693391159327
460 0.9387715278408489
461 0.9387715278408489
462 0.938771950258567
463 0.938771950258567
464 0.938771950258567
465 0.9387731766058093
466 0.9387748388700868
467 0.9387748388700868
468 0.9387748388700868
469 0.9387748388700868
470 0.9387748388700868
471 0.9387748388700868
472 0.938776221949418
473 0.938776221949418
474 0.938776221949418
475 0.9387772295075473
476 0.9387772295075473
477 0.9387772295075473
478 0.9387788828186392
479 0.9387788828186392
480 0.9387793054653749
481 0.9387793054653749
482 0.9387793054653749
483 0.9387810740884908
484 0.9387810740884908
485 0.9387810740884908
486 0.9387818084951015
487 0.938783548447117
488 0.938783548447117
489 0.938783548447117
490 0.938783548447117
491 0.9387837766937346
492 0.9387841743244916
493 0.9387841743244916
494 0.9387841743244916
495 0.938784236371983
496 0.9387862307025543
497 0.9387862307025543
498 0.9387862307025543
499 0.9387875242414084
500 0.9387877984273932
501 0.9387884942009437
502 0.9387884942009437
503 0.9387884942009437
504 0.9387891856764642
505 0.9387897387632811
506 0.9387915594706805
507 0.9387915594706805
508 0.9387915594706805
509 0.9387915594706805
510 0.9387926921406546
511 0.9387926921406546
512 0.9387926921406546
513 0.9387927988789568
514 0.9387938611934719
515 0.9387938611934719
516 0.9387955623227597
517 0.9387955623227597
518 0.9387955623227597
519 0.9387955623227597
520 0.9387984724845667
521 0.9387984724845667
522 0.9387984724845667
523 0.9387984724845667
524 0.9387984724845667
525 0.9387984724845667
526 0.9387984724845667
527 0.9387995066787458
528 0.9387995066787458
529 0.9387995066787458
530 0.9387995066787458
531 0.9387995066787458
532 0.9387995066787458
533 0.9387998823575946
534 0.9388006551242435
535 0.9388006551242435
536 0.9388006551242435
537 0.9388006551242435
538 0.9388006551242435
539 0.9388006551242435
540 0.9388006551242435
541 0.9388006551242435
542 0.9388006551242435
543 0.9388009533657421
544 0.9388015919847591
545 0.9388018700077044
546 0.9388018700077044
547 0.9388020756457861
548 0.9388024068077827
549 0.938802514861093
550 0.9388029318101431
551 0.9388029318101431
552 0.9388030836361316
553 0.9388036092682794
554 0.9388038147385307
555 0.9388038147385307
556 0.9388038147385307
557 0.9388038147385307
558 0.9388038147385307
559 0.9388038147385307
560 0.9388038147385307
561 0.9388038798176918
562 0.9388038798176918
563 0.9388047267707048
564 0.9388047267707048
565 0.9388047267707048
566 0.9388059346586201
567 0.9388059346586201
568 0.9388066333358227
569 0.9388066333358227
570 0.9388066333358227
571 0.9388066333358227
572 0.9388066333358227
573 0.9388066333358227
574 0.9388074446127375
575 0.9388074446127375
576 0.9388074446127375
577 0.9388074446127375
578 0.9388074446127375
579 0.9388080424108183
580 0.9388080424108183
581 0.9388080424108183
582 0.9388080424108183
583 0.9388087546257425
584 0.9388087546257425
585 0.9388087546257425
586 0.9388087546257425
587 0.9388107280248847
588 0.9388107280248847
589 0.9388107280248847
590 0.9388123207662208
591 0.9388123207662208
592 0.9388123207662208
593 0.9388123207662208
594 0.9388123207662208
595 0.9388123207662208
596 0.9388123207662208
597 0.9388124890974979
598 0.9388124890974979
599 0.9388124890974979
600 0.9388124890974979
601 0.9388129349388655
602 0.9388129349388655
603 0.9388129349388655
604 0.9388142499760018
605 0.9388143487011048
606 0.9388143487011048
607 0.9388143487011048
608 0.9388143487011048
609 0.9388143487011048
610 0.9388153254035512
611 0.9388153254035512
612 0.9388153254035512
613 0.9388153254035512
614 0.9388161435513064
615 0.9388161435513064
616 0.9388161435513064
617 0.9388161435513064
618 0.9388161435513064
619 0.938817996483324
620 0.938817996483324
621 0.938817996483324
622 0.938817996483324
623 0.938817996483324
624 0.938817996483324
625 0.938817996483324
626 0.938817996483324
627 0.9388180467785692
628 0.9388180467785692
629 0.9388198821138053
630 0.9388198821138053
631 0.9388198821138053
632 0.9388198821138053
633 0.9388198821138053
634 0.9388198821138053
635 0.9388205202656236
636 0.9388205202656236
637 0.9388205202656236
638 0.9388205202656236
639 0.9388205202656236
640 0.9388205202656236
641 0.9388205202656236
642 0.9388205202656236
643 0.9388205202656236
644 0.9388205202656236
645 0.9388205202656236
646 0.9388205202656236
647 0.9388205202656236
648 0.9388205202656236
649 0.9388211890201568
650 0.9388211890201568
651 0.9388218398378965
652 0.9388218398378965
653 0.9388218398378965
654 0.9388218398378965
655 0.9388225491996467
656 0.9388225491996467
657 0.9388225491996467
658 0.9388225491996467
659 0.938823438237104
660 0.938823438237104
661 0.938823438237104
662 0.938823438237104
663 0.9388236405495325
664 0.9388236405495325
665 0.9388240886749877
666 0.9388246836989932
667 0.9388246836989932
668 0.9388246836989932
669 0.9388246836989932
670 0.9388247358465119
671 0.9388247358465119
672 0.9388247358465119
673 0.9388247358465119
674 0.9388247358465119
675 0.9388247358465119
676 0.938824759464968
677 0.9388254713532425
678 0.9388254713532425
679 0.9388254713532425
680 0.9388257539853182
681 0.9388257539853182
682 0.9388257539853182
683 0.938826921991133
684 0.938826921991133
685 0.938826921991133
686 0.938826921991133
687 0.938826921991133
688 0.9388269608540506
689 0.9388269608540506
690 0.9388269608540506
691 0.9388269608540506
692 0.938827338146486
693 0.9388278322623781
694 0.9388280706311956
695 0.9388280706311956
696 0.9388280706311956
697 0.9388280706311956
698 0.9388280706311956
699 0.9388280706311956
700 0.9388280706311956
701 0.9388280706311956
702 0.9388280706311956
703 0.938828287656894
704 0.938828287656894
705 0.938828287656894
706 0.9388290591229369
707 0.9388290591229369
708 0.9388290591229369
709 0.9388290591229369
710 0.9388294467993151
711 0.9388294467993151
712 0.9388296937079811
713 0.9388301079181375
714 0.9388301079181375
715 0.9388301079181375
716 0.9388301079181375
717 0.9388301079181375
718 0.9388301079181375
719 0.9388301079181375
720 0.9388301079181375
721 0.9388302117183539
722 0.9388302117183539
723 0.9388302117183539
724 0.9388305550274905
725 0.9388305550274905
726 0.9388315679599479
727 0.9388315679599479
728 0.9388315679599479
729 0.9388315679599479
730 0.9388315679599479
731 0.9388315679599479
732 0.9388315679599479
733 0.9388315679599479
734 0.9388315679599479
735 0.9388315679599479
736 0.9388315679599479
737 0.9388315679599479
738 0.9388315679599479
739 0.9388318431971623
740 0.9388318431971623
741 0.9388323500619998
742 0.9388324487412862
743 0.9388324487412862
744 0.9388324487412862
745 0.9388324487412862
746 0.9388324487412862
747 0.9388324487412862
748 0.9388329986450635
749 0.9388329986450635
750 0.9388329986450635
751 0.9388329986450635
752 0.9388329986450635
753 0.9388329986450635
754 0.9388329986450635
755 0.9388329986450635
756 0.9388329986450635
757 0.9388333771902712
758 0.9388333771902712
759 0.9388333771902712
760 0.9388333771902712
761 0.9388333771902712
762 0.9388333771902712
763 0.9388338460870567
764 0.9388338460870567
765 0.9388338460870567
766 0.9388338460870567
767 0.9388338460870567
768 0.9388338460870567
769 0.9388338460870567
770 0.9388338460870567
771 0.9388338460870567
772 0.9388338460870567
773 0.9388338460870567
774 0.9388338460870567
775 0.9388338460870567
776 0.9388338460870567
777 0.9388342590653148
778 0.9388342590653148
779 0.9388342590653148
780 0.9388342590653148
781 0.9388342590653148
782 0.9388342590653148
783 0.9388342590653148
784 0.9388342590653148
785 0.9388342590653148
786 0.9388342590653148
787 0.9388342590653148
788 0.9388343216492085
789 0.9388344061723891
790 0.9388344674172336
791 0.9388344674172336
792 0.9388345646321434
793 0.9388352261523717
794 0.9388352261523717
795 0.9388352261523717
796 0.9388352261523717
797 0.9388352261523717
798 0.9388352261523717
799 0.9388352261523717
800 0.9388359633371149
801 0.9388359633371149
802 0.9388359633371149
803 0.9388359633371149
804 0.9388359633371149
805 0.9388359633371149
806 0.9388359633371149
807 0.9388359633371149
808 0.9388359633371149
809 0.9388359633371149
810 0.9388359633371149
811 0.9388359633371149
812 0.9388359633371149
813 0.9388359633371149
814 0.9388359866630469
815 0.9388359866630469
816 0.9388359866630469
817 0.9388359866630469
818 0.9388359866630469
819 0.9388359866630469
820 0.9388359866630469
821 0.9388359866630469
822 0.9388359866630469
823 0.9388363256863379
824 0.9388365066895001
825 0.9388365066895001
826 0.9388365066895001
827 0.9388365066895001
828 0.9388365066895001
829 0.9388365417256359
830 0.9388370692968595
831 0.9388370692968595
832 0.9388370692968595
833 0.9388370692968595
834 0.9388370692968595
835 0.9388370692968595
836 0.9388370692968595
837 0.9388370692968595
838 0.9388370692968595
839 0.9388370692968595
840 0.9388370692968595
841 0.9388370692968595
842 0.9388370692968595
843 0.9388370692968595
844 0.9388370692968595
845 0.9388370692968595
846 0.938837115227133
847 0.938837115227133
848 0.938837115227133
849 0.938837115227133
850 0.9388373868048503
851 0.9388373868048503
852 0.9388373868048503
853 0.9388374235817062
854 0.9388374235817062
855 0.9388374235817062
856 0.9388374235817062
857 0.9388374235817062
858 0.9388374235817062
859 0.9388374235817062
860 0.9388374235817062
861 0.9388374235817062
862 0.9388375689034355
863 0.9388376190248245
864 0.9388376190248245
865 0.9388376190248245
866 0.9388376190248245
867 0.9388376190248245
868 0.938837827323791
869 0.938837827323791
870 0.9388379146198451
871 0.9388380591601552
872 0.9388380591601552
873 0.938838149399736
874 0.938838149399736
875 0.938838149399736
876 0.938838149399736
877 0.938838149399736
878 0.938838149399736
879 0.938838149399736
880 0.9388384985292599
881 0.9388384985292599
882 0.9388384985292599
883 0.9388384985292599
884 0.9388384985292599
885 0.9388384985292599
886 0.9388384985292599
887 0.9388384985292599
888 0.9388384985292599
889 0.938838783421188
890 0.938838783421188
891 0.938838783421188
892 0.938838783421188
893 0.938838783421188
894 0.938839333730531
895 0.938839333730531
896 0.938839333730531
897 0.938839333730531
898 0.938839333730531
899 0.938839333730531
900 0.938839333730531
901 0.938839333730531
902 0.938839333730531
903 0.9388394046033739
904 0.9388394046033739
905 0.9388394046033739
906 0.9388394046033739
907 0.9388394046033739
908 0.9388395115023831
909 0.9388395115023831
910 0.9388395115023831
911 0.9388395115023831
912 0.9388395115023831
913 0.9388395115023831
914 0.9388395115023831
915 0.9388395115023831
916 0.9388395115023831
917 0.9388395330008198
918 0.9388397691676055
919 0.9388397691676055
920 0.9388397691676055
921 0.9388397691676055
922 0.9388397691676055
923 0.9388398491275965
924 0.9388398491275965
925 0.9388398903648323
926 0.9388398903648323
927 0.9388398903648323
928 0.9388398903648323
929 0.9388398903648323
930 0.9388399062383549
931 0.9388399062383549
932 0.9388400309491913
933 0.9388400734653272
934 0.9388400734653272
935 0.9388400734653272
936 0.9388400734653272
937 0.9388400734653272
938 0.9388402266168726
939 0.9388403454658734
940 0.9388403940642399
941 0.9388403940642399
942 0.9388403940642399
943 0.9388403940642399
944 0.9388404480411658
945 0.9388404839815263
946 0.9388405701798522
947 0.9388405701798522
948 0.9388406127113433
949 0.9388407666810152
950 0.9388407666810152
951 0.9388407666810152
952 0.9388407666810152
953 0.9388407666810152
954 0.9388407666810152
955 0.9388407666810152
956 0.9388407971412129
957 0.9388407971412129
958 0.9388410625949134
959 0.9388410625949134
960 0.9388410625949134
961 0.9388410625949134
962 0.9388410625949134
963 0.9388410625949134
964 0.9388412267792062
965 0.9388412267792062
966 0.9388412267792062
967 0.9388415629832076
968 0.9388415629832076
969 0.9388415629832076
970 0.9388415629832076
971 0.9388415629832076
972 0.9388415629832076
973 0.9388415629832076
974 0.9388417441336233
975 0.9388417441336233
976 0.9388420579811111
977 0.9388420579811111
978 0.9388420579811111
979 0.9388420579811111
980 0.9388420579811111
981 0.9388420579811111
982 0.9388420579811111
983 0.9388420579811111
984 0.9388420579811111
985 0.9388420579811111
986 0.9388420579811111
987 0.9388420579811111
988 0.9388420579811111
989 0.9388421309041345
990 0.9388422555962272
991 0.9388422895186362
992 0.9388422895186362
993 0.9388423408874971
994 0.9388423408874971
995 0.9388423408874971
996 0.9388423408874971
997 0.9388423408874971
998 0.9388425074685893
999 0.9388425074685893
1000 0.9388425074685893
1001 0.9388425074685893
1002 0.9388425074685893
1003 0.9388425074685893
1004 0.9388425717061041
1005 0.9388425717061041
1006 0.9388425717061041
1007 0.9388425717061041
1008 0.9388425717061041
1009 0.9388430011672351
1010 0.9388430011672351
1011 0.9388430510166952
1012 0.9388430510166952
1013 0.9388430510166952
1014 0.9388430510166952
1015 0.9388430510166952
1016 0.9388430510166952
1017 0.9388430510166952
1018 0.9388430510166952
1019 0.9388430510166952
1020 0.9388430510166952
1021 0.9388430510166952
1022 0.9388434814048154
1023 0.9388434814048154
1024 0.9388434814048154
1025 0.9388434814048154
1026 0.9388434814048154
1027 0.9388434814048154
1028 0.9388434814048154
1029 0.9388434814048154
1030 0.9388434814048154
1031 0.9388434814048154
1032 0.9388434814048154
1033 0.9388434814048154
1034 0.9388434814048154
1035 0.9388434814048154
1036 0.9388434878738265
1037 0.9388434878738265
1038 0.9388434878738265
1039 0.9388434878738265
1040 0.9388434878738265
1041 0.9388434878738265
1042 0.9388434878738265
1043 0.9388435535553377
1044 0.9388435535553377
1045 0.9388435535553377
1046 0.9388435535553377
1047 0.9388435535553377
1048 0.9388435535553377
1049 0.9388439087788739
1050 0.9388439087788739
1051 0.9388439087788739
1052 0.9388439087788739
1053 0.9388439087788739
1054 0.9388439087788739
1055 0.9388439087788739
1056 0.9388439296584999
1057 0.9388439296584999
1058 0.9388439296584999
1059 0.9388439296584999
1060 0.9388439296584999
1061 0.9388439296584999
1062 0.9388439296584999
1063 0.9388439296584999
1064 0.9388440061309269
1065 0.9388440160939155
1066 0.9388440626889712
1067 0.9388441812642345
1068 0.9388441812642345
1069 0.9388441812642345
1070 0.9388441812642345
1071 0.9388441812642345
1072 0.9388441812642345
1073 0.9388441812642345
1074 0.9388441812642345
1075 0.9388443800249534
1076 0.9388443800249534
1077 0.9388443800249534
1078 0.9388443800249534
1079 0.9388443800249534
1080 0.9388443800249534
1081 0.9388443800249534
1082 0.9388443800249534
1083 0.9388446718275093
1084 0.9388446718275093
1085 0.9388446718275093
1086 0.9388446718275093
1087 0.9388446718275093
1088 0.9388446718275093
1089 0.9388446718275093
1090 0.9388446718275093
1091 0.9388446718275093
1092 0.9388446718275093
1093 0.9388446718275093
1094 0.9388446718275093
1095 0.9388446718275093
1096 0.9388446718275093
1097 0.9388446718275093
1098 0.9388446718275093
1099 0.9388446718275093
1100 0.9388446718275093
1101 0.9388446718275093
1102 0.9388446718275093
1103 0.9388447398077563
