000 0.07747106673913716
001 0.10602123936676153
002 0.10602123936676153
003 0.1350124309621675
004 0.18858366736978824
005 0.25121534961058517
006 0.3218425500239745
007 0.3529140568461042
008 0.38474333171575487
009 0.45659203071972987
010 0.5221054512596481
011 0.5937975349710749
012 0.6043011435046132
013 0.644807809223491
014 0.6660042527026311
015 0.7206782547704907
016 0.7206782547704907
017 0.7206782547704907
018 0.7232530925729119
019 0.7232530925729119
020 0.7304988666714332
021 0.7408878552260543
022 0.7420107136337959
023 0.7457093496726194
024 0.7476677737963352
025 0.752568570977669
026 0.7526947385647018
027 0.7526947385647018
028 0.7531864572330389
029 0.7531864572330389
030 0.7531864572330389
031 0.7531864572330389
032 0.7534708918531506
033 0.7583488143253084
034 0.7583488143253084
035 0.7586476858845919
036 0.7590173186097275
037 0.760326697117127
038 0.760326697117127
039 0.7610208888598116
040 0.7623288917918272
041 0.7623288917918272
042 0.7642676285690964
043 0.7642676285690964
044 0.7642676285690964
045 0.764806783936001
046 0.764806783936001
047 0.764806783936001
048 0.764806783936001
049 0.764806783936001
050 0.764806783936001
051 0.764806783936001
052 0.7672953779746448
053 0.7686535393265997
054 0.7703116983362811
055 0.773239182569258
056 0.7774415229336709
057 0.7792225050078618
058 0.7824068772368009
059 0.7828803431026913
060 0.7842508857868852
061 0.7846177033800847
062 0.7850994474582574
063 0.7853128696248339
064 0.7856265876368524
065 0.7857367310117215
066 0.7860491933670984
067 0.7860544584257231
068 0.7861025166532517
069 0.7861025166532517
070 0.7861025166532517
071 0.7861025166532517
072 0.7882927449606631
073 0.789198153330291
074 0.7908366716123001
075 0.7925628902819045
076 0.7940584236315761
077 0.795373257963957
078 0.7965874960947762
079 0.7968653733410913
080 0.7973494965564605
081 0.7978158766927957
082 0.797938405355898
083 0.7979527637234248
084 0.7980124603425087
085 0.7980124603425087
086 0.8012134270299862
087 0.8012727453455433
088 0.8012727453455433
089 0.8012727453455433
090 0.8012727453455433
091 0.8012727453455433
092 0.8012727453455433
093 0.8013957831305998
094 0.8013957831305998
095 0.8013957831305998
096 0.8032435631728863
097 0.8040726876769344
098 0.8053764703926746
099 0.8069641561628363
100 0.8078818399557651
101 0.8087412068332654
102 0.809888984101841
103 0.8101507568314554
104 0.8108915004344452
105 0.8120840116920053
106 0.8124940116784618
107 0.8126893208778395
108 0.8137480381551478
109 0.814002951578844
110 0.8140852747274708
111 0.8141052134620448
112 0.8141052134620448
113 0.8141052134620448
114 0.8141052134620448
115 0.8141052134620448
116 0.8141052134620448
117 0.8141052134620448
118 0.8156791105208824
119 0.8166133426574768
120 0.817727081189213
121 0.8190326875738949
122 0.8194149603959149
123 0.8203270196303216
124 0.8208819845530064
125 0.8212916334328852
126 0.8214650345896974
127 0.8218697813129826
128 0.8221678011592263
129 0.8221678011592263
130 0.8221678011592263
131 0.8232955491286961
132 0.8233185162418345
133 0.8233185162418345
134 0.8235076875070255
135 0.8246388430767594
136 0.8246388430767594
137 0.8246388430767594
138 0.8251249823334268
139 0.8251459334604098
140 0.8251459334604098
141 0.826009858798313
142 0.8265439715977723
143 0.8273192559356043
144 0.8279696020069331
145 0.8290925680988664
146 0.8294500234731227
147 0.8297359034984705
148 0.8301069946440943
149 0.8305041266531765
150 0.8306585112233876
151 0.8307629569426077
152 0.8310421868111569
153 0.8311115523538165
154 0.8311185698882886
155 0.8311836049767719
156 0.8311836049767719
157 0.8311836049767719
158 0.8323170585301345
159 0.832621258778214
160 0.8332913459102343
161 0.8343328380866876
162 0.8347558956201224
163 0.8355871831924009
164 0.8356136260219913
165 0.8362769096621162
166 0.8365548509848645
167 0.8367827159342542
168 0.8367827159342542
169 0.8367827159342542
170 0.8367827159342542
171 0.8367827159342542
172 0.838043399040111
173 0.838043399040111
174 0.838043399040111
175 0.8391692049660122
176 0.8394265259398517
177 0.8397162369515307
178 0.8404667297046843
179 0.8407567156954163
180 0.8410703906159693
181 0.8415385744316748
182 0.8416614228657469
183 0.8419978016019839
184 0.8420199345802448
185 0.8425896380225967
186 0.8427816804939259
187 0.8428698567809347
188 0.8428698567809347
189 0.8428698567809347
190 0.8428698567809347
191 0.8434389162871611
192 0.8440517240157537
193 0.8443733482193982
194 0.8445735487403004
195 0.8448154319529796
196 0.8450328179538469
197 0.8454884066475923
198 0.845652814319262
199 0.846015951209958
200 0.8461891662684538
201 0.8464070582421076
202 0.8466820972150869
203 0.8468366786221858
204 0.8469236257769006
205 0.8469724426288504
206 0.8469818169210207
207 0.8477184839330731
208 0.8480649278785467
209 0.8484214447081967
210 0.8487365651948019
211 0.8489073704263117
212 0.8489165673657805
213 0.8490388157705739
214 0.8491540143907943
215 0.8492829347927926
216 0.8495355300992319
217 0.8496649211766353
218 0.8503007409212721
219 0.850332289292129
220 0.8508028007979538
221 0.850927706699731
222 0.8513921614628935
223 0.8518765291000739
224 0.8518765291000739
225 0.8522580025220254
226 0.8524844461560527
227 0.8526073894720474
228 0.8527419683915904
229 0.8530346413509827
230 0.8531189874297956
231 0.8532541010986495
232 0.8533016873177907
233 0.8536532847659656
234 0.8538063439279423
235 0.8543813936397948
236 0.8545965924739206
237 0.8549360743053787
238 0.8552617990267409
239 0.8555283502440687
240 0.8557300321544142
241 0.8558284350357334
242 0.8559637486464112
243 0.8559823204479307
244 0.8560140438898278
245 0.856067578702381
246 0.8561971829309528
247 0.856508000526504
248 0.8566250108777794
249 0.8568299416735413
250 0.8571755164731364
251 0.8573351351985099
252 0.8576009196415456
253 0.8578254855766194
254 0.8579969539210627
255 0.8583689925054225
256 0.8586921027024685
257 0.8587806409177167
258 0.858900799123876
259 0.8590942256569137
260 0.8591546867531501
261 0.859287097003363
262 0.859386494593537
263 0.8594691744051174
264 0.8595340722383037
265 0.8596610868726758
266 0.8599035322277179
267 0.8599244895349896
268 0.8600927994799035
269 0.8603964045233624
270 0.8605728911151076
271 0.8608049558403833
272 0.8609057436933587
273 0.8613489996345499
274 0.8617282862281986
275 0.8617282862281986
276 0.861808934249571
277 0.8618350169281425
278 0.8618668101757887
279 0.8619312646950196
280 0.8620546101924254
281 0.862123309526266
282 0.8621691544749174
283 0.8622531686170589
284 0.8623346165647879
285 0.8624422247225393
286 0.862577643737664
287 0.8626511527066499
288 0.862693167059948
289 0.8630089517774234
290 0.8631696758793115
291 0.8632599458294331
292 0.863421150492605
293 0.8636807240956266
294 0.863726856391169
295 0.863841143731401
296 0.8638893565210407
297 0.8640537305952896
298 0.8640537305952896
299 0.86416884364460
300 0.864223908044271
301 0.8642759004365913
302 0.8644170803412682
303 0.8645522808289313
304 0.8646849490013385
305 0.8649415632447424
306 0.8649415632447424
307 0.8651086550721867
308 0.8652539827140339
309 0.8655028032152311
310 0.8655191589315643
311 0.8659420084588904
312 0.8660599195105749
313 0.8662307309918164
314 0.8665865688085308
315 0.8667494798635031
316 0.8670402411131602
317 0.867329445860819
318 0.8674472451058345
319 0.8678950763505063
320 0.8680509483707506
321 0.8681547427459396
322 0.8683624656366826
323 0.868512254711475
324 0.8686292608713153
325 0.8688768982199881
326 0.8692854950425954
327 0.8695163798809186
328 0.8698118634677011
329 0.8699978777033592
330 0.8703294296846628
331 0.8708404440335477
332 0.8709211412143647
333 0.8711006017467374
334 0.8711891501358303
335 0.8712856462022974
336 0.8714390865525145
337 0.871502871417205
338 0.871592714285519
339 0.871620742956309
340 0.8721045549944265
341 0.8723543905522827
342 0.8732479066834251
343 0.8739980073786803
344 0.8746370334697184
345 0.8748615724379745
346 0.8752990372916911
347 0.8760603676027209
348 0.8764669500294534
349 0.8770766093009432
350 0.8777224572595952
351 0.87820946582876
352 0.878209658159712
353 0.8785071815416854
354 0.8786879916727716
355 0.8787148652976311
356 0.8788052038569941
357 0.878879826860794
358 0.8788901301484915
359 0.8788901301484915
360 0.8796676218046013
361 0.8802355902782091
362 0.8812495477551459
363 0.8817195807496732
364 0.882406812700588
365 0.8830480322629383
366 0.8835939851716937
367 0.883883051932605
368 0.8847538807528545
369 0.8848500547844669
370 0.8853126477817497
371 0.8855510251808761
372 0.8855572371838657
373 0.8856241467724414
374 0.8856313250638077
375 0.8856330413370795
376 0.8856334749100553
377 0.8856334749100553
378 0.8864295532924068
379 0.8868989236488067
380 0.8874155016240441
381 0.8877975455124419
382 0.8878935034944199
383 0.8880309478032092
384 0.8882675094095446
385 0.8883209394809058
386 0.8883857292056957
387 0.8885272408405489
388 0.8885791348214371
389 0.8886377720697978
390 0.8887870718820813
391 0.8890108192483005
392 0.8891261465284941
393 0.889379135370025
394 0.8893907071393152
395 0.8895406562122578
396 0.8896219114900201
397 0.8897252418391041
398 0.8898113254891589
399 0.8899410962639576
400 0.8900774896756781
401 0.8901656492131627
402 0.8904182435810454
403 0.8904182435810454
404 0.8905399223978763
405 0.8906726385969057
406 0.8906726385969057
407 0.8907378278411554
408 0.8909504480801177
409 0.8909576710615675
410 0.8911242395695487
411 0.8911512881791747
412 0.8912729170652721
413 0.8913223129864511
414 0.8914557106162871
415 0.8914892476473936
416 0.8916095212207752
417 0.8916443701978242
418 0.8916647100317868
419 0.8917703819211514
420 0.8917933443554209
421 0.8918973274753658
422 0.8919139429577311
423 0.8920013572683652
424 0.8920176850644529
425 0.8920464351601531
426 0.8921130796924808
427 0.8921130796924808
428 0.8921934890709322
429 0.8921934890709322
430 0.8922131644831731
431 0.8922131644831731
432 0.8922762942720827
433 0.8922762942720827
434 0.892366472687539
435 0.8923979051556875
436 0.892418479344172
437 0.8924570038304372
438 0.8924570038304372
439 0.8924829187750635
440 0.8925136165944744
441 0.8925374213322779
442 0.892554265623213
443 0.892554265623213
444 0.8926081928849793
445 0.8926275104291683
446 0.8926412123292004
447 0.8926478212926051
448 0.8926569982546522
449 0.8926771674911194
450 0.8926771674911194
451 0.8927059948939824
452 0.8927275086791796
453 0.892798723178782
454 0.8928435270806924
455 0.8929047615285952
456 0.8930260767042899
457 0.8930260767042899
458 0.8930260767042899
459 0.8931236982981032
460 0.8931587517932544
461 0.8931809770130547
462 0.8931809770130547
463 0.8931809770130547
464 0.8932491878441801
465 0.8932600887622382
466 0.8932600887622382
467 0.8932784174691005
468 0.893294522292065
469 0.893335562041462
470 0.8933437853667232
471 0.8933654688958284
472 0.8933991298725038
473 0.8933991298725038
474 0.8934068077468152
475 0.8934156980501381
476 0.8934243574826207
477 0.8934430593310448
478 0.8934430593310448
479 0.8934430593310448
480 0.8934430593310448
481 0.8934430593310448
482 0.8934512843005485
483 0.8934532378994158
484 0.893457169809747
485 0.8934645062032741
486 0.8934715196989518
487 0.8934715196989518
488 0.8934791849679227
489 0.8934791849679227
490 0.8934830453903424
491 0.8934830453903424
492 0.8934866922383157
493 0.8934866922383157
494 0.8934877935225439
495 0.8934936155528618
496 0.8934945703240594
497 0.8934945703240594
498 0.8935012469310781
499 0.8935012469310781
500 0.8935012469310781
501 0.8935012469310781
502 0.893522213644263
503 0.893522213644263
504 0.8935252884674736
505 0.8935252884674736
506 0.8935325203128902
507 0.8935329983902502
508 0.8935404663386869
509 0.8935404663386869
510 0.8935404663386869
511 0.8935404663386869
512 0.8935466159647762
513 0.8935466159647762
514 0.8935466159647762
515 0.8935529471846343
516 0.8935529471846343
517 0.8935612187379218
518 0.8935612187379218
519 0.8935612187379218
520 0.8935616430318774
521 0.8935635499974681
522 0.8935636143645473
523 0.8935708401759317
524 0.8935742831984711
525 0.8935776824075324
526 0.8935776824075324
527 0.893579528184762
528 0.8935853538432331
529 0.8935853538432331
530 0.8935884909475593
531 0.8935895865795029
532 0.8935895865795029
533 0.8935953005918089
534 0.8935953005918089
535 0.8935982673168246
536 0.8935982673168246
537 0.8936020016233015
538 0.8936020016233015
539 0.8936020016233015
540 0.8936035171707325
541 0.8936063044174974
542 0.8936063044174974
543 0.8936074296602476
544 0.8936074296602476
545 0.8936130346453607
546 0.8936130346453607
547 0.8936142431674764
548 0.8936177403186693
549 0.8936189485205899
550 0.8936232623659291
551 0.8936232623659291
552 0.8936235230395705
553 0.8936248105560618
554 0.8936248105560618
555 0.8936294752642483
556 0.8936294752642483
557 0.8936320195269801
558 0.8936320195269801
559 0.8936320195269801
560 0.8936337090028672
561 0.8936337090028672
562 0.8936337090028672
563 0.8936337779672431
564 0.8936347292260448
565 0.8936347292260448
566 0.8936371613846247
567 0.8936375658178052
568 0.8936375658178052
569 0.8936421356407516
570 0.8936421356407516
571 0.8936421356407516
572 0.8936421356407516
573 0.8936474239933689
574 0.8936474239933689
575 0.8936474239933689
576 0.8936474239933689
577 0.8936474239933689
578 0.8936474239933689
579 0.8936474239933689
580 0.8936474239933689
581 0.8936479355296195
582 0.8936499572783966
583 0.8936540194780574
584 0.8936543126689689
585 0.8936543126689689
586 0.8936543126689689
587 0.8936555955682453
588 0.8936555955682453
589 0.8936555955682453
590 0.8936611031641131
591 0.8936618868971482
592 0.8936618868971482
593 0.8936619292656036
594 0.8936622949620914
595 0.8936622949620914
596 0.8936622949620914
597 0.8936655695675318
598 0.8936655695675318
599 0.8936658354374768
600 0.8936681459464669
601 0.8936681459464669
602 0.8936681459464669
603 0.8936681459464669
604 0.8936681459464669
605 0.8936686520270651
606 0.8936705834538796
607 0.8936705834538796
608 0.8936705834538796
609 0.8936718724631837
610 0.8936769848793132
611 0.8936769848793132
612 0.8936769848793132
613 0.8936769848793132
614 0.8936769848793132
615 0.8936769848793132
616 0.8936782346025586
617 0.8936782346025586
618 0.8936817909988083
619 0.893683216018728
620 0.893683216018728
621 0.8936849676229206
622 0.8936849676229206
623 0.8936849676229206
624 0.8936861461893497
625 0.8936862567721533
626 0.8936875689509023
627 0.8936885865706181
628 0.8936885865706181
629 0.8936885865706181
630 0.8936885865706181
631 0.8936885865706181
632 0.8936885865706181
633 0.8936885865706181
634 0.8936885865706181
635 0.8936885865706181
636 0.8936885865706181
637 0.8936892021029087
638 0.8936892021029087
639 0.8936917826460438
640 0.8936917826460438
641 0.8936917826460438
642 0.8936917826460438
643 0.8936941643767446
644 0.893694966175792
645 0.893694966175792
646 0.8936973409656753
647 0.8936973409656753
648 0.8936987826575499
649 0.8936987826575499
650 0.8937008021944026
651 0.8937008021944026
652 0.8937008021944026
653 0.8937012860498081
654 0.8937012860498081
655 0.8937032541511772
656 0.8937037535010025
657 0.8937104086292537
658 0.8937104086292537
659 0.8937104086292537
660 0.8937104086292537
661 0.8937111231548803
662 0.8937149554961459
663 0.8937262307818116
664 0.8937262308924283
665 0.8937262308924283
666 0.8937290331020653
667 0.8937311813721535
668 0.8937439994550198
669 0.8937439994550198
670 0.8937486324758915
671 0.8937486324758915
672 0.8937504333284725
673 0.8937527516656093
674 0.8937695932723906
675 0.8937695932723906
676 0.8938152019738415
677 0.8938152019738415
678 0.8938152019738415
679 0.8938171722251456
680 0.8938301273971311
681 0.8938510367368286
682 0.8938635219061056
683 0.8938806151822228
684 0.8939960326797185
685 0.8939960326797185
686 0.8939960326797185
687 0.8939960326797185
688 0.8939960326797185
689 0.8940003978369696
690 0.894015258251657
691 0.8940174494711681
692 0.8940246832520753
693 0.894038499683445
694 0.8940433464649198
695 0.8940645319780129
696 0.8940645319780129
697 0.8940720251452389
698 0.8940960145582768
699 0.8940960145582768
700 0.8941070965957537
701 0.8941229531031685
702 0.8941236334717312
703 0.8941650807029713
704 0.8941817621386458
705 0.8941817621386458
706 0.894182172700632
707 0.8941822639861107
708 0.8942055607510762
709 0.8942167013642282
710 0.8942260680619587
711 0.8942570072523347
712 0.8942740118343853
713 0.8942740118343853
714 0.8942740118343853
715 0.8942745751222414
716 0.8942873232466776
717 0.8942906938725397
718 0.894297790787625
719 0.8943084377906861
720 0.8943084377906861
721 0.894324148320705
722 0.8943286914697816
723 0.8943321102059284
724 0.8943336186441555
725 0.8943498481790798
726 0.8943628211251267
727 0.894365860724358
728 0.8943687534959254
729 0.8943687534959254
730 0.8943838862209306
731 0.8943900092557796
732 0.8943967039542826
733 0.8943967039542826
734 0.8944252995059606
735 0.8944455152471619
736 0.8944455152471619
737 0.8944455152471619
738 0.8944724864878951
739 0.8944724864878951
740 0.8944958347800728
741 0.8945153131004868
742 0.8945239489588176
743 0.8945239489588176
744 0.8945239489588176
745 0.8945349234958612
746 0.8945429070073766
747 0.8945429070073766
748 0.8945533381108491
749 0.8945587171359214
750 0.8945616351064055
751 0.8945657940023435
752 0.8945832242421508
753 0.8945907029180911
754 0.8945907029180911
755 0.8945907029180911
756 0.8945907029180911
757 0.8945992269031107
758 0.8945999545306879
759 0.8946123108472803
760 0.8946168872869736
761 0.8946318811654801
762 0.8946318811654801
763 0.8946318811654801
764 0.8946426279293913
765 0.8946458771329833
766 0.8946504380645068
767 0.8946587528172609
768 0.8946587528172609
769 0.8946687490856804
770 0.8946687490856804
771 0.8946784227437473
772 0.89468275987038
773 0.8946929350292971
774 0.8946929350292971
775 0.8946969710802011
776 0.8947001116554536
777 0.8947003232315471
778 0.8947060961576675
779 0.8947060961576675
780 0.8947094984100464
781 0.8947094984100464
782 0.8947100404870051
783 0.8947165459778209
784 0.8947231591459375
785 0.8947231591459375
786 0.8947231591459375
787 0.8947233812493908
788 0.8947245281266928
789 0.8947289573273001
790 0.8947332563556532
791 0.8947332563556532
792 0.8947407944330901
793 0.8947407944330901
794 0.8947407944330901
795 0.8947435040332289
796 0.8947435040332289
797 0.8947435040332289
798 0.8947435040332289
799 0.8947482420010435
800 0.8947482420010435
801 0.894751903338707
802 0.894751903338707
803 0.8947531906571683
804 0.8947611003467111
805 0.8947621741539771
806 0.8947621741539771
807 0.8947787121737384
808 0.8947787121737384
809 0.8947851476506076
810 0.8947851476506076
811 0.8947933460448602
812 0.8947933460448602
813 0.8947943372544419
814 0.8947943372544419
815 0.8948032664599767
816 0.8948032664599767
817 0.894817220962467
818 0.894817220962467
819 0.894817220962467
820 0.8948191281653665
821 0.8948191281653665
822 0.8948227681939654
823 0.8948244443285044
824 0.8948252673885807
825 0.8948339318891957
826 0.8948339318891957
827 0.8948339318891957
828 0.8948339318891957
829 0.8948367939924887
830 0.8948474493166327
831 0.8948474493166327
832 0.8948474493166327
833 0.8948474493166327
834 0.8948474493166327
835 0.8948502812937629
836 0.8948521979279599
837 0.8948635084995136
838 0.894863593544423
839 0.894863593544423
840 0.894863593544423
841 0.894863593544423
842 0.8948710594021202
843 0.8948710594021202
844 0.8948710594021202
845 0.8948710594021202
846 0.8948716360234006
847 0.894871902042867
848 0.8948748014107877
849 0.8948748014107877
850 0.8948770249848126
851 0.8948797517158447
852 0.8948797517158447
853 0.8948797517158447
854 0.894880893459863
855 0.8948811344462905
856 0.8948812667298092
857 0.8948830768583739
858 0.8948830768583739
859 0.8948830768583739
860 0.8948850032025017
861 0.8948854702476022
862 0.8948867626684268
863 0.894887466986816
864 0.894887466986816
865 0.894887466986816
866 0.8948891375209365
867 0.894891028247176
868 0.894891028247176
869 0.894891028247176
870 0.894891028247176
871 0.8948927506399763
872 0.8948934334111753
873 0.8948934334111753
874 0.8948934334111753
875 0.8948939901044448
876 0.8948939901044448
877 0.8948941141765422
878 0.8948941141765422
879 0.8948950392920973
880 0.8948950392920973
881 0.8948955003187218
882 0.8948955003187218
883 0.8948955003187218
884 0.8948955648523735
885 0.8948968626429734
886 0.8948968626429734
887 0.8948968626429734
888 0.894897145181938
889 0.894897145181938
890 0.8948980049338571
891 0.8948980049338571
892 0.8948980049338571
893 0.8948980049338571
894 0.8948999270444795
895 0.8948999270444795
896 0.8948999270444795
897 0.8948999270444795
898 0.8948999270444795
899 0.8948999270444795
900 0.8949005800670341
901 0.8949005800670341
902 0.8949005800670341
903 0.8949019326500116
904 0.8949019326500116
905 0.8949019326500116
906 0.8949019326500116
907 0.8949019326500116
908 0.8949019326500116
909 0.8949019326500116
910 0.8949019326500116
911 0.8949025005547403
912 0.8949025005547403
913 0.8949025005547403
914 0.8949025005547403
915 0.8949025005547403
916 0.8949025005547403
917 0.8949025328020849
918 0.8949026227549396
919 0.8949026227549396
920 0.8949037105026578
921 0.8949037105026578
922 0.8949037105026578
923 0.8949037105026578
924 0.8949037105026578
925 0.8949037105026578
926 0.8949046348010496
927 0.8949046348010496
928 0.8949046348010496
929 0.8949046348010496
930 0.8949049782278787
931 0.8949051893980389
932 0.8949051893980389
933 0.8949051893980389
934 0.8949051893980389
935 0.8949051893980389
936 0.8949051893980389
937 0.8949051893980389
938 0.8949063821050995
939 0.8949063821050995
940 0.8949063821050995
941 0.8949063821050995
942 0.8949063821050995
943 0.8949063821050995
944 0.8949063821050995
945 0.8949063821050995
946 0.8949063821050995
947 0.8949063821050995
948 0.8949063821050995
949 0.8949068437560604
950 0.8949068437560604
951 0.8949069717222542
952 0.8949071126129454
953 0.8949071126129454
954 0.8949072548845134
955 0.8949072548845134
956 0.8949074211635026
957 0.8949074211635026
958 0.8949074211635026
959 0.8949074211635026
960 0.8949074211635026
961 0.8949076376209727
962 0.8949077958963171
963 0.8949077958963171
964 0.8949085066063069
965 0.8949085066063069
966 0.8949085066063069
967 0.8949085066063069
968 0.8949085066063069
969 0.8949085066063069
970 0.8949085066063069
971 0.8949085066063069
972 0.8949085643317833
973 0.8949085643317833
974 0.8949088180365382
975 0.8949089717079839
976 0.8949089717079839
977 0.8949093909901449
978 0.8949093909901449
979 0.8949093909901449
980 0.8949093909901449
981 0.8949093909901449
982 0.8949094950786816
983 0.8949095884759681
984 0.8949101994838284
985 0.8949101994838284
986 0.8949101994838284
987 0.8949101994838284
988 0.8949101994838284
989 0.8949101994838284
990 0.8949105017818373
991 0.8949105017818373
992 0.8949105017818373
993 0.8949111438190973
994 0.8949111438190973
995 0.8949111438190973
996 0.8949111438190973
997 0.8949111438190973
998 0.8949111438190973
999 0.8949111438190973
1000 0.8949111438190973
1001 0.8949111438190973
1002 0.8949111438190973
1003 0.8949111438190973
1004 0.8949111438190973
1005 0.8949111438190973
1006 0.8949111438190973
1007 0.8949113872975594
1008 0.8949113872975594
1009 0.8949113872975594
1010 0.8949113872975594
1011 0.8949113872975594
1012 0.8949113872975594
1013 0.8949113872975594
1014 0.8949113872975594
1015 0.8949113872975594
1016 0.8949117330772719
1017 0.8949117330772719
1018 0.8949117330772719
1019 0.894912026141266
1020 0.894912026141266
1021 0.894912026141266
1022 0.894912026141266
1023 0.8949122744266581
1024 0.8949122744266581
1025 0.8949122744266581
1026 0.8949122744266581
1027 0.8949122744266581
1028 0.8949122744266581
1029 0.8949122744266581
1030 0.8949122744266581
1031 0.8949122744266581
1032 0.8949122744266581
1033 0.8949124137892405
1034 0.8949124137892405
1035 0.8949124137892405
1036 0.8949124137892405
1037 0.8949124137892405
1038 0.8949124137892405
1039 0.8949124137892405
1040 0.8949124137892405
1041 0.8949124137892405
1042 0.8949124137892405
1043 0.8949124137892405
1044 0.8949124137892405
1045 0.8949124137892405
1046 0.8949124137892405
1047 0.8949124137892405
1048 0.894912981090651
1049 0.894912981090651
1050 0.894912981090651
1051 0.894912981090651
1052 0.894912981090651
1053 0.894912981090651
1054 0.894912981090651
1055 0.894912981090651
1056 0.8949132050235549
1057 0.8949132050235549
1058 0.8949132050235549
1059 0.8949132050235549
1060 0.8949132050235549
1061 0.8949132050235549
1062 0.8949134018342393
1063 0.8949134018342393
1064 0.8949134018342393
1065 0.8949134018342393
1066 0.8949134018342393
1067 0.8949134018342393
1068 0.8949134018342393
1069 0.8949134018342393
1070 0.8949136485423986
1071 0.8949136485423986
1072 0.8949136485423986
1073 0.8949136521181781
1074 0.8949137637198465
1075 0.8949139068778622
1076 0.8949139068778622
1077 0.8949139068778622
1078 0.8949139068778622
1079 0.8949139068778622
1080 0.8949141750344342
1081 0.8949141750344342
1082 0.8949141750344342
1083 0.8949141750344342
1084 0.8949141750344342
1085 0.8949141750344342
1086 0.8949145263814615
1087 0.8949145263814615
1088 0.8949145263814615
1089 0.8949145263814615
1090 0.8949145263814615
1091 0.8949145263814615
1092 0.8949146917849544
1093 0.8949146917849544
1094 0.8949146917849544
1095 0.8949147345843027
1096 0.8949147345843027
1097 0.8949147345843027
1098 0.8949150168638872
1099 0.8949150168638872
1100 0.8949150168638872
1101 0.8949150168638872
1102 0.894918153263779
1103 0.894918153263779
1104 0.894918153263779
1105 0.8949209407772099
1106 0.8949209407772099
1107 0.8949222612457579
1108 0.8949222612457579
1109 0.8949222612457579
1110 0.8949235224282963
1111 0.8949291359237244
1112 0.8949291359237244
1113 0.8949330945099633
1114 0.894943573496288
1115 0.894943573496288
1116 0.8949509725296992
1117 0.8949604553667456
1118 0.8949899302188317
1119 0.8949899302188317
1120 0.895000033900045
1121 0.8950018752816584
1122 0.8950018752816584
1123 0.8950455982456932
1124 0.8950455982456932
1125 0.8950526897189555
1126 0.8950637139209436
1127 0.8950690834724789
1128 0.895074343890157
1129 0.8950750767890487
1130 0.8950809013034315
1131 0.8951395192237589
1132 0.8951395192237589
1133 0.8951395192237589
1134 0.8951422839319351
1135 0.8951422839319351
1136 0.8951644705932609
1137 0.8951683431852526
1138 0.8951743414223675
1139 0.8951881311418194
1140 0.8951881311418194
1141 0.8951881311418194
1142 0.8951974765278159
1143 0.8952023792013308
1144 0.8952229000448364
1145 0.8952229000448364
1146 0.8952229000448364
1147 0.8952229000448364
1148 0.895226404697662
1149 0.895226404697662
1150 0.895237844002215
1151 0.8952416923985043
1152 0.8952480841277407
1153 0.8952514138732464
1154 0.8952514138732464
1155 0.895267417491266
1156 0.895267417491266
1157 0.8952675768755091
1158 0.8952722702933802
1159 0.8952748642349165
1160 0.8952842803221917
1161 0.8952842803221917
1162 0.895286862803743
1163 0.895286862803743
1164 0.8952921676368252
1165 0.8952927602457886
1166 0.8952927602457886
1167 0.8952968347268577
1168 0.8952968347268577
1169 0.8953003008886098
1170 0.8953088973739389
1171 0.8953088973739389
1172 0.8953100002304165
1173 0.895314460525049
1174 0.895314460525049
1175 0.895314460525049
1176 0.895330885220521
1177 0.895330885220521
1178 0.895330885220521
1179 0.895330885220521
1180 0.895330885220521
1181 0.895330885220521
1182 0.8953353099894577
1183 0.8953374136154088
1184 0.8953374136154088
1185 0.8953450843996771
1186 0.8953501418823901
1187 0.8953501418823901
1188 0.8953501418823901
1189 0.8953535760792558
1190 0.8953535760792558
1191 0.8953535760792558
1192 0.8953592599481469
1193 0.8953610977764764
1194 0.8953622340788002
1195 0.8953668653721008
1196 0.8953668653721008
1197 0.895371078414846
1198 0.8953725998291067
1199 0.8953752253842696
1200 0.8953795722676248
1201 0.8953823487820408
1202 0.8953873413225225
1203 0.8953906022932469
1204 0.8953906022932469
1205 0.8953933955583403
1206 0.8953984810971726
1207 0.8953984923613988
1208 0.895410458633973
1209 0.895410458633973
1210 0.895410458633973
1211 0.8954166540234227
1212 0.8954183742769541
1213 0.8954263514871876
1214 0.8954286193830173
1215 0.895429939611548
1216 0.8954313833156039
1217 0.8954404572330737
1218 0.8954404572330737
1219 0.8954534243175486
1220 0.8954534243175486
1221 0.8954534243175486
1222 0.8954552695540899
1223 0.8954552695540899
1224 0.8954552695540899
1225 0.895459977050468
1226 0.8954622590515757
1227 0.8954668570985459
1228 0.8954668570985459
1229 0.8954668570985459
1230 0.8954708602843643
1231 0.8954854813199551
1232 0.8954854813199551
1233 0.8954932308652486
1234 0.8954932308652486
1235 0.8954936636966536
1236 0.895501932609652
1237 0.8955072789042827
1238 0.8955201330258329
1239 0.8955248847791892
1240 0.8955248847791892
1241 0.8955338455138636
1242 0.8955377577923924
1243 0.8955399130784623
1244 0.8955399130784623
1245 0.8955505327102268
1246 0.8955700791672891
1247 0.8955700791672891
1248 0.8955700791672891
1249 0.8955799700106079
1250 0.8955975125570582
1251 0.8955975125570582
1252 0.8956056399665212
1253 0.8956056399665212
1254 0.8956131565896963
1255 0.8956131565896963
1256 0.8956324685592303
1257 0.8956385299227718
1258 0.8956483076553378
1259 0.8956483076553378
1260 0.8956483076553378
1261 0.8956483076553378
1262 0.8956483076553378
1263 0.8956483076553378
1264 0.8956508449957276
1265 0.8956519722236667
1266 0.8956554698086048
1267 0.8956554698086048
1268 0.8956653517218214
1269 0.8956653517218214
1270 0.8956653517218214
1271 0.8956735948502731
1272 0.8956735948502731
1273 0.8956789268161359
1274 0.8956789268161359
1275 0.8956901360358684
1276 0.8956901360358684
1277 0.895710943809021
1278 0.895710943809021
1279 0.8957118584282513
1280 0.8957118584282513
1281 0.8957118584282513
1282 0.8957118584282513
1283 0.8957190837319435
1284 0.8957263415178287
1285 0.8957271094567029
1286 0.8957328887254223
1287 0.8957487702163063
1288 0.8957487702163063
1289 0.8957487702163063
1290 0.8957589310151212
1291 0.895770232876719
1292 0.895770232876719
1293 0.8957707230350725
1294 0.8957850878336978
1295 0.8957881638317077
1296 0.8957923852414061
1297 0.8957935401953953
1298 0.8957977355840481
1299 0.8958068180228795
1300 0.8958068180228795
1301 0.8958233987036539
1302 0.8958245900486514
1303 0.8958281152287595
1304 0.8958396972544519
1305 0.8958468218451793
1306 0.8958504061889577
1307 0.8958641258529032
1308 0.8958661123429802
1309 0.8958860610089335
1310 0.8958860610089335
1311 0.8958941339553663
1312 0.8959056000008885
1313 0.8959056000008885
1314 0.8959371997661307
1315 0.8959641644441177
1316 0.8959775523157698
1317 0.8959775523157698
1318 0.8959921690767433
1319 0.8960301501086039
1320 0.8960811706303485
1321 0.8960811706303485
1322 0.8960811706303485
1323 0.8961363256626405
1324 0.8961432736104387
1325 0.8961843955474511
1326 0.8962234868421807
1327 0.8963173817946276
1328 0.8963710162821559
1329 0.8964813674590827
1330 0.896640068827399
1331 0.8966663408435089
1332 0.8967996101268174
1333 0.8969901243355144
1334 0.8971428899049803
1335 0.8973302884232963
1336 0.8975215651522335
1337 0.8976089003611964
1338 0.8977994625113046
1339 0.8981067070922725
1340 0.8982249155564157
1341 0.8986007141778408
1342 0.8986820878550607
1343 0.8989609547740127
1344 0.8993223397114185
1345 0.8997949317166618
1346 0.9000919698181354
1347 0.9000919698181354
1348 0.9003522620819456
1349 0.9006055054843061
1350 0.90082245698859
1351 0.9009012689587672
1352 0.9009481880698293
1353 0.9010263636366581
1354 0.9010796748200124
1355 0.9013441928228535
1356 0.9013768073800226
1357 0.9014502848810139
1358 0.9016446845660337
1359 0.9017264722226287
1360 0.9017728365382226
1361 0.9018961138782631
1362 0.9022120723326568
1363 0.9022559490977395
1364 0.902424693363712
1365 0.9025568113492694
1366 0.9026875585767737
1367 0.9027519077024894
1368 0.9029741984052211
1369 0.9031873259264555
1370 0.9034594495657718
1371 0.9038058570002651
1372 0.9038234207396271
1373 0.9040439268708909
1374 0.904105705383087
1375 0.9044205325591033
1376 0.9046004936950357
1377 0.904834328810584
1378 0.904965665460573
1379 0.9051023005611688
1380 0.9053611955097847
1381 0.905594898539833
1382 0.9058538816867459
1383 0.9061273828423845
1384 0.9064392817562373
1385 0.9067211726819498
1386 0.9067211726819498
1387 0.90704342409867
1388 0.9071666805186603
1389 0.907313223237581
1390 0.907460839544164
1391 0.9076547373172942
1392 0.9079362333798757
1393 0.9080832938585444
1394 0.9082653445450762
1395 0.9084711216568296
1396 0.9085024409966738
1397 0.9087484148389223
1398 0.9089152579555676
1399 0.9089464256059029
1400 0.9091803750676493
1401 0.9092249424931573
1402 0.9093128663083876
1403 0.9096254546323841
1404 0.9096629445321709
1405 0.9098352382961925
1406 0.9098928482207939
1407 0.9100253481536809
1408 0.9101836909182361
1409 0.9102416113894033
1410 0.9102681567672565
1411 0.910359860435809
1412 0.9104497201186813
1413 0.9105358621434669
1414 0.91058705326514
1415 0.9107136908030524
1416 0.9107806699705303
1417 0.910842393654447
1418 0.9109843353168571
1419 0.9109870069164586
1420 0.9111579172936091
1421 0.9111600390128715
1422 0.9111826537733775
1423 0.911271598469706
1424 0.9112800909859332
1425 0.9113444293606442
1426 0.9113479178011699
1427 0.9114118961403562
1428 0.9114796728173705
1429 0.9115351095836894
1430 0.9116312696791843
1431 0.9116312696791843
1432 0.9117222990760651
1433 0.9118377691236695
1434 0.912017695507604
1435 0.9120378513391825
1436 0.9121329077823803
1437 0.9122048998183762
1438 0.9123056145365517
1439 0.9123269002659717
1440 0.9124030569504299
1441 0.9124263867104786
1442 0.9124748581892969
1443 0.9125596114549712
1444 0.912711010837322
1445 0.9127165424515791
1446 0.9127256821210289
1447 0.9128281340800918
1448 0.9128281340800918
1449 0.9128383834201733
1450 0.9129267878803061
1451 0.9129459023117266
1452 0.9130326021618924
1453 0.9130532657984998
1454 0.9131152161023695
1455 0.9131260445978195
1456 0.9131969517091673
1457 0.9132162563497478
1458 0.9132747618988772
1459 0.9133029735552803
1460 0.91335680923198
1461 0.9133983433812678
1462 0.9135149971922354
1463 0.9136460962223318
1464 0.9137648132718039
1465 0.913774986375352
1466 0.9138793385102227
1467 0.9140218787650799
1468 0.9140834990203681
1469 0.9141941331148962
1470 0.9143560975934091
1471 0.9147791369179827
1472 0.9148170518708008
1473 0.9151046299742532
1474 0.9151377780559421
1475 0.9154152391503475
1476 0.9157599754978559
1477 0.9158829616538838
1478 0.9160875658803282
1479 0.916416575491225
1480 0.9167790057439535
1481 0.9168641363158532
1482 0.9170971539778819
1483 0.9173112437051203
1484 0.9174206721680451
1485 0.9176893331881859
1486 0.9177559921836115
1487 0.9178596352504682
1488 0.9180164957024001
1489 0.9182257291018756
1490 0.9182489698566946
1491 0.9183980320410194
1492 0.9184574143356021
1493 0.9185284902042248
1494 0.9186004899102607
1495 0.9187531484107525
1496 0.9188256001561981
1497 0.9188941931241587
1498 0.9189635537140131
1499 0.9190903621553733
1500 0.9191204067837969
1501 0.9192979220127561
1502 0.9192979220127561
1503 0.919386717837616
1504 0.9194568528443832
1505 0.9195205170905503
1506 0.9195906635734188
1507 0.9196614618132055
1508 0.9196798091566663
1509 0.919727679096032
1510 0.9197848974322246
1511 0.9198119213608038
1512 0.9198119213608038
1513 0.9198749669548616
1514 0.9199456123416054
1515 0.9199474683047731
1516 0.9200634375423901
1517 0.9201234234597372
1518 0.9201234234597372
1519 0.9201868488658879
1520 0.9202505337512227
1521 0.9203425124510415
1522 0.9203593530430412
1523 0.9204150549043063
1524 0.9204644672196194
1525 0.9205389118350031
1526 0.9205515537532794
1527 0.9206384650233659
1528 0.9206970393854291
1529 0.9207020589192504
1530 0.9208374983763444
1531 0.9208374983763444
1532 0.9209565645246104
1533 0.9210049019980876
1534 0.9210325202460852
1535 0.9210641458898065
1536 0.921142189679433
1537 0.9212050265044983
1538 0.9212050265044983
1539 0.9212139854054028
1540 0.921279178712374
1541 0.9213032305174313
1542 0.9213389902294834
1543 0.9213652937482637
1544 0.9214335677622136
1545 0.9214709839176743
1546 0.9214796098451858
1547 0.921482988266646
1548 0.9214964157614939
1549 0.9215518194265333
1550 0.9215603219927601
1551 0.9215907128013677
1552 0.9216582682469768
1553 0.9216582682469768
1554 0.9216728950297315
1555 0.9217061194541515
1556 0.9217080602151052
1557 0.9217723189052612
1558 0.921858892591258
1559 0.9218737270191504
1560 0.921968399749981
1561 0.921968399749981
1562 0.921968399749981
1563 0.9219698867134019
1564 0.922004455266951
1565 0.9220431093452843
1566 0.9220837805361984
1567 0.9221080349563998
1568 0.9221254124866402
1569 0.9221431710568124
1570 0.9221627537404038
1571 0.9222097155993644
1572 0.9222264136305827
1573 0.9222415584897548
1574 0.9222483270784123
1575 0.922302635796216
1576 0.9223468570675247
1577 0.9223468570675247
1578 0.922370979589722
1579 0.9223748303990584
1580 0.9224014129171776
1581 0.92243148126638
1582 0.92243148126638
1583 0.9224515357111039
1584 0.9224673033702354
1585 0.922474457927006
1586 0.9225012182362871
1587 0.9225105225874678
1588 0.9225255410970583
1589 0.9225460447600073
1590 0.9225544565478355
1591 0.9225791167185645
1592 0.9225791167185645
1593 0.9226264539562089
1594 0.9226264539562089
1595 0.9226433461403608
1596 0.9226433461403608
1597 0.9226433461403608
1598 0.922656398573713
1599 0.9226824769691967
1600 0.9226824769691967
1601 0.9227078388790515
1602 0.9227078388790515
1603 0.9227324944135374
1604 0.9227514017456355
1605 0.9227514017456355
1606 0.9227514017456355
1607 0.9227564527513138
1608 0.9227565048299627
1609 0.9227720662863688
1610 0.9228054146470513
1611 0.9228054146470513
1612 0.9228054146470513
1613 0.9228057602443908
1614 0.9228088348886775
1615 0.9228354682159361
1616 0.9228354682159361
1617 0.9228603273219174
1618 0.9228603273219174
1619 0.9228603273219174
1620 0.9228793900868837
1621 0.9228793900868837
1622 0.9228794696199204
1623 0.9228946677425142
1624 0.9229022924896809
1625 0.9229104064002327
1626 0.9229141424751304
1627 0.9229161425223465
1628 0.9229161425223465
1629 0.9229251619427481
1630 0.9229251619427481
1631 0.9229358913630235
1632 0.9229488596019221
1633 0.9229488596019221
1634 0.9229488596019221
1635 0.9229488596019221
1636 0.9229522434162233
1637 0.92295471422103
1638 0.9229652612308958
1639 0.9229652612308958
1640 0.9229689267775795
1641 0.9229771849896177
1642 0.9229771849896177
1643 0.922985499423648
1644 0.9229866490498853
1645 0.9229868515311761
1646 0.9229999945342695
1647 0.9230143795582242
1648 0.9230143795582242
1649 0.9230143795582242
1650 0.9230143795582242
1651 0.9230287227517908
1652 0.9230287227517908
1653 0.9230357648241152
1654 0.9230358661802195
1655 0.9230370246146017
1656 0.9230459498192125
1657 0.9230496748735351
1658 0.9230567057196297
1659 0.9230610112157844
1660 0.9230633511046602
1661 0.9230653575366115
1662 0.9230732371373284
1663 0.9230771520779817
1664 0.9230796081559594
1665 0.9230847121865308
1666 0.9230847121865308
1667 0.9230847121865308
1668 0.9230931074752178
1669 0.9230931074752178
1670 0.9230964361989413
1671 0.9230964361989413
1672 0.9230964361989413
1673 0.9231130332630749
1674 0.9231130332630749
1675 0.9231130332630749
1676 0.9231130332630749
1677 0.9231130332630749
1678 0.9231130332630749
1679 0.9231134269522139
1680 0.9231181348201823
1681 0.9231181348201823
1682 0.9231181348201823
1683 0.923118645299572
1684 0.9231216381408801
1685 0.9231264232437972
1686 0.9231264232437972
1687 0.9231367704875104
1688 0.9231367704875104
1689 0.9231440798088802
1690 0.9231461150904091
1691 0.9231461150904091
1692 0.9231461150904091
1693 0.9231598583564977
1694 0.9231606000053648
1695 0.9231685977016129
1696 0.9231685977016129
1697 0.9231685977016129
1698 0.9231738712139665
1699 0.9231820813960206
1700 0.9231999175091359
1701 0.9231999175091359
1702 0.9231999175091359
1703 0.9232077442780883
1704 0.9232257753961135
1705 0.9232257753961135
1706 0.9232257753961135
1707 0.9232259732169042
1708 0.92323480625070
1709 0.9232363231298276
1710 0.9232387597237767
1711 0.9232426013708876
1712 0.9232498636599736
1713 0.9232511736869781
1714 0.9232583624289652
1715 0.9232583624289652
1716 0.9232601354566221
1717 0.9232630110916653
1718 0.9232737372011313
1719 0.9232737372011313
1720 0.9232775575953546
1721 0.9232775575953546
1722 0.9232798039650713
1723 0.9232803835684928
1724 0.9232838787893362
1725 0.9232838787893362
1726 0.9232859349029197
1727 0.9232897825904173
1728 0.9232996010504773
1729 0.9232996010504773
1730 0.9232996010504773
1731 0.9232996010504773
1732 0.9233008771851918
1733 0.9233076142380024
1734 0.9233142939572553
1735 0.9233236441572061
1736 0.9233237008769516
1737 0.9233237008769516
1738 0.9233237008769516
1739 0.9233278811928572
1740 0.9233365160554209
1741 0.9233392615955904
1742 0.9233392615955904
1743 0.9233392615955904
1744 0.9233461174997608
1745 0.9233461174997608
1746 0.9233493362388848
1747 0.9233498750947539
1748 0.9233509394412994
1749 0.9233539783399942
1750 0.9233590952913605
1751 0.9233590952913605
1752 0.9233590952913605
1753 0.9233601445521752
1754 0.9233655631787878
1755 0.9233655631787878
1756 0.9233766251726898
1757 0.9233766251726898
1758 0.9233766251726898
1759 0.9233766251726898
1760 0.9233769869051299
1761 0.9233808452215687
1762 0.9233833641580619
1763 0.923383993563703
1764 0.9233888783939475
1765 0.9233888783939475
1766 0.9233888783939475
1767 0.9233888783939475
1768 0.9233892322571878
1769 0.9233892322571878
1770 0.923389911104984
1771 0.9233944064318714
1772 0.9233944064318714
1773 0.9233944064318714
1774 0.9233944064318714
1775 0.9233944064318714
1776 0.9233944064318714
1777 0.9233944064318714
1778 0.9233944064318714
1779 0.9233944064318714
1780 0.9233986789830095
1781 0.9234021169019736
1782 0.9234021169019736
1783 0.9234021169019736
1784 0.9234021169019736
1785 0.9234021169019736
1786 0.9234021169019736
1787 0.9234022156010189
1788 0.9234022156010189
1789 0.9234022156010189
1790 0.9234022156010189
1791 0.9234022156010189
1792 0.9234022156010189
1793 0.9234032090239566
1794 0.9234043111905027
1795 0.9234043111905027
1796 0.9234051523934815
1797 0.923409842391527
1798 0.923409842391527
1799 0.923409842391527
1800 0.9234109964379372
1801 0.9234115634126061
1802 0.9234116854206609
1803 0.9234121768095934
1804 0.9234122690119119
1805 0.9234124275386598
1806 0.9234185537863492
1807 0.9234185537863492
1808 0.9234185537863492
1809 0.9234189919616084
1810 0.9234189919616084
1811 0.9234212585659074
1812 0.9234212585659074
1813 0.9234218510108998
1814 0.9234218510108998
1815 0.9234240761100015
1816 0.9234240761100015
1817 0.9234240761100015
1818 0.9234240761100015
1819 0.9234263693947389
1820 0.92342935404618
1821 0.92342935404618
1822 0.92342935404618
1823 0.92342935404618
1824 0.9234317118137425
1825 0.923432515566726
1826 0.923432515566726
1827 0.9234341202492315
1828 0.9234341202492315
1829 0.9234341202492315
1830 0.9234341202492315
1831 0.9234341202492315
1832 0.9234348894715463
1833 0.9234348894715463
1834 0.9234348894715463
1835 0.9234348921057215
1836 0.9234389126948831
1837 0.9234389126948831
1838 0.9234389126948831
1839 0.9234389126948831
1840 0.9234389126948831
1841 0.9234389126948831
1842 0.9234389126948831
1843 0.9234389126948831
1844 0.9234392697890492
1845 0.9234399420284292
1846 0.9234407845440024
1847 0.9234407845440024
1848 0.9234407845440024
1849 0.9234417897712113
1850 0.9234417897712113
1851 0.9234417897712113
1852 0.9234417897712113
1853 0.9234422593993215
1854 0.9234422593993215
1855 0.9234422593993215
1856 0.9234422593993215
1857 0.9234434592984725
1858 0.9234434592984725
1859 0.9234436242015813
1860 0.9234436808669846
1861 0.9234436808669846
1862 0.9234444178288208
1863 0.9234444178288208
1864 0.9234444178288208
1865 0.9234444178288208
1866 0.9234447739214194
1867 0.9234457134054666
1868 0.9234457134054666
1869 0.9234467733333822
1870 0.9234467733333822
1871 0.9234467733333822
1872 0.9234467733333822
1873 0.9234467733333822
1874 0.9234467733333822
1875 0.9234469272628526
1876 0.9234469272628526
1877 0.9234476260324379
1878 0.9234485432627172
1879 0.9234485432627172
1880 0.9234485432627172
1881 0.9234485432627172
1882 0.9234485432627172
1883 0.9234485903154959
1884 0.9234485903154959
1885 0.9234496337353605
1886 0.9234496337353605
1887 0.9234496337353605
1888 0.9234496337353605
1889 0.9234496337353605
1890 0.9234496337353605
1891 0.9234496337353605
1892 0.9234496337353605
1893 0.9234496337353605
1894 0.9234496337353605
1895 0.9234496337353605
1896 0.9234496337353605
1897 0.9234499805615224
1898 0.9234499805615224
1899 0.9234505315511348
1900 0.9234505315511348
1901 0.9234509662782575
1902 0.9234509662782575
1903 0.9234509662782575
1904 0.9234509662782575
1905 0.9234523008031854
1906 0.9234523008031854
1907 0.9234523008031854
1908 0.9234523008031854
1909 0.9234526819706792
1910 0.9234526819706792
1911 0.9234526819706792
1912 0.9234526819706792
1913 0.9234526819706792
1914 0.9234530938481987
1915 0.9234530938481987
1916 0.9234530938481987
1917 0.9234530938481987
1918 0.9234530938481987
1919 0.9234530938481987
1920 0.9234532276306865
1921 0.9234532276306865
1922 0.9234532276306865
1923 0.9234532276306865
1924 0.9234532276306865
1925 0.9234532276306865
1926 0.923453482261297
1927 0.9234545582759056
1928 0.9234545582759056
1929 0.9234545582759056
1930 0.9234545582759056
1931 0.9234545582759056
1932 0.9234545582759056
1933 0.9234545582759056
1934 0.9234545582759056
1935 0.9234547750780324
1936 0.9234547750780324
1937 0.9234547750780324
1938 0.9234547750780324
1939 0.9234547750780324
1940 0.9234547750780324
1941 0.9234547750780324
1942 0.9234547750780324
1943 0.9234547750780324
1944 0.9234547750780324
1945 0.9234547750780324
1946 0.9234547750780324
1947 0.9234549068856485
1948 0.9234549068856485
1949 0.923454971602002
1950 0.923454971602002
1951 0.923454971602002
1952 0.92345506353818
1953 0.92345506353818
1954 0.92345506353818
1955 0.9234551094193947
1956 0.9234551094193947
1957 0.9234551094193947
1958 0.9234551094193947
1959 0.9234552773011637
1960 0.9234553151865317
1961 0.9234554007102118
1962 0.9234554007102118
1963 0.9234554074097981
1964 0.9234554790739667
1965 0.9234555768231919
1966 0.9234555768231919
1967 0.9234555768231919
1968 0.9234555768231919
1969 0.9234555768231919
1970 0.9234555768231919
1971 0.9234555768231919
1972 0.9234563703958507
1973 0.9234563703958507
1974 0.9234563703958507
1975 0.9234563703958507
1976 0.9234563703958507
1977 0.9234563703958507
1978 0.923456423408588
1979 0.923456423408588
1980 0.923456423408588
1981 0.923456423408588
1982 0.923456423408588
1983 0.923456423408588
1984 0.923456423408588
1985 0.923456423408588
1986 0.923456423408588
1987 0.9234564368083551
1988 0.9234564368083551
1989 0.9234564368083551
1990 0.9234567770916499
1991 0.9234567770916499
1992 0.9234567770916499
1993 0.9234567770916499
1994 0.9234567770916499
1995 0.9234567770916499
1996 0.9234567770916499
1997 0.9234579009630905
1998 0.9234579009630905
1999 0.9234579009630905
2000 0.9234579009630905
