000 0.1256910757176491
001 0.15604252058845783
002 0.27788241491193383
003 0.2987163602579802
004 0.34932481582481434
005 0.5580478146610188
006 0.6134371491373246
007 0.6933566742047589
008 0.6933566742047589
009 0.7781021225657669
010 0.8326804841054162
011 0.8350182214932729
012 0.8359879509346344
013 0.8545372594634412
014 0.8614465875863888
015 0.866978109153532
016 0.8741265696680303
017 0.8874181416423087
018 0.8916819823575782
019 0.9016457271158588
020 0.90274037841206
021 0.9040796229000029
022 0.9046897333448696
023 0.9062365349379423
024 0.9066272930744195
025 0.9073089321507324
026 0.907510050366475
027 0.9075988193300009
028 0.9076366900358689
029 0.9076366900358689
030 0.9076366900358689
031 0.9076366900358689
032 0.9076366900358689
033 0.9103179630439971
034 0.9103179630439971
035 0.9103179630439971
036 0.9103345630773352
037 0.9103345630773352
038 0.9107908466557844
039 0.9107961012998301
040 0.9107961012998301
041 0.9112631693654188
042 0.9112799061868186
043 0.9134210750268721
044 0.9144768405393955
045 0.9155613634840358
046 0.9163401121475174
047 0.9168080463951298
048 0.9172737579541382
049 0.917284677815809
050 0.9176407817780959
051 0.9181024231632825
052 0.9181727648526536
053 0.918263744713303
054 0.9183893613783588
055 0.9183928744905465
056 0.9183928744905465
057 0.9183928744905465
058 0.9203659303991769
059 0.920795763788637
060 0.921301748151623
061 0.9213961173549599
062 0.9218118774476738
063 0.9221223976995819
064 0.9223675049193314
065 0.9229066563226717
066 0.9238076562602809
067 0.9238141684527664
068 0.9246237871230584
069 0.9248190158543503
070 0.9248190158543503
071 0.9248190158543503
072 0.9248197630229756
073 0.9248197630229756
074 0.9252611692028919
075 0.9252708701979436
076 0.9255597567357697
077 0.9256499941655851
078 0.9261719936796964
079 0.9264865625866716
080 0.9265892995740552
081 0.9267532975068976
082 0.9268493932968711
083 0.9270077508637701
084 0.9272810450487876
085 0.927472971769363
086 0.9278079964926893
087 0.9278941372668696
088 0.9282141531146958
089 0.9282765696894142
090 0.9282927863066103
091 0.9284079357923914
092 0.9285032392690696
093 0.9286381975088592
094 0.9287130783473347
095 0.9289252648339498
096 0.9289726109499096
097 0.9290879669936006
098 0.929148074829133
099 0.929283331991709
100 0.9294607484014479
101 0.9294607484014479
102 0.9295940160112873
103 0.9295940160112873
104 0.929614773656797
105 0.9296606050992037
106 0.9297117114479977
107 0.9297801126204941
108 0.9298884256864115
109 0.9299384756171014
110 0.9300236541538492
111 0.9300236541538492
112 0.9301224662769096
113 0.9301402964633237
114 0.9302003605857186
115 0.930209553079353
116 0.930243181423696
117 0.9302983517273029
118 0.9303559437377981
119 0.9303895701527224
120 0.9304155183311265
121 0.9304495788686724
122 0.9304608475829369
123 0.9305478036735164
124 0.9306176587210416
125 0.93062365647828
126 0.9306513047806245
127 0.9306851766926333
128 0.9307260183328455
129 0.9307635764053478
130 0.9307648341704791
131 0.93079124004481
132 0.9308132333087721
133 0.9308571644903391
134 0.9308803612827163
135 0.9308803612827163
136 0.9309374014493544
137 0.9309400638636851
138 0.9309899993380735
139 0.9309899993380735
140 0.9309970845000461
141 0.9310014254021963
142 0.9310290066204998
143 0.9310754487579281
144 0.9310754487579281
145 0.9310927680267781
146 0.9310927680267781
147 0.9311410393760132
148 0.9311410393760132
149 0.9311578054618417
150 0.9311671539395835
151 0.9311671539395835
152 0.9311719212863058
153 0.9311960216900493
154 0.9312499332230332
155 0.9312499332230332
156 0.9312499332230332
157 0.9312626178023055
158 0.9312626178023055
159 0.9312626178023055
160 0.9312626178023055
161 0.9312779335896673
162 0.931287316396018
163 0.931289601405396
164 0.9313184138703031
165 0.931325232645119
166 0.931325232645119
167 0.931325232645119
168 0.9313385803059195
169 0.9313385803059195
170 0.9313392392714848
171 0.9313434836052084
172 0.9313576930755003
173 0.9313576930755003
174 0.9313621325198568
175 0.9313841536156615
176 0.9313898777251736
177 0.9313898777251736
178 0.9313898777251736
179 0.9313981278870697
180 0.9314165133356611
181 0.9314165133356611
182 0.9314165133356611
183 0.9314165133356611
184 0.9314267949557857
185 0.9314267949557857
186 0.9314351052509373
187 0.9314466182448672
188 0.9314595744885414
189 0.9314595744885414
190 0.9314595744885414
191 0.9314595744885414
192 0.9314595744885414
193 0.9314669341889305
194 0.9314780329204017
195 0.9314780329204017
196 0.9314793668334679
197 0.9314809706654595
198 0.9314809706654595
199 0.9314921335343339
200 0.9314922112099032
201 0.9314976027648219
202 0.9314979607871066
203 0.9314979607871066
204 0.9315050529383354
205 0.9315076913380085
206 0.931508327451576
207 0.9315115362652148
208 0.9315138425967912
209 0.9315201169259815
210 0.9315201169259815
211 0.9315201169259815
212 0.931527222789465
213 0.931527222789465
214 0.9315336443522364
215 0.9315336443522364
216 0.9315336443522364
217 0.9315432296617533
218 0.9315473092726485
219 0.9315473092726485
220 0.9315473092726485
221 0.9315480678143087
222 0.9315553839326517
223 0.9315553839326517
224 0.9315553839326517
225 0.9315586286548989
226 0.9315586286548989
227 0.9315689259852143
228 0.9315689259852143
229 0.9315689259852143
230 0.9315726438418591
231 0.9315726438418591
232 0.9315726438418591
233 0.9315729573091128
234 0.9315771951349429
235 0.9315771951349429
236 0.9315771951349429
237 0.9315781566932575
238 0.9315814999767801
239 0.9315819756597352
240 0.9315848520051395
241 0.9315894895311411
242 0.931590848603366
243 0.9315925612948742
244 0.9315925612948742
245 0.9315925612948742
246 0.9315941187971097
247 0.9315961016407484
248 0.931599162276179
249 0.9316026189231977
250 0.9316042787624186
251 0.9316042787624186
252 0.9316042787624186
253 0.9316042787624186
254 0.9316042787624186
255 0.9316062096547028
256 0.9316062096547028
257 0.9316062096547028
258 0.931607929949106
259 0.931607929949106
260 0.9316084936190209
261 0.9316099525369338
262 0.9316099525369338
263 0.9316121679979974
264 0.9316159150435379
265 0.9316159150435379
266 0.931620180279222
267 0.931620180279222
268 0.931620180279222
269 0.931620180279222
270 0.931620180279222
271 0.9316219399625785
272 0.9316219399625785
273 0.9316239084795309
274 0.9316239084795309
275 0.9316239084795309
276 0.9316239084795309
277 0.9316253105379075
278 0.9316253105379075
279 0.9316253105379075
280 0.9316264614429373
281 0.9316280913808418
282 0.9316280913808418
283 0.9316289037552795
284 0.9316300756477877
285 0.9316322633860491
286 0.9316322633860491
287 0.9316326675707645
288 0.9316326675707645
289 0.9316340477330913
290 0.9316353666713882
291 0.9316358304461693
292 0.9316358304461693
293 0.9316358304461693
294 0.93163668894700
295 0.9316375791801736
296 0.931639015367221
297 0.9316397420104967
298 0.9316407186601031
299 0.9316407186601031
300 0.9316407186601031
301 0.931642179853201
302 0.931642179853201
303 0.9316421886240898
304 0.9316421886240898
305 0.9316421886240898
306 0.9316445460849299
307 0.9316445460849299
308 0.9316445460849299
309 0.9316445460849299
310 0.9316451838145149
311 0.9316451838145149
312 0.9316451838145149
313 0.9316457566750712
314 0.931645926858843
315 0.9316462230412803
316 0.9316462230412803
317 0.9316469856029798
318 0.9316469856029798
319 0.9316471198103775
320 0.9316471198103775
321 0.931648251072325
322 0.931648251072325
323 0.9316525928658631
324 0.9316525928658631
325 0.9316525928658631
326 0.9316525928658631
327 0.9316525928658631
328 0.9316525928658631
329 0.9316525928658631
330 0.9316549452379945
331 0.9316549452379945
332 0.9316549452379945
333 0.9316549452379945
334 0.9316549452379945
335 0.9316549452379945
336 0.9316549452379945
337 0.9316549452379945
338 0.9316549452379945
339 0.9316549452379945
340 0.9316549452379945
341 0.9316549452379945
342 0.9316549452379945
343 0.9316549452379945
344 0.9316549452379945
345 0.9316552719497371
346 0.9316552719497371
347 0.9316552719497371
348 0.9316559227334149
349 0.9316559227334149
350 0.9316559227334149
351 0.9316572874275652
352 0.9316572874275652
353 0.9316584978482372
354 0.9316590489900507
355 0.9316590489900507
356 0.9316590489900507
357 0.9316590489900507
358 0.9316590489900507
359 0.9316590489900507
360 0.9316595618626492
361 0.9316596299095496
362 0.9316610015911965
363 0.9316610015911965
364 0.9316610015911965
365 0.9316610015911965
366 0.9316610015911965
367 0.9316610015911965
368 0.9316610015911965
369 0.9316620348321829
370 0.9316620348321829
371 0.9316620348321829
372 0.9316620348321829
373 0.9316620348321829
374 0.9316623024871212
375 0.9316623024871212
376 0.9316623024871212
377 0.9316623024871212
378 0.9316626323319749
379 0.931662681217556
380 0.931662681217556
381 0.931662681217556
382 0.931662681217556
383 0.9316630668933285
384 0.9316630668933285
385 0.9316639507170956
386 0.9316639507170956
387 0.9316639507170956
388 0.9316639507170956
389 0.9316642533955668
390 0.9316642533955668
391 0.9316642533955668
392 0.9316642533955668
393 0.9316642533955668
394 0.9316643148687946
395 0.9316654707260711
396 0.9316654707260711
397 0.9316654707260711
398 0.9316662536000956
399 0.9316662536000956
400 0.9316662536000956
401 0.9316662536000956
402 0.9316662536000956
403 0.9316662536000956
404 0.9316662536000956
405 0.931667267536818
406 0.931667267536818
407 0.9316675097249533
408 0.9316675097249533
409 0.9316675097249533
410 0.9316675097249533
411 0.9316676911311547
412 0.9316676911311547
413 0.9316676911311547
414 0.9316676911311547
415 0.9316677696764708
416 0.9316677696764708
417 0.9316678038019021
418 0.9316681627940683
419 0.9316681627940683
420 0.9316681627940683
421 0.931669377323659
422 0.931669377323659
423 0.931669377323659
424 0.931669377323659
425 0.931669377323659
426 0.931669377323659
427 0.931669377323659
428 0.931669377323659
429 0.931669377323659
430 0.931669377323659
431 0.931669377323659
432 0.931669377323659
433 0.9316695755463936
434 0.9316695755463936
435 0.9316695755463936
436 0.9316695755463936
437 0.9316697257294635
438 0.9316697257294635
439 0.9316699302140965
440 0.9316699302140965
441 0.9316703493373207
442 0.9316703493373207
443 0.9316704213290765
444 0.9316704213290765
445 0.9316704213290765
446 0.9316718822550359
447 0.9316718822550359
448 0.9316718822550359
449 0.9316718822550359
450 0.9316718822550359
451 0.9316718822550359
452 0.9316718822550359
453 0.9316718822550359
454 0.9316718822550359
455 0.9316718822550359
456 0.9316718822550359
457 0.9316718822550359
458 0.9316718822550359
459 0.9316719839745989
460 0.9316719839745989
461 0.9316719839745989
462 0.9316719839745989
463 0.9316719839745989
464 0.9316719839745989
465 0.9316720090100733
466 0.9316725350878826
467 0.9316725350878826
468 0.9316732814899349
469 0.9316732814899349
470 0.9316732814899349
471 0.9316732814899349
472 0.9316732814899349
473 0.9316732814899349
474 0.9316732814899349
475 0.9316732814899349
476 0.9316732814899349
477 0.9316732814899349
478 0.9316732814899349
479 0.9316736807969164
480 0.9316736807969164
481 0.9316736807969164
482 0.9316736807969164
483 0.9316736807969164
484 0.9316736807969164
485 0.9316736807969164
486 0.9316736807969164
487 0.9316741428486024
488 0.9316743097949748
489 0.9316743097949748
490 0.9316743097949748
491 0.9316743097949748
492 0.9316743097949748
493 0.9316744355584758
494 0.9316744355584758
495 0.9316744355584758
496 0.9316744355584758
497 0.9316744355584758
498 0.9316754792583856
499 0.9316754792583856
500 0.9316754792583856
501 0.9316754792583856
502 0.9316754792583856
503 0.9316754792583856
504 0.9316754792583856
505 0.9316754792583856
506 0.9316756211195407
507 0.9316756211195407
508 0.9316756211195407
509 0.9316756211195407
510 0.9316765876348063
511 0.9316765876348063
512 0.9316765876348063
513 0.9316765876348063
514 0.9316765876348063
515 0.9316765876348063
516 0.9316765876348063
517 0.9316765876348063
518 0.9316765876348063
519 0.9316765876348063
520 0.9316765876348063
521 0.9316765876348063
522 0.9316765876348063
523 0.9316765876348063
524 0.9316765876348063
525 0.9316765876348063
526 0.9316765876348063
527 0.9316765876348063
528 0.9316766597819205
529 0.9316766597819205
530 0.9316766597819205
531 0.9316766597819205
532 0.9316768484018277
533 0.9316770010324412
534 0.9316770010324412
535 0.9316770010324412
536 0.9316771908298884
537 0.9316771908298884
538 0.9316771908298884
539 0.9316773014118915
540 0.9316773014118915
541 0.9316773014118915
542 0.9316773014118915
543 0.9316774029131892
544 0.9316774029131892
545 0.9316774029131892
546 0.9316774029131892
547 0.9316774029131892
548 0.9316774029131892
549 0.9316774029131892
550 0.9316775633004317
551 0.9316776102171055
552 0.9316776102171055
553 0.9316777913376119
554 0.9316777913376119
555 0.9316777913376119
556 0.9316777913376119
557 0.9316777913376119
558 0.9316777913376119
559 0.93167805674834
560 0.93167805674834
561 0.93167805674834
562 0.93167805674834
563 0.93167805674834
564 0.9316781793681016
565 0.9316781793681016
566 0.9316781793681016
567 0.9316781793681016
568 0.9316781793681016
569 0.9316781793681016
570 0.9316784482670222
571 0.9316784482670222
572 0.9316784482670222
573 0.9316784482670222
574 0.9316784482670222
575 0.9316784482670222
576 0.9316784482670222
577 0.9316784482670222
578 0.9316784482670222
579 0.9316784482670222
580 0.9316784482670222
581 0.9316784482670222
582 0.9316784482670222
583 0.9316785382149437
584 0.9316785382149437
585 0.9316785382149437
586 0.9316785382149437
587 0.9316785382149437
588 0.9316785382149437
589 0.9316785382149437
590 0.9316785382149437
591 0.9316787200610556
592 0.9316787200610556
593 0.9316787200610556
594 0.9316788681632592
595 0.9316788681632592
596 0.9316788681632592
597 0.9316788681632592
598 0.9316788681632592
599 0.9316788681632592
600 0.9316788681632592
601 0.9316788681632592
602 0.9316788681632592
603 0.9316788681632592
604 0.9316788681632592
605 0.9316789264066678
606 0.9316789264066678
607 0.9316789264066678
608 0.9316789264066678
609 0.9316793152103585
610 0.9316793152103585
611 0.9316793152103585
612 0.9316793152103585
613 0.9316793152103585
614 0.9316793152103585
615 0.931679315719167
616 0.931679315719167
617 0.931679315719167
618 0.931679315719167
619 0.931679315719167
620 0.931679315719167
621 0.931679315719167
622 0.931679315719167
623 0.9316794253314445
624 0.9316794253314445
625 0.9316794253314445
626 0.9316794253314445
627 0.9316795556651573
628 0.9316795556651573
629 0.9316795556651573
630 0.9316797547969788
631 0.9316797547969788
632 0.9316797547969788
633 0.9316797547969788
634 0.9316797547969788
635 0.9316797547969788
636 0.9316799949421151
637 0.9316799949421151
638 0.9316799949421151
639 0.9316799949421151
640 0.9316799949421151
641 0.9316799949421151
642 0.9316799949421151
643 0.9316799949421151
644 0.9316802598065804
645 0.9316802598065804
646 0.9316802598065804
647 0.9316803030959753
648 0.9316803030959753
649 0.9316803030959753
650 0.9316803934260913
651 0.9316805831984311
652 0.931680632360665
653 0.931680632360665
654 0.931680632360665
655 0.931680640670125
656 0.931680640670125
657 0.931680640670125
658 0.931680640670125
659 0.9316806922762482
660 0.9316806922762482
661 0.9316806922762482
662 0.9316808377208456
663 0.9316808377208456
664 0.9316808581548406
665 0.9316808581548406
666 0.9316808581548406
667 0.9316808581548406
668 0.9316808581548406
669 0.9316808581548406
670 0.9316810784617282
671 0.9316810784617282
672 0.9316810963355794
673 0.9316810963355794
674 0.9316810963355794
675 0.9316810963355794
676 0.9316810963355794
677 0.9316812511267087
678 0.9316812511267087
679 0.9316812511267087
680 0.9316812642397646
681 0.931681337918701
682 0.9316816082313647
683 0.9316816082313647
684 0.9316816082313647
685 0.9316816082313647
686 0.9316816082313647
687 0.9316816082313647
688 0.9316816082313647
689 0.9316816082313647
690 0.9316816082313647
691 0.9316816082313647
692 0.9316816082313647
693 0.9316816082313647
694 0.9316816082313647
695 0.9316816082313647
696 0.9316816680918784
697 0.9316816680918784
698 0.9316816680918784
699 0.9316816680918784
700 0.9316816922493696
701 0.9316816922493696
702 0.9316816922493696
703 0.9316820017891334
704 0.9316820017891334
705 0.9316820017891334
706 0.9316820017891334
707 0.9316820017891334
708 0.9316820017891334
709 0.9316820017891334
710 0.9316820017891334
711 0.9316820017891334
712 0.9316820621064533
713 0.9316820621064533
714 0.9316820621064533
715 0.9316820621064533
716 0.9316820747569784
717 0.9316820747569784
718 0.9316822760283179
719 0.9316822760283179
720 0.9316822760283179
721 0.9316822760283179
722 0.9316822760283179
723 0.9316822760283179
724 0.9316822760283179
725 0.9316822760283179
726 0.9316822760283179
727 0.9316822760283179
728 0.9316822760283179
729 0.9316822760283179
730 0.9316822760283179
731 0.9316822760283179
732 0.9316822760283179
733 0.9316822760283179
734 0.9316822760283179
735 0.9316822760283179
736 0.9316822760283179
737 0.9316822760283179
738 0.9316822760283179
