000 0.13970661488725689
001 0.13970661488725689
002 0.20270330261448963
003 0.26075554156617137
004 0.35407984996937153
005 0.35536586667990633
006 0.4726751005108309
007 0.5462469996562453
008 0.5546420244116774
009 0.5638879906903941
010 0.617990115274129
011 0.6800485829524953
012 0.7105897044014226
013 0.7514305113002812
014 0.75581503908338
015 0.7686244774487335
016 0.7917244809882938
017 0.7956875271490272
018 0.8174698967279136
019 0.8174698967279136
020 0.8183840512529911
021 0.8247554984645286
022 0.834899437370081
023 0.834899437370081
024 0.83847340747775
025 0.8406529385187542
026 0.8406529385187542
027 0.8408889840652316
028 0.8414119945869655
029 0.8417218950501276
030 0.8425950618118259
031 0.8429925375407866
032 0.8435093175892195
033 0.8443408588672893
034 0.8452882299413876
035 0.8468722616883562
036 0.8482402463011417
037 0.8482402463011417
038 0.8482402463011417
039 0.8482402463011417
040 0.8482402463011417
041 0.8483796824472549
042 0.8483796824472549
043 0.8483796824472549
044 0.8493550580962809
045 0.8544486070560291
046 0.8544486070560291
047 0.855155148361472
048 0.855155148361472
049 0.8557656426271206
050 0.8567966099867156
051 0.8567966099867156
052 0.8570319632661074
053 0.8570319632661074
054 0.8571513120451439
055 0.8572812407155014
056 0.8572812407155014
057 0.8572812407155014
058 0.8573145402912421
059 0.8585806529526321
060 0.8586226589325945
061 0.8591253208380838
062 0.8591673597248178
063 0.8591673597248178
064 0.8591673597248178
065 0.8591673597248178
066 0.8612413798497954
067 0.8612413798497954
068 0.8612413798497954
069 0.8612413798497954
070 0.8612413798497954
071 0.8612413798497954
072 0.8612413798497954
073 0.8612413798497954
074 0.8612413798497954
075 0.8612413798497954
076 0.86904885784608
077 0.8720606315054201
078 0.8734016368213734
079 0.875422747660866
080 0.8754888512411443
081 0.8759849689529247
082 0.8769043236388793
083 0.8773901708744336
084 0.8779237999405342
085 0.87828565859148
086 0.87828565859148
087 0.8784961199627505
088 0.8786167099693254
089 0.8796417245715608
090 0.8798313220397586
091 0.8804554938447158
092 0.8806840713156363
093 0.8815231012849795
094 0.8824216334505992
095 0.8825975641350478
096 0.8826767749739366
097 0.8826811030323227
098 0.8826811030323227
099 0.8826811030323227
100 0.8826811030323227
101 0.8826811030323227
102 0.8844638988595149
103 0.8844638988595149
104 0.8844638988595149
105 0.8846663072287224
106 0.8846663072287224
107 0.8846663072287224
108 0.8851327275781311
109 0.8851327275781311
110 0.8851327275781311
111 0.8851327275781311
112 0.8879344775750442
113 0.8892135101865979
114 0.8895968275544499
115 0.8905288546306289
116 0.8905288546306289
117 0.890867243909241
118 0.8912821702148886
119 0.8913640270564301
120 0.8914284229720207
121 0.8916015434912375
122 0.8917891490194536
123 0.8918458308471297
124 0.8920140414789722
125 0.8943244995889807
126 0.8945033638210612
127 0.8949899635840934
128 0.8950425742591419
129 0.8954317485363998
130 0.8956254845312048
131 0.8957929430397343
132 0.8958961062072094
133 0.896128809138405
134 0.8964028491042576
135 0.8966732646994754
136 0.896711548365767
137 0.8980585936783062
138 0.8988107650549412
139 0.8990318309915061
140 0.8992494528966465
141 0.8995300968793503
142 0.8996583921235415
143 0.899741732233976
144 0.8999715780756993
145 0.9002844370472727
146 0.900509162143741
147 0.9005836794552872
148 0.9016580177153212
149 0.9017180946904086
150 0.9019733855306231
151 0.9022712343104802
152 0.902537524921466
153 0.902671387871807
154 0.9028156423171044
155 0.9031179179154581
156 0.9033107826682333
157 0.9034548205310852
158 0.903946120840882
159 0.9041345761008868
160 0.9044372736645951
161 0.905172849240067
162 0.905172849240067
163 0.9051749362518281
164 0.9054075997315426
165 0.9055534803480886
166 0.9055577751392777
167 0.9056660506808641
168 0.9057935823881627
169 0.9058712974997168
170 0.9060007413870761
171 0.9062538386286217
172 0.9065412256700276
173 0.9068198953736659
174 0.9071055801278195
175 0.9074840868464805
176 0.9077085564917298
177 0.9082221340214217
178 0.9085604776342256
179 0.9086500147346372
180 0.909181749774198
181 0.9092344632712891
182 0.9095075933538252
183 0.9095637176228395
184 0.9098370846033097
185 0.9100003633415559
186 0.9100329930001181
187 0.9101499730809914
188 0.9103956737982183
189 0.9104424363345593
190 0.9105762707772397
191 0.9107974151795504
192 0.9110701077480042
193 0.9111912535143782
194 0.9115021676764679
195 0.9115101691923648
196 0.9119026397310761
197 0.9120009263024228
198 0.9124245375691422
199 0.912626775834639
200 0.9127428538271801
201 0.9130378683880616
202 0.9132495125043981
203 0.9134756941341643
204 0.9137667901920979
205 0.9141134946130944
206 0.9141134946130944
207 0.9142686003283881
208 0.9144726154385635
209 0.9145392255388295
210 0.9146646695307702
211 0.9148853173337899
212 0.9151009694355087
213 0.9151865492070729
214 0.9154908946358441
215 0.9157216317472893
216 0.9158447362461559
217 0.9160804458503952
218 0.9162037614621235
219 0.9166678647700486
220 0.9166678647700486
221 0.9168170841719492
222 0.9169443878122981
223 0.9170250506626692
224 0.9172820664792356
225 0.9174453194975132
226 0.9176430811924177
227 0.9176430811924177
228 0.9180957612579259
229 0.9183364139472746
230 0.9183364139472746
231 0.91838602727666
232 0.9185009980792742
233 0.9186958869022542
234 0.9188565921116997
235 0.9190757470076764
236 0.9190757470076764
237 0.9192255553872892
238 0.9194723857331024
239 0.9196647546965552
240 0.9196671155035565
241 0.9197121940038191
242 0.9199996729245495
243 0.9200115647904026
244 0.9201011504526242
245 0.9202364967749864
246 0.9203967983248031
247 0.9204793963976935
248 0.9207226188542545
249 0.9207226188542545
250 0.9208592725162243
251 0.920969088431494
252 0.9210721197920623
253 0.9211501357445816
254 0.921212721357199
255 0.9212964758684505
256 0.9214124591878098
257 0.9215371537949542
258 0.9216306690988855
259 0.9217727599850858
260 0.9219441941498295
261 0.9219441941498295
262 0.9220340926726383
263 0.9221055666635009
264 0.9221449105472127
265 0.9222418274911708
266 0.9224505161662043
267 0.9224505161662043
268 0.9224852683417966
269 0.9226164687231933
270 0.9226164687231933
271 0.9226626504819098
272 0.9227369853116532
273 0.922823155148927
274 0.9228821531751372
275 0.9230153178247683
276 0.9230153178247683
277 0.9230865472282446
278 0.9231584014403906
279 0.923177834939017
280 0.9233382902838531
281 0.9233382902838531
282 0.923339580232296
283 0.9234457033230793
284 0.923485405602821
285 0.9235534145946712
286 0.9235955072483788
287 0.9235955072483788
288 0.9236659957431552
289 0.9236742647719027
290 0.923711394180363
291 0.923782978105639
292 0.923822058775715
293 0.9238296571565557
294 0.9239075042394007
295 0.9239075042394007
296 0.9239404724255609
297 0.9239528315428938
298 0.9240298807633812
299 0.9240825196702794
300 0.9241298911099116
301 0.9241567872235671
302 0.9242370249829941
303 0.9242370249829941
304 0.9242684042311476
305 0.9243624412954632
306 0.9243624412954632
307 0.924373200870608
308 0.9244497696698663
309 0.9244914389488448
310 0.9245146243905092
311 0.9245578774225693
312 0.9245578774225693
313 0.9246116793876964
314 0.9246709728036855
315 0.9247080438060232
316 0.9247080438060232
317 0.9247303880134067
318 0.9247598026163005
319 0.9247864304657555
320 0.9247864304657555
321 0.9248725567869657
322 0.9248725567869657
323 0.9248725567869657
324 0.9249189482754102
325 0.9249189482754102
326 0.9249515379519181
327 0.9249680926089179
328 0.924981883183152
329 0.9249939728123435
330 0.9250544701467218
331 0.9250577298070243
332 0.9251014459435801
333 0.9251014459435801
334 0.9251291005961836
335 0.9251490881536757
336 0.9251490881536757
337 0.9251984951417107
338 0.9251984951417107
339 0.925219152483148
340 0.925219152483148
341 0.9252320851332179
342 0.9252695213839293
343 0.925284834068195
344 0.9252889241708491
345 0.9253451197158652
346 0.9253451197158652
347 0.9253735880520424
348 0.9253735880520424
349 0.9253756545432151
350 0.9253915600285183
351 0.925391813063163
352 0.9254160382803871
353 0.9254381618296814
354 0.9254388034841919
355 0.9254624530554056
356 0.9254742153620482
357 0.9254846473731733
358 0.925505590990368
359 0.9255259294659689
360 0.9255348274025874
361 0.9255348274025874
362 0.9255432277670919
363 0.9255470351175649
364 0.9255477600786213
365 0.9255695895226064
366 0.9255927379633312
367 0.9255927379633312
368 0.9256097738093783
369 0.9256195898622515
370 0.9256195898622515
371 0.9256272407603741
372 0.9256272407603741
373 0.9256612377039682
374 0.9256612377039682
375 0.9256696513095654
376 0.9256892123031323
377 0.9257246692982277
378 0.9257246692982277
379 0.9257246692982277
380 0.9257416172649386
381 0.9257478781121999
382 0.9257574872679379
383 0.9257687178964977
384 0.9257687178964977
385 0.9257842204201454
386 0.9257971726099093
387 0.9258119240874189
388 0.9258119240874189
389 0.9258212259354104
390 0.9258251236842178
391 0.9258394638294598
392 0.9258394638294598
393 0.9258452094621062
394 0.9258560190814943
395 0.9258560670091456
396 0.9258773283835757
397 0.9258773283835757
398 0.9258773283835757
399 0.9258773283835757
400 0.925892617789851
401 0.925892617789851
402 0.9258978405723695
403 0.9259161221432861
404 0.9259161221432861
405 0.9259228084979044
406 0.9259275561052167
407 0.9259368625456409
408 0.9259613782829094
409 0.9259613782829094
410 0.9259613782829094
411 0.9259661738093122
412 0.9259661738093122
413 0.925973995352559
414 0.9259777079019753
415 0.9259803614212361
416 0.9259871890252636
417 0.9259980921335276
418 0.9260018407806573
419 0.9260018407806573
420 0.9260161836586557
421 0.9260161836586557
422 0.9260161836586557
423 0.9260183871228355
424 0.9260246745359918
425 0.9260283085915281
426 0.926033627384307
427 0.926038218680006
428 0.9260476713456443
429 0.9260484295156582
430 0.9260502677163974
431 0.9260640887519539
432 0.9260640887519539
433 0.9260644322393655
434 0.9260653635352889
435 0.9260765847642114
436 0.9260765847642114
437 0.9260871145472961
438 0.9260902232800181
439 0.9260902232800181
440 0.9260902232800181
441 0.9260931671243819
442 0.9260931671243819
443 0.9261061669426524
444 0.9261080852119907
445 0.9261080852119907
446 0.9261080852119907
447 0.9261136472882585
448 0.9261136472882585
449 0.9261228496899871
450 0.9261228496899871
451 0.9261308626390976
452 0.9261308626390976
453 0.9261363875753111
454 0.9261415140602702
455 0.9261476799490475
456 0.9261510664898239
457 0.9261512865792332
458 0.9261680657366512
459 0.9261680657366512
460 0.9261782726632467
461 0.9261782726632467
462 0.9261782726632467
463 0.9261782726632467
464 0.9261863664435401
465 0.9261925936935126
466 0.9261925936935126
467 0.9261925936935126
468 0.9261925936935126
469 0.9261925936935126
470 0.9262047143737832
471 0.9262047143737832
472 0.9262047143737832
473 0.926204742095754
474 0.9262116219723647
475 0.9262116219723647
476 0.9262116219723647
477 0.9262116219723647
478 0.9262116219723647
479 0.9262174335926393
480 0.926220131710386
481 0.926220131710386
482 0.926220131710386
483 0.9262220168685332
484 0.9262220168685332
485 0.9262355056915366
486 0.9262355056915366
487 0.9262355056915366
488 0.9262357920203922
489 0.9262393578800283
490 0.9262477611897159
491 0.9262477611897159
492 0.9262477611897159
493 0.9262590684099586
494 0.9262590684099586
495 0.9262590684099586
496 0.9262590684099586
497 0.9262590684099586
498 0.9262590684099586
499 0.926259995526221
500 0.926263444411835
501 0.9262661984319291
502 0.9262734365670418
503 0.9262734365670418
504 0.9262734365670418
505 0.9262734365670418
506 0.9262778190742179
507 0.9262839822327826
508 0.9262839822327826
509 0.9262839822327826
510 0.9262845292581817
511 0.9262874263108724
512 0.9262943745318638
513 0.9262943745318638
514 0.9263009436791705
515 0.9263009436791705
516 0.9263009436791705
517 0.9263009436791705
518 0.9263009436791705
519 0.9263009436791705
520 0.9263070968900176
521 0.9263118418743153
522 0.9263118418743153
523 0.9263118418743153
524 0.9263125948400293
525 0.9263125948400293
526 0.9263187413832886
527 0.9263187413832886
528 0.9263253321018259
529 0.9263253321018259
530 0.9263253321018259
531 0.9263253321018259
532 0.9263253321018259
533 0.9263253321018259
534 0.9263272263209537
535 0.9263272263209537
536 0.9263272263209537
537 0.926328461881713
538 0.926328461881713
539 0.926333200494045
540 0.9263372368622494
541 0.9263425122055773
542 0.9263425122055773
543 0.9263425122055773
544 0.9263425122055773
545 0.9263438277681448
546 0.9263494567472249
547 0.9263494567472249
548 0.9263494567472249
549 0.9263494567472249
550 0.9263497570176766
551 0.9263510568945496
552 0.9263510568945496
553 0.9263518187459586
554 0.9263526861838244
555 0.9263552358432309
556 0.9263552358432309
557 0.9263558201415865
558 0.9263610010328661
559 0.9263610010328661
560 0.9263610010328661
561 0.9263616701195561
562 0.9263616701195561
563 0.9263616701195561
564 0.9263616701195561
565 0.9263616701195561
566 0.9263616701195561
567 0.9263621324401355
568 0.9263621324401355
569 0.9263645035057172
570 0.9263645035057172
571 0.9263705980537886
572 0.9263705980537886
573 0.9263705980537886
574 0.9263705980537886
575 0.9263710312759603
576 0.9263710312759603
577 0.926372547890035
578 0.926372547890035
579 0.926372547890035
580 0.926372547890035
581 0.926372547890035
582 0.9263733949819312
583 0.9263733949819312
584 0.9263733949819312
585 0.9263746745207299
586 0.9263785192690757
587 0.9263790251528922
588 0.9263790396057394
589 0.9263797610019034
590 0.9263835784532884
591 0.9263835784532884
592 0.9263835784532884
593 0.9263835784532884
594 0.9263835784532884
595 0.926385843505203
596 0.926385843505203
597 0.9263888297974228
598 0.9263888297974228
599 0.9263888297974228
600 0.9263895951470845
601 0.9263950619180715
602 0.9263950619180715
603 0.9263950619180715
604 0.9263950619180715
605 0.9263950619180715
606 0.9263950619180715
607 0.9263960573171954
608 0.9263979131534371
609 0.9263979131534371
610 0.9263979131534371
611 0.9263981750653527
612 0.9263981750653527
613 0.9263997985649995
614 0.9263997985649995
615 0.9263997985649995
616 0.9264034852617095
617 0.9264034852617095
618 0.9264034852617095
619 0.9264034852617095
620 0.9264062479405136
621 0.9264062479405136
622 0.9264062479405136
623 0.9264077511675148
624 0.9264077511675148
625 0.9264077511675148
626 0.9264077511675148
627 0.9264093815027695
628 0.9264093815027695
629 0.9264093815027695
630 0.9264093815027695
631 0.9264097443927466
632 0.9264106105812776
633 0.9264106105812776
634 0.926414411909447
635 0.926414411909447
636 0.926414411909447
637 0.926414411909447
638 0.926414411909447
639 0.926414411909447
640 0.9264156431581171
641 0.9264189558636774
642 0.9264189558636774
643 0.9264194833260666
644 0.926419599989252
645 0.926419599989252
646 0.9264198107478021
647 0.9264198107478021
648 0.9264201194387046
649 0.926420511055101
650 0.926423012470307
651 0.926424074251244
652 0.9264246173977134
653 0.9264246173977134
654 0.9264246173977134
655 0.9264246173977134
656 0.926426323266587
657 0.9264263313177561
658 0.9264263313177561
659 0.9264263313177561
660 0.9264263592872056
661 0.9264292284999517
662 0.9264292284999517
663 0.9264292478110044
664 0.9264296225493396
665 0.926430515074631
666 0.926430515074631
667 0.9264328655010954
668 0.9264328655010954
669 0.9264328655010954
670 0.9264337301977055
671 0.9264337301977055
672 0.9264337301977055
673 0.9264337301977055
674 0.9264355684037631
675 0.9264355684037631
676 0.9264360304355557
677 0.9264360304355557
678 0.9264376972208241
679 0.9264376972208241
680 0.9264376972208241
681 0.9264376972208241
682 0.9264376972208241
683 0.9264376972208241
684 0.9264386300280671
685 0.9264386300280671
686 0.9264396629715008
687 0.9264396629715008
688 0.9264399102671695
689 0.9264399102671695
690 0.9264399102671695
691 0.9264399102671695
692 0.9264399102671695
693 0.9264399102671695
694 0.9264404376375225
695 0.9264404376375225
696 0.9264419212164707
697 0.9264419212164707
698 0.9264419212164707
699 0.9264419212164707
700 0.9264426626766711
701 0.9264426626766711
702 0.9264429888792259
703 0.9264445667125804
704 0.9264445667125804
705 0.9264445667125804
706 0.9264445667125804
707 0.9264445667125804
708 0.9264445667125804
709 0.9264445667125804
710 0.9264445667125804
711 0.9264445667125804
712 0.9264445667125804
713 0.9264445667125804
714 0.9264449875727193
715 0.9264454543468061
716 0.9264454543468061
717 0.9264454543468061
718 0.926445681360372
719 0.9264461949205882
720 0.9264467722667756
721 0.9264467722667756
722 0.9264469448090675
723 0.9264469448090675
724 0.9264470131882978
725 0.9264470131882978
726 0.9264488412389783
727 0.9264488412389783
728 0.9264488412389783
729 0.9264493474776834
730 0.9264493474776834
731 0.9264493474776834
732 0.9264493474776834
733 0.9264497760648082
734 0.9264497760648082
735 0.9264497760648082
736 0.9264497760648082
737 0.9264503751379632
738 0.9264503751379632
739 0.9264503751379632
740 0.9264503751379632
741 0.926450781124058
742 0.9264509398590086
743 0.9264517297285554
744 0.9264517297285554
745 0.9264517297285554
746 0.9264517297285554
747 0.9264517297285554
748 0.926451982639165
749 0.9264522736402367
750 0.9264522736402367
751 0.9264538253023927
752 0.9264538253023927
753 0.9264543191485832
754 0.9264543191485832
755 0.9264553492123938
756 0.9264553492123938
757 0.9264553492123938
758 0.9264553492123938
759 0.9264553492123938
760 0.9264555503563013
761 0.9264555503563013
762 0.9264555503563013
763 0.9264555503563013
764 0.9264555503563013
765 0.9264555760471253
766 0.9264555760471253
767 0.9264562683195426
768 0.9264580414858984
769 0.9264580414858984
770 0.9264580414858984
771 0.9264580414858984
772 0.9264584241541892
773 0.9264584241541892
774 0.9264584241541892
775 0.9264584241541892
776 0.9264584241541892
777 0.9264584241541892
778 0.9264586785218558
779 0.9264586785218558
780 0.9264586785218558
781 0.9264586785218558
782 0.9264586785218558
783 0.9264586844973913
784 0.9264586844973913
785 0.9264591438808132
786 0.9264591438808132
787 0.9264591438808132
788 0.9264599964941441
789 0.9264599964941441
790 0.9264601477103355
791 0.9264610454118661
792 0.9264610454118661
793 0.9264610454118661
794 0.9264625964859422
795 0.9264625964859422
796 0.9264625964859422
797 0.9264625964859422
798 0.9264625964859422
799 0.9264625964859422
800 0.9264625964859422
801 0.9264625964859422
802 0.9264625964859422
803 0.9264625964859422
804 0.9264625964859422
805 0.9264625964859422
806 0.9264630051989786
807 0.9264630051989786
808 0.9264630051989786
809 0.9264637958362646
810 0.9264637958362646
811 0.9264637958362646
812 0.9264639503156491
813 0.9264639503156491
814 0.9264639503156491
815 0.9264640095726839
816 0.9264648076163662
817 0.9264648076163662
818 0.9264648076163662
819 0.9264648076163662
820 0.9264653601090385
821 0.9264653601090385
822 0.9264653601090385
823 0.9264653601090385
824 0.9264653601090385
825 0.9264653601090385
826 0.926465628054777
827 0.926465628054777
828 0.9264663497037582
829 0.9264663497037582
830 0.926466632719089
831 0.926466632719089
832 0.926466632719089
833 0.926466632719089
834 0.926466632719089
835 0.9264666470217143
836 0.9264666470217143
837 0.9264669067705898
838 0.9264669067705898
839 0.9264669067705898
840 0.9264669067705898
841 0.9264673847614893
842 0.9264673847614893
843 0.9264673847614893
844 0.9264676587543021
845 0.9264676587543021
846 0.9264676587543021
847 0.9264678498876435
848 0.926468131762104
849 0.9264683905851419
850 0.9264683905851419
851 0.9264683905851419
852 0.9264683905851419
853 0.9264683905851419
854 0.9264683905851419
855 0.9264688362903887
856 0.9264688362903887
857 0.9264699056408224
858 0.9264699056408224
859 0.9264699056408224
860 0.9264699056408224
861 0.9264700778480647
862 0.9264700778480647
863 0.9264700778480647
864 0.9264700778480647
865 0.926470357449917
866 0.926470357449917
867 0.926470357449917
868 0.926470357449917
869 0.926470357449917
870 0.926470484409119
871 0.926470484409119
872 0.9264708615344543
873 0.9264709384763787
874 0.9264714753310355
875 0.9264714753310355
876 0.9264716239564172
877 0.9264716239564172
878 0.9264719214472645
879 0.9264719728826567
880 0.9264723989180014
881 0.9264723989180014
882 0.9264723989180014
883 0.9264723989180014
884 0.9264725405638435
885 0.9264733149155109
886 0.9264733149155109
887 0.9264733149155109
888 0.9264733149155109
889 0.9264733149155109
890 0.9264733149155109
891 0.9264733149155109
892 0.9264733149155109
893 0.9264749603570527
894 0.9264749603570527
895 0.9264749603570527
896 0.9264749603570527
897 0.9264749603570527
898 0.9264749603570527
899 0.9264749603570527
900 0.9264749603570527
901 0.9264749603570527
902 0.9264749603570527
903 0.9264749603570527
904 0.9264749603570527
905 0.9264749603570527
906 0.9264749603570527
907 0.9264749603570527
908 0.9264749603570527
909 0.9264754770450288
910 0.9264754770450288
911 0.9264754770450288
912 0.9264754770450288
913 0.9264754770450288
914 0.9264754770450288
915 0.9264754770450288
916 0.9264757304604343
917 0.9264757650548111
918 0.92647580124301
919 0.92647580124301
920 0.9264760347784198
921 0.9264763357661198
922 0.9264763357661198
923 0.9264763357661198
924 0.9264763357661198
925 0.9264763357661198
926 0.9264763472167223
927 0.9264763472167223
928 0.9264763472167223
929 0.9264772861721584
930 0.9264772861721584
931 0.9264772861721584
932 0.9264772861721584
933 0.9264772861721584
934 0.9264772861721584
935 0.9264772861721584
936 0.9264772861721584
937 0.9264772861721584
938 0.9264772861721584
939 0.9264774865423886
940 0.9264774865423886
941 0.9264774865423886
942 0.9264774865423886
943 0.9264774906718138
944 0.9264777070860337
945 0.9264778916765941
946 0.9264778916765941
947 0.9264778916765941
948 0.9264787535833529
949 0.9264787535833529
950 0.9264787535833529
951 0.9264787535833529
952 0.9264787535833529
953 0.9264787535833529
954 0.9264787535833529
955 0.9264787535833529
956 0.9264787535833529
957 0.9264787535833529
958 0.9264790141450412
959 0.9264790141450412
960 0.9264790837977501
961 0.926479478819302
962 0.926479478819302
963 0.9264794973420758
964 0.9264794973420758
965 0.9264794973420758
966 0.9264795128270275
967 0.9264795128270275
968 0.9264795128270275
969 0.9264798625835676
970 0.9264798625835676
971 0.9264798625835676
972 0.926480199948144
973 0.926480199948144
974 0.926480199948144
975 0.926480199948144
976 0.926480199948144
977 0.926480199948144
978 0.926480199948144
979 0.926480199948144
980 0.926480199948144
981 0.926480199948144
982 0.926480199948144
983 0.9264807193344683
984 0.9264808995889471
985 0.9264808995889471
986 0.9264808995889471
987 0.9264808995889471
988 0.9264818674209304
989 0.9264818674209304
990 0.9264818674209304
991 0.9264818674209304
992 0.9264818674209304
993 0.9264818674209304
994 0.9264818674209304
995 0.9264818674209304
996 0.9264818674209304
997 0.9264818674209304
998 0.9264818674209304
999 0.9264818674209304
1000 0.9264818674209304
1001 0.9264818674209304
1002 0.9264818674209304
1003 0.9264818674209304
1004 0.9264820827230325
1005 0.9264820827230325
1006 0.9264820827230325
1007 0.9264820827230325
1008 0.9264820827230325
1009 0.926482490754642
1010 0.926482490754642
1011 0.926482490754642
1012 0.926482490754642
1013 0.926482490754642
1014 0.926482490754642
1015 0.926482490754642
1016 0.926482490754642
1017 0.926482490754642
1018 0.9264828495896137
1019 0.9264828495896137
1020 0.9264828495896137
1021 0.9264828495896137
1022 0.9264828495896137
1023 0.9264828495896137
1024 0.9264828495896137
1025 0.9264830143081707
1026 0.926483721533864
1027 0.926483721533864
1028 0.926483721533864
1029 0.9264841696366797
1030 0.9264841696366797
1031 0.9264841696366797
1032 0.9264841696366797
1033 0.9264841696366797
1034 0.926484379967314
1035 0.926484379967314
1036 0.926484379967314
1037 0.926484379967314
1038 0.926484379967314
1039 0.926484379967314
1040 0.926484379967314
1041 0.9264844569720665
1042 0.9264844569720665
1043 0.9264844569720665
1044 0.9264844569720665
1045 0.9264845664737422
1046 0.9264845664737422
1047 0.9264845664737422
1048 0.9264854579927317
1049 0.9264854579927317
1050 0.9264854579927317
1051 0.9264855918067763
1052 0.9264855918067763
1053 0.9264855931747095
1054 0.9264862554013866
1055 0.9264862554013866
1056 0.9264862554013866
1057 0.9264862554013866
1058 0.9264862554013866
1059 0.9264862554013866
1060 0.9264862554013866
1061 0.9264862554013866
1062 0.9264862554013866
1063 0.9264862554013866
1064 0.9264862554013866
1065 0.9264862554013866
1066 0.9264862554013866
1067 0.9264862554013866
1068 0.9264862554013866
1069 0.9264862554013866
1070 0.9264869690563092
1071 0.9264869690563092
1072 0.9264869690563092
1073 0.9264869690563092
1074 0.9264869690563092
1075 0.9264869690563092
1076 0.9264869690563092
1077 0.9264869690563092
1078 0.9264869690563092
1079 0.9264869690563092
1080 0.9264869690563092
1081 0.9264869701926405
1082 0.9264869701926405
1083 0.9264869701926405
1084 0.9264869701926405
1085 0.9264869701926405
1086 0.9264869701926405
1087 0.9264869701926405
1088 0.9264871181388762
1089 0.9264872185932479
1090 0.9264872185932479
1091 0.9264872185932479
1092 0.9264872185932479
1093 0.9264872185932479
1094 0.9264877068361564
1095 0.9264877068361564
1096 0.9264877068361564
1097 0.9264877068361564
1098 0.9264877068361564
1099 0.9264877068361564
1100 0.9264878097812203
1101 0.9264878097812203
1102 0.9264878097812203
1103 0.9264878097812203
1104 0.9264878097812203
1105 0.9264878097812203
1106 0.9264878097812203
1107 0.9264878097812203
1108 0.9264878097812203
1109 0.9264878547712941
1110 0.9264878547712941
1111 0.9264878547712941
1112 0.9264878547712941
1113 0.9264878547712941
1114 0.9264878547712941
1115 0.9264878547712941
1116 0.9264878547712941
1117 0.9264878547712941
1118 0.9264878547712941
1119 0.9264878884182274
1120 0.9264879369515434
1121 0.9264885744148421
1122 0.9264888896075061
1123 0.9264888896075061
1124 0.9264888896075061
1125 0.9264888896075061
1126 0.9264888896075061
1127 0.9264888896075061
1128 0.9264888896075061
1129 0.9264888896075061
1130 0.9264888896075061
1131 0.9264888896075061
1132 0.9264888896075061
1133 0.9264888896075061
1134 0.9264888896075061
1135 0.9264888896075061
1136 0.926488936048496
1137 0.926488936048496
1138 0.926488936048496
1139 0.926488936048496
1140 0.9264892097833513
1141 0.9264892097833513
1142 0.9264892097833513
1143 0.9264892097833513
1144 0.9264892097833513
1145 0.9264892097833513
1146 0.9264892097833513
1147 0.9264894028502307
1148 0.9264894028502307
1149 0.9264894028502307
1150 0.9264897631117952
1151 0.9264897631117952
1152 0.9264897631117952
1153 0.9264897631117952
1154 0.9264897631117952
1155 0.9264897631117952
1156 0.9264897631117952
1157 0.9264897765365993
1158 0.9264900581904956
1159 0.9264901642274969
1160 0.9264901642274969
1161 0.9264901642274969
1162 0.9264901642274969
1163 0.9264901642274969
1164 0.9264901957202999
1165 0.9264901957202999
1166 0.9264901957202999
1167 0.9264908810464375
1168 0.9264908810464375
1169 0.9264908810464375
1170 0.9264908810464375
1171 0.9264908810464375
1172 0.9264908810464375
1173 0.9264908810464375
1174 0.9264908810464375
1175 0.9264908810464375
1176 0.9264908810464375
1177 0.9264908810464375
1178 0.9264908810464375
1179 0.9264908810464375
1180 0.9264909632709367
1181 0.9264909632709367
1182 0.9264909914961342
1183 0.9264909914961342
1184 0.9264911090241692
1185 0.9264911090241692
1186 0.9264911736122031
1187 0.9264911736122031
1188 0.9264911736122031
1189 0.9264911736122031
1190 0.9264911736122031
1191 0.9264911736122031
1192 0.9264911736122031
1193 0.9264911736122031
1194 0.9264912873071051
1195 0.9264912873071051
1196 0.9264912873071051
1197 0.9264917343987183
1198 0.9264917343987183
1199 0.9264917343987183
1200 0.9264917343987183
1201 0.9264917343987183
1202 0.9264917343987183
1203 0.9264917343987183
1204 0.9264917343987183
1205 0.9264917343987183
1206 0.9264917343987183
1207 0.9264917343987183
1208 0.9264917452042193
1209 0.9264917452042193
1210 0.9264917452042193
1211 0.9264917452042193
1212 0.9264918464300365
1213 0.9264918464300365
1214 0.9264918464300365
1215 0.9264919099893412
1216 0.9264919585233362
1217 0.9264920410911824
1218 0.9264920410911824
1219 0.9264920461893492
1220 0.9264920461893492
1221 0.9264921526186829
1222 0.9264921526186829
1223 0.9264921526186829
1224 0.9264921526186829
1225 0.9264921526186829
1226 0.9264921526186829
1227 0.9264926109029686
1228 0.9264926109029686
1229 0.9264926109029686
1230 0.9264926109029686
1231 0.9264926109029686
1232 0.9264926109029686
1233 0.9264926109029686
1234 0.9264930681118906
1235 0.9264930681118906
1236 0.9264930681118906
1237 0.9264930681118906
1238 0.9264930681118906
1239 0.9264930681118906
1240 0.9264930681118906
1241 0.9264930681118906
1242 0.9264930681118906
1243 0.9264930902791564
1244 0.926493329152651
1245 0.926493329152651
1246 0.926493329152651
1247 0.926493329152651
1248 0.926493329152651
1249 0.926493329152651
1250 0.926493329152651
1251 0.926493329152651
1252 0.926493329152651
1253 0.926493329152651
1254 0.926493329152651
1255 0.926493329152651
1256 0.926493329152651
1257 0.926493329152651
1258 0.926493329152651
1259 0.926493329152651
1260 0.926493329152651
1261 0.9264934119694725
1262 0.9264934119694725
1263 0.9264934119694725
1264 0.9264934119694725
1265 0.9264934119694725
1266 0.9264934119694725
1267 0.9264934119694725
1268 0.9264934119694725
1269 0.9264936559168457
1270 0.9264936559168457
1271 0.9264936559168457
1272 0.9264936559168457
1273 0.9264936559168457
1274 0.9264936559168457
1275 0.9264936559168457
1276 0.9264936559168457
1277 0.9264936559168457
1278 0.9264936559168457
1279 0.9264936559168457
1280 0.9264936559168457
1281 0.9264936559168457
1282 0.9264936559168457
1283 0.9264938219452201
1284 0.9264938990750176
1285 0.9264938990750176
1286 0.9264938990750176
1287 0.9264938990750176
1288 0.9264938990750176
1289 0.9264938990750176
1290 0.9264939737530321
1291 0.9264939737530321
1292 0.9264939737530321
1293 0.9264939985170461
1294 0.9264939985170461
1295 0.9264939985170461
1296 0.9264939985170461
1297 0.9264940581860288
1298 0.9264940581860288
1299 0.9264940581860288
1300 0.9264940581860288
1301 0.9264941524187685
1302 0.9264941524187685
1303 0.9264941524187685
1304 0.9264941524187685
1305 0.9264941524187685
1306 0.9264941524187685
1307 0.9264941524187685
1308 0.9264941524187685
1309 0.9264941524187685
1310 0.9264941849316124
1311 0.9264941849316124
1312 0.9264942053529867
1313 0.9264942053529867
1314 0.9264942207136441
1315 0.9264942207136441
1316 0.9264942207136441
1317 0.9264942207136441
1318 0.9264942207136441
1319 0.9264942963355203
1320 0.9264943305277835
1321 0.9264943305277835
1322 0.9264943305277835
1323 0.9264943305277835
1324 0.9264943305277835
1325 0.9264943305277835
1326 0.9264943959829841
1327 0.9264943959829841
1328 0.9264943959829841
1329 0.9264945244892827
1330 0.9264945244892827
1331 0.9264945244892827
1332 0.9264945244892827
1333 0.9264945244892827
1334 0.9264945244892827
1335 0.9264945244892827
1336 0.9264945244892827
1337 0.9264947812418072
1338 0.9264947812418072
1339 0.9264947812418072
1340 0.9264947812418072
1341 0.9264947812418072
1342 0.9264947812418072
1343 0.9264947812418072
1344 0.9264947812418072
1345 0.9264947812418072
1346 0.9264947812418072
1347 0.9264947812418072
1348 0.9264951755304275
1349 0.9264951755304275
1350 0.9264951755304275
1351 0.9264951755304275
1352 0.9264951755304275
1353 0.9264951755304275
1354 0.9264951755304275
1355 0.9264951755304275
1356 0.9264951755304275
1357 0.9264951755304275
1358 0.9264951755304275
1359 0.9264951755304275
1360 0.9264951755304275
1361 0.9264951755304275
1362 0.9264951755304275
1363 0.9264951755304275
1364 0.9264951817963052
1365 0.9264951817963052
1366 0.9264951817963052
1367 0.9264951817963052
1368 0.9264951817963052
1369 0.9264951817963052
1370 0.9264951817963052
1371 0.9264951817963052
1372 0.9264951817963052
1373 0.9264951817963052
1374 0.9264952003754867
1375 0.9264952645683281
1376 0.9264952645683281
1377 0.9264953421272556
1378 0.9264953421272556
1379 0.9264953421272556
1380 0.9264953421272556
1381 0.9264953421272556
1382 0.9264953421272556
1383 0.9264953421272556
1384 0.9264953421272556
1385 0.9264953421272556
1386 0.9264953421272556
1387 0.9264954099044876
1388 0.9264954099044876
1389 0.9264955005924969
1390 0.9264955057329427
1391 0.9264955057329427
1392 0.9264955057329427
1393 0.9264955295181372
1394 0.9264955295181372
1395 0.9264955295181372
1396 0.9264955806119677
1397 0.9264956892653641
1398 0.9264956892653641
1399 0.9264956892653641
1400 0.9264956892653641
1401 0.9264956892653641
1402 0.9264956892653641
1403 0.9264956892653641
1404 0.9264956892653641
1405 0.9264956892653641
1406 0.9264956892653641
1407 0.9264958495832012
1408 0.9264958495832012
1409 0.9264958495832012
1410 0.9264958495832012
1411 0.9264958495832012
1412 0.9264958495832012
1413 0.9264958495832012
1414 0.9264958495832012
1415 0.9264958495832012
1416 0.9264958495832012
1417 0.9264958495832012
1418 0.9264958495832012
1419 0.9264958495832012
1420 0.9264958495832012
1421 0.9264958495832012
1422 0.9264958495832012
1423 0.9264958495832012
1424 0.9264958495832012
1425 0.9264958495832012
1426 0.9264958495832012
1427 0.9264958495832012
