000 0.24782108547964568
001 0.26434024111919285
002 0.3002280818896416
003 0.5221278691355475
004 0.5526359533174688
005 0.6695937851973678
006 0.6695937851973678
007 0.6946244830703205
008 0.7809117626528851
009 0.8038714734160074
010 0.8372346482522001
011 0.843512882725683
012 0.8776476705416489
013 0.8787614359421407
014 0.8787614359421407
015 0.8852129432520762
016 0.8938787018903596
017 0.8951725797059082
018 0.8966025464694626
019 0.8968830639536319
020 0.8988614609588056
021 0.899152952449474
022 0.899152952449474
023 0.8999677112649457
024 0.9001392471926779
025 0.9002777310149898
026 0.900675432495928
027 0.9016823533439097
028 0.9016823533439097
029 0.9018790128763727
030 0.9018792854700758
031 0.9019742394861865
032 0.9021185978786962
033 0.9021185978786962
034 0.9030516728907276
035 0.9032151612294362
036 0.9032151612294362
037 0.9043634550732707
038 0.9049947610237168
039 0.9057716422478076
040 0.9063032286575521
041 0.9074560525082066
042 0.9079786044862365
043 0.9083127511685459
044 0.9086710143337251
045 0.9087431229276948
046 0.9087450211622878
047 0.9087953100407938
048 0.9088660744987317
049 0.9089840936086504
050 0.9090513201905782
051 0.9090649978841213
052 0.9097379190345116
053 0.9104764662804748
054 0.9106658847282464
055 0.9113130992540439
056 0.9113333960612666
057 0.9116095443766845
058 0.9116373941545972
059 0.9117309947207497
060 0.9118482963414358
061 0.911884953147144
062 0.9119867885492629
063 0.912022328490633
064 0.9120723800186228
065 0.9121313240073768
066 0.9122748524684349
067 0.9123328003724971
068 0.9123328003724971
069 0.9123879919876988
070 0.9123879919876988
071 0.9124326260891603
072 0.9124326260891603
073 0.912452666462073
074 0.9124585035330689
075 0.9124630474303355
076 0.9124795234591577
077 0.912485494406365
078 0.9124873368369807
079 0.912491060360732
080 0.912491060360732
081 0.9124941534925751
082 0.912499300623427
083 0.912499300623427
084 0.9125024316981358
085 0.9125029909041886
086 0.9125061020588717
087 0.9125061020588717
088 0.9125061020588717
089 0.9125115541708222
090 0.9125115541708222
091 0.9125115541708222
092 0.9125115541708222
093 0.9125147252883354
094 0.9125147252883354
095 0.9125147252883354
096 0.9125147252883354
097 0.9125155181193993
098 0.9125155181193993
099 0.9125156031360795
100 0.9125156031360795
101 0.9125168693325688
102 0.9125174492034657
103 0.9125174492034657
104 0.9125174492034657
105 0.9125174492034657
106 0.9125174492034657
107 0.9125174492034657
108 0.9125174492034657
109 0.9125182646005002
110 0.9125182646005002
111 0.912518853282451
112 0.912518853282451
113 0.9125193842376659
114 0.9125193842376659
115 0.9125193842376659
116 0.9125193842376659
117 0.9125193842376659
118 0.9125194494016763
119 0.9125194494016763
120 0.9125194494016763
121 0.9125206830694542
122 0.9125206830694542
123 0.9125206830694542
124 0.9125206830694542
125 0.9125206830694542
126 0.9125206830694542
127 0.9125206830694542
128 0.9125206830694542
129 0.9125206830694542
130 0.9125206830694542
131 0.9125206830694542
132 0.9125206830694542
133 0.9125206830694542
134 0.9125206830694542
135 0.9125206924543348
136 0.9125209391263814
137 0.9125209391263814
138 0.9125218579811865
139 0.9125218579811865
140 0.9125218579811865
141 0.9125218579811865
142 0.9125218579811865
143 0.9125227939352976
144 0.9125227939352976
145 0.9125227939352976
146 0.9125227939352976
147 0.9125227939352976
148 0.9125227939352976
149 0.9125227939352976
150 0.9125227939352976
151 0.9125227939352976
152 0.9125227939352976
153 0.9125227939352976
154 0.9125227939352976
155 0.9125227939352976
156 0.9125227939352976
157 0.9125227939352976
158 0.9125227939352976
159 0.9125227939352976
160 0.9125227939352976
161 0.9125227939352976
162 0.9125227939352976
163 0.9125227939352976
