000 0.12337668089592882
001 0.29070913424904365
002 0.29070913424904365
003 0.29070913424904365
004 0.4009593650403055
005 0.4009593650403055
006 0.49762192439958414
007 0.5684864955764234
008 0.589884938497584
009 0.6138527232907172
010 0.6549635445437311
011 0.7321935483998139
012 0.780010647598312
013 0.7882309645279181
014 0.8203043743951682
015 0.8217325106722249
016 0.8495495580707676
017 0.8652992457983906
018 0.8849851163953527
019 0.8866859171089925
020 0.9003042138873725
021 0.9022635905039852
022 0.9046815925141363
023 0.9097733008967319
024 0.9115003085628299
025 0.9122311307506394
026 0.9122311307506394
027 0.9131256318794241
028 0.9131288980820884
029 0.9138958301596798
030 0.9138958301596798
031 0.9143718605482003
032 0.9143718605482003
033 0.9143718605482003
034 0.9143718605482003
035 0.9144069470097802
036 0.9144069470097802
037 0.9197577546222627
038 0.9208832599739647
039 0.9220581641044009
040 0.923180382526861
041 0.9239721634406284
042 0.9256983452650476
043 0.9256983452650476
044 0.9262211035193193
045 0.9267613587589743
046 0.926986019262859
047 0.9271415600832089
048 0.927168254593627
049 0.9272184759184138
050 0.9272596930922685
051 0.927276208681862
052 0.9272780471378681
053 0.9272780471378681
054 0.9278947479002112
055 0.928742621832674
056 0.9292160383431229
057 0.9297970655369187
058 0.9307356513004893
059 0.931355122752441
060 0.931355122752441
061 0.9319076435795975
062 0.9320624006337362
063 0.9322047196663296
064 0.9323234164260195
065 0.9324400194039519
066 0.932511550118747
067 0.9326555283813055
068 0.9328394742105269
069 0.9329812775945098
070 0.9331865279860787
071 0.9333848084423264
072 0.9336035342797464
073 0.9336872224582645
074 0.9340928007473049
075 0.9342852583200233
076 0.934506473244048
077 0.9346623943155179
078 0.9347851914563213
079 0.9352086768962791
080 0.9352932905389711
081 0.9357342930772018
082 0.9358512410645264
083 0.9363172348718718
084 0.936916726304348
085 0.936916726304348
086 0.937402189219427
087 0.9376967554198291
088 0.937731087130907
089 0.9379150488321325
090 0.9380635779756794
091 0.9381255226372149
092 0.9381720928651445
093 0.9382197611701628
094 0.9388182015062172
095 0.9390197462359862
096 0.9392242918433056
097 0.9394120441919576
098 0.9395933704278978
099 0.9398299199536809
100 0.9399592692416611
101 0.9401353509297331
102 0.940199789350144
103 0.9404685156879177
104 0.9405321234960475
105 0.9405977849733801
106 0.9406751316157851
107 0.9407259796769746
108 0.9407882494689913
109 0.9407939381839934
110 0.9409102164390577
111 0.9409893438649527
112 0.9410108689577011
113 0.9410524453611145
114 0.9411506390879839
115 0.9412154169461705
116 0.9412154169461705
117 0.9413382627347678
118 0.9413562222844744
119 0.94140643137567
120 0.941466817037863
121 0.9414724565068271
122 0.9415033571314909
123 0.9415759132120055
124 0.9415759132120055
125 0.9416145655213485
126 0.9416322103779994
127 0.9416553915163893
128 0.9416909679021441
129 0.941776801393638
130 0.9418052014483741
131 0.9418052014483741
132 0.9418419463269698
133 0.9418727312886206
134 0.9418886178812501
135 0.9418921023214815
136 0.9419488384792666
137 0.9419488384792666
138 0.9419744788842467
139 0.9419961480036302
140 0.9420202429830344
141 0.9420594018847819
142 0.9420622133327322
143 0.9421059305540644
144 0.942116391470593
145 0.9421223247020395
146 0.9421258647601869
147 0.942142656260765
148 0.9421762647818143
149 0.9421776396620889
150 0.9422026275352947
151 0.9422128949160851
152 0.9422355226721951
153 0.9422425076606159
154 0.9422475472431487
155 0.9422823796452469
156 0.9422909921448129
157 0.9423325287539417
158 0.9423325287539417
159 0.9423325287539417
160 0.9423573182931964
161 0.9423652879783208
162 0.9423652879783208
163 0.9423849147370505
164 0.9424190044455618
165 0.9424190044455618
166 0.9424409572191038
167 0.9424409572191038
168 0.9424765551907213
169 0.9424765551907213
170 0.9424765551907213
171 0.9424765551907213
172 0.9424809590884798
173 0.9425007243770542
174 0.9425083190081108
175 0.9425372080063275
176 0.9425372080063275
177 0.9425372080063275
178 0.9425398951944225
179 0.9425527424721633
180 0.9425669534997877
181 0.9425732313727181
182 0.942597265899557
183 0.942597265899557
184 0.9426033171383247
185 0.9426290189619129
186 0.9426336055409154
187 0.9426395593338497
188 0.9426444879315896
189 0.9426543306694725
190 0.9426703333033579
191 0.9426730726784492
192 0.9426744713445033
193 0.942695488423639
194 0.942695488423639
195 0.9427061770458623
196 0.9427061770458623
197 0.9427118151918066
198 0.9427217734790346
199 0.9427350438841936
200 0.9427422056929711
201 0.9427459179898346
202 0.9427619132615266
203 0.9427775135528013
204 0.9427775135528013
205 0.942783958136416
206 0.9427933239584303
207 0.9427933239584303
208 0.9427933239584303
209 0.9428046112659626
210 0.9428046112659626
211 0.9428158957390648
212 0.9428158957390648
213 0.9428197936386546
214 0.9428197936386546
215 0.9428232588545018
216 0.9428373586858678
217 0.9428373586858678
218 0.94285236238304
219 0.9428565591498427
220 0.9428599510197992
221 0.9428599510197992
222 0.9428627780108322
223 0.9428738975813484
224 0.9428742278034467
225 0.9428745530826372
226 0.9428857073996315
227 0.9428857073996315
228 0.9428857073996315
229 0.9428931306741715
230 0.9428931306741715
231 0.9429045650031899
232 0.9429119814939291
233 0.9429205167421905
234 0.9429205167421905
235 0.9429218499890187
236 0.9429232331485803
237 0.9429366638333733
238 0.9429366638333733
239 0.9429366638333733
240 0.9429369976131892
241 0.9429465038077788
242 0.9429465038077788
243 0.9429465038077788
244 0.9429469535228148
245 0.9429469535228148
246 0.9429571354932753
247 0.9429571354932753
248 0.9429602874764778
249 0.9429650944880485
250 0.9429650944880485
251 0.942966286746908
252 0.9429665127925835
253 0.9429706774324271
254 0.9429708033698629
255 0.94297319252722
256 0.9429756002267372
257 0.9429832365835272
258 0.9429832365835272
259 0.943000689128392
260 0.943000689128392
261 0.943000689128392
262 0.943000689128392
263 0.943000689128392
264 0.943000689128392
265 0.943000689128392
266 0.943000689128392
267 0.9430117403238213
268 0.9430124829440991
269 0.9430124829440991
270 0.9430124829440991
271 0.9430150820106958
272 0.9430162694869325
273 0.9430191294684421
274 0.943025196369738
275 0.943025196369738
276 0.943025196369738
277 0.943025196369738
278 0.9430314630607892
279 0.9430314630607892
280 0.9430314630607892
281 0.9430314630607892
282 0.9430314630607892
283 0.9430314630607892
284 0.9430324996165935
285 0.9430341100520923
286 0.9430370230048493
287 0.9430370230048493
288 0.9430375927811132
289 0.9430375927811132
290 0.9430375927811132
291 0.9430386800547189
292 0.9430399855004857
293 0.9430449590007617
294 0.9430449761019772
295 0.9430449761019772
296 0.9430452506304983
297 0.9430459446308647
298 0.9430499644173111
299 0.9430499644173111
300 0.9430499644173111
301 0.9430524714930779
302 0.9430527023328292
303 0.943054655874761
304 0.9430576985850286
305 0.9430576985850286
306 0.9430644404659608
307 0.9430644404659608
308 0.9430644404659608
309 0.9430644404659608
310 0.9430644404659608
311 0.943064670085862
312 0.9430647561971701
313 0.9430698223579578
314 0.9430698223579578
315 0.9430750086995286
316 0.9430750086995286
317 0.9430750086995286
318 0.9430750086995286
319 0.9430768762414545
320 0.9430768762414545
321 0.9430768762414545
322 0.9430813518259518
323 0.9430813518259518
324 0.9430821037445771
325 0.9430848177197023
326 0.9430848177197023
327 0.9430857461367936
328 0.9430857461367936
329 0.9430881385232813
330 0.9430881385232813
331 0.9430881385232813
332 0.9430881385232813
333 0.9430881385232813
334 0.9430881385232813
335 0.9430892587046141
336 0.9430892587046141
337 0.9430913949409239
338 0.9430926510655281
339 0.9430926510655281
340 0.9430932951701612
341 0.9430932951701612
342 0.9430932951701612
343 0.9430932951701612
344 0.9430933268628564
345 0.9430957251977989
346 0.9430957251977989
347 0.9430959202174862
348 0.9430959202174862
349 0.943097979687101
350 0.943097979687101
351 0.9431008738909373
352 0.9431008738909373
353 0.9431008738909373
354 0.9431008738909373
355 0.9431008738909373
356 0.9431008738909373
357 0.9431017112343862
358 0.943105517961066
359 0.943105517961066
360 0.943105517961066
361 0.943105517961066
362 0.943105517961066
363 0.9431063173435712
364 0.9431063173435712
365 0.9431091945652089
366 0.9431091945652089
367 0.9431091945652089
368 0.9431091945652089
369 0.9431096745706156
370 0.9431113289251216
371 0.9431113520483987
372 0.9431118679469965
373 0.9431118679469965
374 0.9431118679469965
375 0.9431130997391621
376 0.9431154312096203
377 0.9431154312096203
378 0.9431154312096203
379 0.9431165581046413
380 0.9431165581046413
381 0.9431165581046413
382 0.9431165581046413
383 0.9431165581046413
384 0.9431186041385232
385 0.9431186041385232
386 0.9431206863881806
387 0.9431206863881806
388 0.9431206863881806
389 0.9431211060641267
390 0.9431211060641267
391 0.9431211060641267
392 0.9431211060641267
393 0.9431214305167047
394 0.9431240830088962
395 0.9431240830088962
396 0.9431240830088962
397 0.9431240830088962
398 0.9431240830088962
399 0.9431240830088962
400 0.9431248225118349
401 0.9431250515199565
402 0.9431250515199565
403 0.9431255294701169
404 0.9431256779446916
405 0.9431256779446916
406 0.9431256779446916
407 0.9431273046003398
408 0.9431277088643574
409 0.9431277088643574
410 0.9431277088643574
411 0.9431280960009163
412 0.9431280960009163
413 0.9431283732483088
414 0.9431289885043523
415 0.9431289885043523
416 0.9431289969705621
417 0.9431318241275692
418 0.9431318241275692
419 0.9431318241275692
420 0.9431318241275692
421 0.9431318241275692
422 0.9431321610759459
423 0.9431321778958414
424 0.9431329366771455
425 0.9431329366771455
426 0.9431338668327325
427 0.9431338668327325
428 0.9431338668327325
429 0.9431338668327325
430 0.9431345570072931
431 0.9431345570072931
432 0.943137794462701
433 0.943137794462701
434 0.943137794462701
435 0.943137794462701
436 0.943137794462701
437 0.943137794462701
438 0.943137794462701
439 0.9431391786829882
440 0.9431391786829882
441 0.9431391786829882
442 0.9431391786829882
443 0.9431391786829882
444 0.9431391786829882
445 0.943139516539247
446 0.943139516539247
447 0.943139516539247
448 0.9431416701923692
449 0.9431416701923692
450 0.9431416701923692
451 0.9431416701923692
452 0.9431416701923692
453 0.9431419020098254
454 0.9431419020098254
455 0.9431427923806269
456 0.9431427923806269
457 0.9431427923806269
458 0.9431427923806269
459 0.9431446512350884
460 0.9431446512350884
461 0.9431446512350884
462 0.9431457180345751
463 0.9431457180345751
464 0.9431457180345751
465 0.9431457180345751
466 0.9431474990915236
467 0.9431485914650459
468 0.9431485914650459
469 0.9431485914650459
470 0.9431485914650459
471 0.9431485914650459
472 0.9431485914650459
473 0.9431485914650459
474 0.9431485914650459
475 0.9431488576659052
476 0.9431488576659052
477 0.9431498678042246
478 0.9431501398283554
479 0.9431501398283554
480 0.9431501398283554
481 0.9431505548037918
482 0.9431505548037918
483 0.9431505861047544
484 0.9431505861047544
485 0.9431507420881232
486 0.9431507962229373
487 0.9431507962229373
488 0.9431511821329011
489 0.9431521831993175
490 0.9431521831993175
491 0.9431521831993175
492 0.9431521831993175
493 0.9431521831993175
494 0.9431521831993175
495 0.9431526384522887
496 0.9431526384522887
497 0.9431526384522887
498 0.9431526384522887
499 0.9431526384522887
500 0.9431526384522887
501 0.9431534891559321
502 0.9431534891559321
503 0.9431538479410145
504 0.9431538479410145
505 0.9431538479410145
506 0.9431538479410145
507 0.9431538479410145
508 0.9431542539812449
509 0.9431544911790903
510 0.9431544911790903
511 0.9431544911790903
512 0.9431544911790903
513 0.9431544911790903
514 0.9431544911790903
515 0.9431554456578889
516 0.9431554456578889
517 0.9431554456578889
518 0.9431554456578889
519 0.9431554456578889
520 0.9431554456578889
521 0.9431554456578889
522 0.9431554456578889
523 0.9431563272831615
524 0.9431563272831615
525 0.9431563272831615
526 0.9431563272831615
527 0.9431566232709628
528 0.9431566232709628
529 0.9431566232709628
530 0.9431569254099917
531 0.9431569254099917
532 0.9431569254099917
533 0.9431575418463956
534 0.9431575418463956
535 0.9431575418463956
536 0.9431575418463956
537 0.9431575418463956
538 0.9431575418463956
539 0.9431576711802627
540 0.9431591410853776
541 0.9431591410853776
542 0.9431591410853776
543 0.9431591410853776
544 0.9431591410853776
545 0.9431594779688933
546 0.9431595258291088
547 0.9431595258291088
548 0.9431595258291088
549 0.9431595258291088
550 0.9431595258291088
551 0.9431595258291088
552 0.9431595767719939
553 0.9431596797264306
554 0.9431597119142603
555 0.943159751281321
556 0.9431603689819994
557 0.9431608904407441
558 0.9431608904407441
559 0.9431608904407441
560 0.9431608904407441
561 0.9431608904407441
562 0.9431613036696138
563 0.9431613036696138
564 0.9431613036696138
565 0.9431618001128604
566 0.9431618001128604
567 0.9431618440078343
568 0.9431618440078343
569 0.9431618440078343
570 0.9431618620125751
571 0.9431618620125751
572 0.9431618620125751
573 0.9431625450188722
574 0.9431626760447761
575 0.9431626760447761
576 0.9431626760447761
577 0.9431630682568591
578 0.9431634361594957
579 0.9431634361594957
580 0.9431634361594957
581 0.9431636196610423
582 0.9431638260710946
583 0.9431638260710946
584 0.9431638260710946
585 0.9431638260710946
586 0.9431638260710946
587 0.9431638260710946
588 0.9431638260710946
589 0.9431638260710946
590 0.9431638260710946
591 0.9431638260710946
592 0.9431638260710946
593 0.9431638260710946
594 0.9431638260710946
595 0.9431638260710946
596 0.9431638260710946
597 0.9431638317340216
598 0.9431638317340216
599 0.9431638317340216
600 0.9431640472550328
601 0.9431640472550328
602 0.943164237186648
603 0.943164237186648
604 0.943164237186648
605 0.943164237186648
606 0.9431644442914991
607 0.9431644442914991
608 0.9431644702400634
609 0.9431645546369775
610 0.9431647040424936
611 0.9431647040424936
612 0.9431650868864918
613 0.9431651697481932
614 0.9431651697481932
615 0.9431651697481932
616 0.9431654684078592
617 0.9431657068802755
618 0.9431657068802755
619 0.9431657068802755
620 0.9431657068802755
621 0.9431657068802755
622 0.9431657068802755
623 0.9431657068802755
624 0.9431657068802755
625 0.9431657068802755
626 0.9431657068802755
627 0.9431657829188863
628 0.9431657829188863
629 0.9431658268443371
630 0.9431658268443371
631 0.9431658268443371
632 0.943166045890292
633 0.9431661242553113
634 0.9431661242553113
635 0.9431661242553113
636 0.9431661242553113
637 0.9431666378431359
638 0.9431666378431359
639 0.9431666421055842
640 0.9431666421055842
641 0.9431667233440154
642 0.943166727590797
643 0.943166727590797
644 0.943166727590797
645 0.943166727590797
646 0.94316685163989
647 0.9431669698200111
648 0.943167082946175
649 0.943167082946175
650 0.943167082946175
651 0.943167082946175
652 0.943167082946175
653 0.9431676562400354
654 0.9431676562400354
655 0.9431676562400354
656 0.9431676562400354
657 0.9431676562400354
658 0.9431676562400354
659 0.9431676562400354
660 0.9431676562400354
661 0.9431676562400354
662 0.9431676562400354
663 0.9431676656819089
664 0.9431676656819089
665 0.9431676656819089
666 0.9431676656819089
667 0.9431676656819089
668 0.9431676656819089
669 0.9431676656819089
670 0.9431678025908856
671 0.9431679181766793
672 0.9431679181766793
673 0.9431679181766793
674 0.9431679181766793
675 0.9431679181766793
676 0.9431679181766793
677 0.9431679181766793
678 0.9431679181766793
679 0.9431679181766793
680 0.943168233374196
681 0.943168233374196
682 0.943168233374196
683 0.943168233374196
684 0.943168233374196
685 0.943168233374196
686 0.943168233374196
687 0.9431689451486609
688 0.9431689451486609
689 0.9431689451486609
690 0.9431689451486609
691 0.9431689451486609
692 0.9431689451486609
693 0.9431689451486609
694 0.9431689451486609
695 0.9431689451486609
696 0.9431689451486609
697 0.9431689451486609
698 0.9431689451486609
699 0.9431689451486609
700 0.9431689451486609
701 0.9431689451486609
702 0.9431689451486609
703 0.9431689451486609
704 0.9431690614307929
705 0.9431690614307929
706 0.9431690614307929
707 0.9431690614307929
708 0.9431690614307929
709 0.9431690614307929
710 0.9431690614307929
711 0.9431690614307929
712 0.9431690614307929
713 0.9431690614307929
714 0.9431693184684808
715 0.9431693184684808
716 0.9431693184684808
717 0.9431693184684808
718 0.9431693184684808
719 0.9431693184684808
720 0.9431693184684808
721 0.9431693184684808
722 0.9431695153724594
723 0.9431695153724594
724 0.9431695153724594
725 0.9431698588473104
726 0.9431698588473104
727 0.9431698588473104
728 0.9431698588473104
729 0.9431702727221529
730 0.9431702727221529
731 0.9431702727221529
732 0.9431702727221529
733 0.9431702727221529
734 0.9431702727221529
735 0.9431702727221529
736 0.9431702727221529
737 0.9431702727221529
738 0.9431702727221529
739 0.9431702727221529
740 0.9431702727221529
741 0.9431702727221529
742 0.9431702727221529
743 0.9431702727221529
744 0.9431702727221529
745 0.9431702727221529
746 0.9431703228170105
747 0.9431703228170105
748 0.9431706139171814
749 0.9431706139171814
750 0.9431706139171814
751 0.9431706139171814
752 0.9431706139171814
753 0.9431706139171814
754 0.9431707518206911
755 0.943170789850101
756 0.943170789850101
757 0.943170789850101
758 0.943170789850101
759 0.943170789850101
760 0.943170789850101
761 0.943170789850101
762 0.943171041148292
763 0.943171041148292
764 0.943171041148292
765 0.943171041148292
766 0.943171041148292
767 0.943171041148292
768 0.943171041148292
769 0.943171041148292
770 0.943171041148292
771 0.943171041148292
772 0.943171041148292
773 0.9431710653010478
774 0.9431713718434945
775 0.9431714432929393
776 0.9431714432929393
777 0.9431714432929393
778 0.9431714432929393
779 0.9431714432929393
780 0.9431714432929393
781 0.9431714432929393
782 0.9431714432929393
783 0.9431714432929393
784 0.9431714432929393
785 0.9431718814282901
786 0.9431718814282901
787 0.9431718814282901
788 0.9431718814282901
789 0.9431718814282901
790 0.9431718814282901
791 0.9431718814282901
792 0.9431718814282901
793 0.9431718814282901
794 0.9431718814282901
795 0.9431718814282901
796 0.9431718814282901
797 0.9431718818722409
798 0.9431718818722409
799 0.9431718818722409
800 0.9431718818722409
801 0.9431718818722409
802 0.9431718818722409
803 0.9431718818722409
804 0.9431719619794653
805 0.9431719853903915
806 0.9431719853903915
807 0.9431719853903915
808 0.9431719853903915
809 0.9431719853903915
810 0.9431722717389034
811 0.9431723128097658
812 0.9431723128097658
813 0.9431723128097658
814 0.9431723128097658
815 0.943172358053635
816 0.9431725640237766
817 0.9431725640237766
818 0.9431725640237766
819 0.9431725640237766
820 0.9431725640237766
821 0.9431725640237766
822 0.9431725640237766
823 0.943172982318433
824 0.943172982318433
825 0.943172982318433
826 0.943172982318433
827 0.943172982318433
828 0.943172982318433
829 0.943172982318433
830 0.943172982318433
831 0.943172982318433
832 0.943172982318433
833 0.943172982318433
834 0.943172982318433
835 0.943172982318433
836 0.943172982318433
837 0.943172982318433
838 0.943172982318433
839 0.943172982318433
840 0.943172982318433
841 0.943172982318433
842 0.9431736367280621
843 0.9431736367280621
844 0.9431736367280621
845 0.9431736367280621
846 0.9431736367280621
847 0.9431736367280621
848 0.9431736367280621
849 0.9431736367280621
850 0.9431736367280621
851 0.9431736367280621
852 0.9431736367280621
853 0.9431736367280621
854 0.9431736367280621
855 0.9431736367280621
856 0.9431736367280621
857 0.9431736367280621
858 0.9431736367280621
859 0.9431736367280621
860 0.9431736367280621
861 0.9431736367280621
862 0.9431736367280621
