000 0.28589942417339637
001 0.4944923380547473
002 0.4944923380547473
003 0.5213138879705027
004 0.7669289583897453
005 0.7669289583897453
006 0.811775232262019
007 0.811775232262019
008 0.811775232262019
009 0.8128799611473366
010 0.830631647783139
011 0.8461889655609742
012 0.8564922258668203
013 0.8608857806627432
014 0.8608857806627432
015 0.8608857806627432
016 0.8608857806627432
017 0.8649098137034509
018 0.8660813021552406
019 0.8661213857099035
020 0.8661213857099035
021 0.8694207388332714
022 0.8694207388332714
023 0.8694207388332714
024 0.8694207388332714
025 0.8699389208604114
026 0.8699389208604114
027 0.8699389208604114
028 0.8699389208604114
029 0.8699389208604114
030 0.8699389208604114
031 0.8721253103593242
032 0.8731083288366993
033 0.8733324256896502
034 0.8733777974156404
035 0.8733866557305449
036 0.8734296387431707
037 0.8734359516863938
038 0.8734359516863938
039 0.8734359516863938
040 0.8734359516863938
041 0.8734359516863938
042 0.8748056363539974
043 0.87550195816771
044 0.876502301934885
045 0.8768670371928169
046 0.8770728809939778
047 0.8772001365953354
048 0.8773830312033846
049 0.8775104337481678
050 0.8775343348108972
051 0.8777115200938372
052 0.8777755594031991
053 0.8778071534231981
054 0.8783858949592004
055 0.8793181390991973
056 0.8798838925520751
057 0.8803603374997201
058 0.8805693709212229
059 0.8808790434796163
060 0.8812594261877504
061 0.8812980820819383
062 0.8816950908905261
063 0.8817026421958877
064 0.8818709972062176
065 0.8819426853063341
066 0.8819779342144158
067 0.8822608772326098
068 0.8826498145543251
069 0.8830025235937885
070 0.8830025235937885
071 0.8834046895653266
072 0.8834393922933421
073 0.8837973995088816
074 0.8839511136994856
075 0.8841078836742928
076 0.8842606335029408
077 0.8846552895044687
078 0.8847257456701577
079 0.8850507952438199
080 0.8850676245454464
081 0.8853244648529152
082 0.8856103006198495
083 0.8858712101159274
084 0.8858712101159274
085 0.8859745482437611
086 0.8860665615951536
087 0.8862987199644711
088 0.8863262535793788
089 0.8866652485364784
090 0.8867737105821296
091 0.8868797683688392
092 0.8869076839995953
093 0.8871374027463445
094 0.887380722766393
095 0.887380722766393
096 0.8874998541775375
097 0.8875882132571576
098 0.8876929911622089
099 0.8879023773051372
100 0.8879288552101784
101 0.8881145224569251
102 0.8882065556736103
103 0.8882449601258433
104 0.8883599223410465
105 0.8883599223410465
106 0.8884415711953546
107 0.8884899686679055
108 0.8886092860486362
109 0.888731086111405
110 0.8887772497015511
111 0.8890044612759739
112 0.8890044612759739
113 0.8890044612759739
114 0.8890773881280568
115 0.8890773881280568
116 0.8891351756963272
117 0.889181822027096
118 0.8891819929491801
119 0.8892753243319665
120 0.8892753243319665
121 0.8893386808812264
122 0.8893386808812264
123 0.8893825969026755
124 0.8894512940865601
125 0.8894512940865601
126 0.8894619085209922
127 0.8895077559831834
128 0.8895415311072528
129 0.8895532971624245
130 0.8895590561853237
131 0.889626802870283
132 0.889626802870283
133 0.8896520031733044
134 0.8896520031733044
135 0.8897056702442274
136 0.8897056702442274
137 0.8897258730154223
138 0.88974045068552
139 0.88974045068552
140 0.88974045068552
141 0.8897840860913672
142 0.8897840860913672
143 0.8897840860913672
144 0.8897840860913672
145 0.889805162514806
146 0.889805162514806
147 0.8898083596120672
148 0.889815504159975
149 0.889818687699604
150 0.889818687699604
151 0.8898431435765563
152 0.8898431435765563
153 0.8898442514237113
154 0.8898620744731237
155 0.8898751586814895
156 0.8898751586814895
157 0.889887989834543
158 0.889887989834543
159 0.889887989834543
160 0.889887989834543
161 0.889887989834543
162 0.8898980254406809
163 0.8898980254406809
164 0.8898980254406809
165 0.8899100696565722
166 0.8899100696565722
167 0.8899236670146882
168 0.8899249812422497
169 0.8899249812422497
170 0.8899249812422497
171 0.8899334925597091
172 0.8899340103238059
173 0.8899340103238059
174 0.8899452259162048
175 0.8899452259162048
176 0.8899452259162048
177 0.8899552039300349
178 0.8899552039300349
179 0.8899552039300349
180 0.8899552039300349
181 0.8899614470366208
182 0.8899614470366208
183 0.8899614470366208
184 0.889964055155261
185 0.889964055155261
186 0.8899698854423006
187 0.8899698854423006
188 0.889972566394441
189 0.889972566394441
190 0.8899741184174988
191 0.8899741184174988
192 0.8899822434696057
193 0.8899822434696057
194 0.8899822434696057
195 0.8899822434696057
196 0.8899822434696057
197 0.8899822434696057
198 0.8899839733995291
199 0.8899839733995291
200 0.8899839733995291
201 0.8899855125750515
202 0.8899871634767347
203 0.8899873659735748
204 0.8899890301494285
205 0.8899890301494285
206 0.8899890850214345
207 0.8899937642554858
208 0.8899937642554858
209 0.8899975998258076
210 0.8899975998258076
211 0.8899975998258076
212 0.8900033471756479
213 0.8900033471756479
214 0.8900033471756479
215 0.8900033471756479
216 0.8900033471756479
217 0.8900077265518256
218 0.8900077265518256
219 0.8900086961503056
220 0.8900086961503056
221 0.8900086961503056
222 0.8900086961503056
223 0.8900086961503056
224 0.8900109989849404
225 0.8900150021433401
226 0.8900150021433401
227 0.8900150021433401
228 0.8900150021433401
229 0.8900150021433401
230 0.8900150021433401
231 0.8900160897160798
232 0.8900169730091386
233 0.8900169730091386
234 0.890017136118719
235 0.8900204443736426
236 0.8900204443736426
237 0.8900204443736426
238 0.8900204443736426
239 0.8900204443736426
240 0.8900204443736426
241 0.8900219925913478
242 0.8900233601821033
243 0.8900236989884611
244 0.8900236989884611
245 0.8900236989884611
246 0.8900236989884611
247 0.8900250425249747
248 0.8900250425249747
249 0.8900268411222072
250 0.8900268411222072
251 0.8900268411222072
252 0.8900268411222072
253 0.8900268411222072
254 0.8900273582134635
255 0.8900279179039188
256 0.8900279179039188
257 0.8900279179039188
258 0.8900279189898347
259 0.8900279189898347
260 0.8900279189898347
261 0.8900296454008448
262 0.8900296454008448
263 0.8900296454008448
264 0.8900296454008448
265 0.8900303083336765
266 0.8900303083336765
267 0.8900303083336765
268 0.8900320044740351
269 0.8900320044740351
270 0.8900320044740351
271 0.8900321767567341
272 0.8900321767567341
273 0.890033221127863
274 0.890033221127863
275 0.890033221127863
276 0.890033221127863
277 0.890033221127863
278 0.890033221127863
279 0.8900333961238268
280 0.8900333961238268
281 0.8900333961238268
282 0.8900333961238268
283 0.8900333961238268
284 0.8900333961238268
285 0.8900348358718896
286 0.8900348687959396
287 0.8900348687959396
288 0.8900348687959396
289 0.8900348687959396
290 0.8900363287937999
291 0.8900363287937999
292 0.8900363287937999
293 0.8900363287937999
294 0.8900363287937999
295 0.8900363287937999
296 0.8900363287937999
297 0.8900363287937999
298 0.8900363287937999
299 0.8900364381774468
300 0.890037021721312
301 0.890037021721312
302 0.8900399896753804
303 0.8900399896753804
304 0.89004011253169
305 0.89004011253169
306 0.89004011253169
307 0.89004011253169
308 0.89004011253169
309 0.89004011253169
310 0.89004011253169
311 0.89004011253169
312 0.8900405573228742
313 0.8900408349236295
314 0.8900430117536204
315 0.8900430117536204
316 0.8900430117536204
317 0.8900430117536204
318 0.8900430117536204
319 0.8900430117536204
320 0.8900430117536204
321 0.8900430117536204
322 0.8900430117536204
323 0.8900430117536204
324 0.8900430117536204
325 0.8900430117536204
326 0.8900430117536204
327 0.8900430117536204
328 0.8900430117536204
329 0.8900430117536204
330 0.8900430117536204
331 0.8900430117536204
332 0.8900430117536204
333 0.8900439701283159
334 0.8900439701283159
335 0.8900439701283159
336 0.8900439701283159
337 0.8900439701283159
338 0.8900439701283159
339 0.8900439701283159
340 0.890044741682666
341 0.890044741682666
342 0.890044741682666
343 0.890044741682666
344 0.890044741682666
345 0.890044741682666
346 0.890044741682666
347 0.890044741682666
348 0.890044741682666
349 0.890044741682666
350 0.890044741682666
351 0.890044741682666
352 0.890044741682666
353 0.890044741682666
354 0.8900447983288569
355 0.8900447983288569
356 0.8900447983288569
357 0.8900452153028205
358 0.8900454570296422
359 0.8900454570296422
360 0.8900454570296422
361 0.8900454570296422
362 0.8900454570296422
363 0.8900454570296422
364 0.8900454570296422
365 0.8900454570296422
366 0.8900455345107972
367 0.8900455345107972
368 0.8900455345107972
369 0.8900455345107972
370 0.8900455345107972
371 0.8900455345107972
372 0.8900455345107972
373 0.8900455345107972
374 0.8900457873143911
375 0.8900457873143911
376 0.8900457873143911
377 0.8900457873143911
378 0.8900457873143911
379 0.8900457873143911
380 0.890045795837743
381 0.890045795837743
382 0.890045795837743
383 0.890045795837743
384 0.8900463768507787
385 0.8900463768507787
386 0.8900463768507787
387 0.8900463768507787
388 0.8900463768507787
389 0.8900463768507787
390 0.8900463768507787
391 0.8900463768507787
392 0.8900463861723321
393 0.8900463861723321
394 0.8900463861723321
395 0.8900463861723321
396 0.8900463861723321
397 0.8900463861723321
398 0.8900463861723321
399 0.8900464069731764
400 0.8900466752812957
401 0.8900473316090461
402 0.8900473316090461
403 0.8900473316090461
404 0.8900473316090461
405 0.8900473316090461
406 0.8900473316090461
407 0.8900473316090461
408 0.8900473316090461
409 0.8900473316090461
410 0.8900473316090461
411 0.8900473316090461
412 0.8900473316090461
413 0.8900473316090461
414 0.8900473316090461
415 0.8900473316090461
416 0.8900474411631664
417 0.8900474411631664
418 0.8900474411631664
419 0.8900474411631664
420 0.8900474643942157
421 0.890047747574841
422 0.890047747574841
423 0.890047747574841
424 0.890047747574841
425 0.890047747574841
426 0.890047747574841
427 0.8900481733415322
428 0.8900481733415322
429 0.8900481733415322
430 0.8900481733415322
431 0.8900481733415322
432 0.8900481733415322
433 0.8900481733415322
434 0.8900481733415322
435 0.8900481733415322
436 0.8900481733415322
437 0.8900481733415322
438 0.8900481733415322
439 0.8900481733415322
440 0.8900481733415322
441 0.8900482036378998
442 0.8900482036378998
443 0.8900482036378998
444 0.8900482036378998
445 0.8900482036378998
446 0.8900482036378998
447 0.8900482036378998
448 0.8900483888488749
449 0.8900483888488749
450 0.8900483888488749
451 0.8900484482072163
452 0.8900484482072163
453 0.8900484882253898
454 0.8900484882253898
455 0.8900484882253898
456 0.8900484882253898
457 0.8900484882253898
458 0.8900484882253898
459 0.8900484882253898
460 0.8900484882253898
461 0.8900484882253898
462 0.8900484882253898
463 0.8900484882253898
464 0.8900485390798418
465 0.8900485526499341
466 0.8900485526499341
467 0.8900485526499341
468 0.8900485526499341
469 0.8900485892203406
470 0.8900486271489673
471 0.8900486271489673
472 0.8900486271489673
473 0.8900486271489673
474 0.8900486271489673
475 0.8900487498978902
476 0.8900487498978902
477 0.8900487498978902
478 0.8900488953129703
479 0.8900488953129703
480 0.8900489109804128
481 0.8900489109804128
482 0.8900489109804128
483 0.8900489756707092
484 0.8900489756707092
485 0.8900489756707092
486 0.8900489756707092
487 0.8900489756707092
488 0.8900489756707092
489 0.8900489756707092
490 0.8900489756707092
491 0.8900489756707092
492 0.8900489756707092
493 0.8900489756707092
494 0.8900489756707092
495 0.8900489756707092
496 0.8900490604245915
497 0.8900490604245915
498 0.8900490604245915
499 0.8900491954999828
500 0.8900491954999828
501 0.8900491954999828
502 0.8900491954999828
503 0.8900491954999828
504 0.890049351208672
505 0.890049351208672
506 0.8900493824900718
507 0.8900493824900718
508 0.8900493824900718
509 0.8900493824900718
510 0.8900493824900718
511 0.8900493824900718
512 0.8900493824900718
513 0.8900493824900718
514 0.8900493824900718
515 0.8900493824900718
516 0.8900493824900718
517 0.8900494468041729
518 0.8900494468041729
519 0.8900494468041729
520 0.8900494468041729
521 0.8900494468041729
522 0.8900494468041729
523 0.8900494468041729
524 0.8900494468041729
525 0.8900496368361722
526 0.8900496368361722
527 0.8900496368361722
528 0.8900496368361722
529 0.8900496368361722
530 0.8900496368361722
531 0.8900496368361722
532 0.8900496368361722
533 0.8900496368361722
534 0.8900496368361722
535 0.8900496368361722
536 0.8900496368361722
537 0.8900496432839569
538 0.8900496432839569
539 0.8900496432839569
540 0.8900496432839569
541 0.8900496432839569
542 0.8900496432839569
543 0.8900496432839569
544 0.8900496432839569
545 0.8900497508372112
546 0.8900497508372112
547 0.8900497508372112
548 0.8900498819945358
549 0.8900498819945358
550 0.8900498819945358
551 0.8900498819945358
552 0.8900500035767702
553 0.8900500035767702
554 0.8900500035767702
555 0.8900500035767702
556 0.8900500035767702
557 0.8900500035767702
558 0.8900500035767702
559 0.8900500035767702
560 0.8900500035767702
561 0.8900500035767702
562 0.8900500035767702
563 0.8900500035767702
564 0.8900500035767702
565 0.8900500035767702
566 0.8900500035767702
567 0.8900500035767702
568 0.8900500035767702
569 0.890050133023216
570 0.890050133023216
571 0.890050133023216
572 0.890050133023216
573 0.890050133023216
574 0.890050133023216
575 0.890050133023216
576 0.890050133023216
577 0.8900502312528075
578 0.8900502312528075
579 0.8900502312528075
580 0.8900502377857784
581 0.8900502377857784
582 0.8900502377857784
583 0.8900502377857784
584 0.8900502377857784
585 0.8900502377857784
586 0.8900502377857784
587 0.8900502377857784
588 0.8900502377857784
589 0.8900502377857784
590 0.8900502377857784
591 0.8900502377857784
592 0.8900502377857784
593 0.8900502377857784
594 0.8900502377857784
595 0.8900502377857784
596 0.8900502377857784
597 0.8900502675787979
598 0.8900502675787979
599 0.8900502675787979
600 0.8900502675787979
601 0.8900502675787979
602 0.8900502675787979
603 0.8900503196175568
604 0.8900503196175568
605 0.890050385424831
606 0.890050385424831
607 0.890050385424831
608 0.890050385424831
609 0.890050385424831
610 0.890050385424831
611 0.890050385424831
612 0.890050385424831
613 0.890050385424831
614 0.8900503969291702
615 0.8900503969291702
616 0.8900503969291702
617 0.8900503969291702
618 0.8900503969291702
619 0.8900503969291702
620 0.8900504648795062
621 0.8900504648795062
622 0.8900504648795062
623 0.8900504648795062
624 0.8900504648795062
625 0.8900504648795062
626 0.8900504648795062
627 0.8900504648795062
628 0.8900504648795062
629 0.8900504648795062
630 0.8900504648795062
631 0.8900504648795062
632 0.8900504648795062
633 0.8900504648795062
634 0.8900504648795062
635 0.8900504648795062
636 0.8900504648795062
637 0.8900504648795062
638 0.8900504648795062
639 0.8900504648795062
640 0.8900504648795062
