000 0.1474178244698972
001 0.18578412597099905
002 0.21693831528555294
003 0.2898409857009482
004 0.3798787167069598
005 0.48518114901576853
006 0.614945441093692
007 0.6563507787052795
008 0.6634027623101488
009 0.7671007639308578
010 0.7853814340608329
011 0.8323416791809195
012 0.8388218746931437
013 0.853238127761241
014 0.8710069474934145
015 0.8783214185771643
016 0.895954560285042
017 0.895954560285042
018 0.89912203511404
019 0.902900235549205
020 0.9060320334372877
021 0.9074182311527701
022 0.9084048972933882
023 0.9094860681514989
024 0.9096772854090165
025 0.9104169468600485
026 0.9104169468600485
027 0.9116113153824604
028 0.9116113153824604
029 0.9116861265276053
030 0.9120399003626707
031 0.912566235924675
032 0.9127083407015669
033 0.9129047933261222
034 0.9130963856707693
035 0.9130963856707693
036 0.913319480537285
037 0.9192681086612268
038 0.9203519133838916
039 0.9206878666068443
040 0.9213508365494716
041 0.92232117233950
042 0.9228932392699281
043 0.9235084124634362
044 0.9240442484492409
045 0.9241166414500923
046 0.9242720125336208
047 0.9243210351050566
048 0.924334383950253
049 0.9243724304033653
050 0.924387796277505
051 0.9245870520741335
052 0.9246354559739517
053 0.9257943174827392
054 0.9260630349985978
055 0.9265792012115293
056 0.9275190959698583
057 0.9278689419982615
058 0.928101156824685
059 0.9284966096051118
060 0.9286647680824143
061 0.9287447422761089
062 0.9288128520213097
063 0.9288781626607024
064 0.9289537942189171
065 0.9289674587578983
066 0.9296634601504841
067 0.9300751491771159
068 0.9302972115555137
069 0.930826622389829
070 0.9311870759716816
071 0.9316600436057546
072 0.9317619130404027
073 0.9320007281103765
074 0.9321572898766293
075 0.9321618270189759
076 0.9323243863421441
077 0.9323435933135722
078 0.9323734262830942
079 0.9324158548912068
080 0.9326427090359205
081 0.9329748525068451
082 0.9335624589852365
083 0.9337188353354956
084 0.9337188353354956
085 0.9339312141956482
086 0.9339940421349612
087 0.9343372793411149
088 0.9343877061621033
089 0.934635052867861
090 0.9347344264421685
091 0.935045996768295
092 0.9350675956558241
093 0.9354427576878521
094 0.9354546950350625
095 0.9356093724629754
096 0.9359572013994935
097 0.9360527361316974
098 0.9363566203001773
099 0.9363566203001773
100 0.936550406440842
101 0.9367566044941973
102 0.936851165650973
103 0.9369957217290306
104 0.937127641569307
105 0.937342587383168
106 0.9376527313411906
107 0.9377472277309531
108 0.9380416221147151
109 0.9380416221147151
110 0.9381202901979809
111 0.9382537036019232
112 0.9382632056149008
113 0.9384992998143318
114 0.9385826419785512
115 0.9387516964676691
116 0.9387543328154961
117 0.9389258593848996
118 0.9390193575956669
119 0.9391700958395837
120 0.9392441973420389
121 0.9393855792923688
122 0.9393928078159811
123 0.939517999056872
124 0.9396208004168847
125 0.9396927451700874
126 0.9398750595418004
127 0.9398750595418004
128 0.9399251675362352
129 0.9400138456062564
130 0.9400138456062564
131 0.9400872262077695
132 0.940212840133567
133 0.94022422618771
134 0.9403138974765508
135 0.9404742678288731
136 0.9405935081085385
137 0.9406112588835405
138 0.9406112588835405
139 0.940713594411995
140 0.940713594411995
141 0.940827142304231
142 0.9408766852124313
143 0.940943349496404
144 0.9410287512725553
145 0.9410287512725553
146 0.9410739571762011
147 0.9411927157874485
148 0.9412159432197038
149 0.9412564740122098
150 0.9412833497363609
151 0.9413986308912364
152 0.9413986308912364
153 0.9414330272040526
154 0.9414963992658995
155 0.9414963992658995
156 0.9415664055681081
157 0.9415729662440226
158 0.9416286467967488
159 0.9416896186971379
160 0.941706157265418
161 0.9417148313379002
162 0.9417454475533042
163 0.941802187648126
164 0.9418124369990104
165 0.9418632764836448
166 0.9418681851277254
167 0.9419239922405329
168 0.9419476903837715
169 0.9420252467047576
170 0.9420252467047576
171 0.9420272777201678
172 0.9420422812057805
173 0.9420953938178447
174 0.9420953938178447
175 0.9421071526831076
176 0.9421321208914355
177 0.9421377901469059
178 0.9421667951805903
179 0.9421720383329919
180 0.9421984516991905
181 0.9422471357193206
182 0.9422471357193206
183 0.9422471357193206
184 0.9422747211298615
185 0.9422747211298615
186 0.9422970175365254
187 0.9422992147463589
188 0.9423253117448873
189 0.9423602413639592
190 0.9424139754528389
191 0.9424139754528389
192 0.9424174638869137
193 0.9424440248826418
194 0.9424586853034942
195 0.9424625124164081
196 0.9424908669002318
197 0.9425084667616626
198 0.9425119195943356
199 0.9425298830423618
200 0.942557964090736
201 0.942557964090736
202 0.9425666961616751
203 0.9425727991598445
204 0.9426025075358991
205 0.942624490717898
206 0.942624490717898
207 0.942624490717898
208 0.9426302780135237
209 0.9426302780135237
210 0.9426406976341737
211 0.9426650151553048
212 0.9426650151553048
213 0.94267095587247
214 0.9426834897250367
215 0.9426834897250367
216 0.9426905331503005
217 0.9426914407268016
218 0.9427025229780155
219 0.9427094034613713
220 0.9427196767874098
221 0.9427274935099051
222 0.9427295457096665
223 0.9427341021429596
224 0.9427371215625232
225 0.9427728339087831
226 0.9427728339087831
227 0.9427728339087831
228 0.9427758004699265
229 0.9427775576362584
230 0.9428004889096008
231 0.9428139660561554
232 0.9428139660561554
233 0.9428139660561554
234 0.9428139660561554
235 0.9428139660561554
236 0.942816152400529
237 0.9428285593350874
238 0.9428437876123976
239 0.9428437876123976
240 0.9428437876123976
241 0.942863857157772
242 0.942863857157772
243 0.942863857157772
244 0.9428646669192557
245 0.9428646669192557
246 0.9428646669192557
247 0.9428675725988197
248 0.9428783143784549
249 0.9428796289473628
250 0.9428877313756721
251 0.9428920356751035
252 0.9428920356751035
253 0.9428920356751035
254 0.942898774807857
255 0.942898774807857
256 0.9429079184802607
257 0.9429079184802607
258 0.9429079184802607
259 0.9429079184802607
260 0.9429095138208136
261 0.9429095138208136
262 0.9429232594614871
263 0.9429232594614871
264 0.9429232594614871
265 0.9429273532421762
266 0.9429410944282889
267 0.9429410944282889
268 0.9429410944282889
269 0.9429410944282889
270 0.9429410944282889
271 0.942941890189774
272 0.9429464393139675
273 0.9429464393139675
274 0.9429464393139675
275 0.9429506251331703
276 0.9429506251331703
277 0.9429548121410871
278 0.9429670336386062
279 0.9429670336386062
280 0.9429670336386062
281 0.9429670336386062
282 0.9429713860699476
283 0.9429713860699476
284 0.9429713860699476
285 0.9429858147434382
286 0.9429858147434382
287 0.9429858147434382
288 0.9429858147434382
289 0.9429906092390273
290 0.9429951358102877
291 0.9429951358102877
292 0.9429951358102877
293 0.9429951358102877
294 0.9430004894514985
295 0.9430004894514985
296 0.9430004894514985
297 0.9430051079362982
298 0.9430057620531028
299 0.9430057620531028
300 0.9430096870955742
301 0.9430096870955742
302 0.9430116332061038
303 0.9430179522994874
304 0.9430194274412411
305 0.9430194274412411
306 0.9430236566024994
307 0.9430251909550411
308 0.9430251909550411
309 0.9430251909550411
310 0.9430281108894638
311 0.9430281108894638
312 0.9430281108894638
313 0.9430350621586885
314 0.9430350621586885
315 0.9430368641969646
316 0.9430368641969646
317 0.9430417059101173
318 0.9430450806824276
319 0.9430450806824276
320 0.9430469989571781
321 0.9430502194002444
322 0.9430502194002444
323 0.9430502194002444
324 0.9430511387835715
325 0.9430511387835715
326 0.9430511387835715
327 0.943054413848501
328 0.943058595184729
329 0.943058595184729
330 0.943058595184729
331 0.9430588678629842
332 0.9430607755092395
333 0.9430651115688944
334 0.9430651115688944
335 0.9430663067037969
336 0.9430663067037969
337 0.9430690102846851
338 0.9430690102846851
339 0.9430690102846851
340 0.943070251420877
341 0.9430731569512487
342 0.9430731569512487
343 0.9430731569512487
344 0.9430748622042604
345 0.9430801126795039
346 0.9430801126795039
347 0.9430801126795039
348 0.9430801126795039
349 0.9430815273627031
350 0.9430815273627031
351 0.9430820716787859
352 0.9430824764483462
353 0.9430824764483462
354 0.9430855868395269
355 0.9430898191563432
356 0.9430898191563432
357 0.9430898191563432
358 0.9430898191563432
359 0.9430937501233941
360 0.9430937501233941
361 0.9430937501233941
362 0.9430937501233941
363 0.9430937501233941
364 0.9430937501233941
365 0.9430939672628273
366 0.9430977217244159
367 0.9431001386138749
368 0.9431001386138749
369 0.9431001386138749
370 0.9431001386138749
371 0.9431001386138749
372 0.9431023002918089
373 0.9431039844116916
374 0.9431039844116916
375 0.9431039844116916
376 0.9431039844116916
377 0.9431042704469002
378 0.9431042704469002
379 0.9431042704469002
380 0.9431042704469002
381 0.9431045893506463
382 0.9431045893506463
383 0.9431064667198464
384 0.9431071428775739
385 0.9431071428775739
386 0.9431071428775739
387 0.9431071428775739
388 0.9431071428775739
389 0.9431081100274943
390 0.9431127345661968
391 0.9431127345661968
392 0.9431127345661968
393 0.9431127345661968
394 0.9431127345661968
395 0.9431127345661968
396 0.9431127345661968
397 0.9431127345661968
398 0.9431127345661968
399 0.943112844947772
400 0.9431158531069177
401 0.9431158531069177
402 0.9431160272613984
403 0.9431160272613984
404 0.9431160272613984
405 0.9431160272613984
406 0.9431160272613984
407 0.9431160272613984
408 0.9431171127067056
409 0.9431171127067056
410 0.9431171127067056
411 0.9431200398080436
412 0.9431200398080436
413 0.9431200398080436
414 0.9431200398080436
415 0.9431200398080436
416 0.9431200398080436
417 0.9431201737303372
418 0.943120991043363
419 0.9431212579681937
420 0.9431219407043901
421 0.9431219407043901
422 0.9431230261984249
423 0.9431235757030597
424 0.9431235757030597
425 0.9431235757030597
426 0.9431236007348988
427 0.9431238607689048
428 0.9431238607689048
429 0.9431251593676127
430 0.9431266283433577
431 0.9431266283433577
432 0.9431266283433577
433 0.9431277003181321
434 0.9431284731284879
435 0.9431284731284879
436 0.9431299125419551
437 0.9431299125419551
438 0.9431299125419551
439 0.9431299125419551
440 0.9431323036973219
441 0.9431323036973219
442 0.9431323036973219
443 0.9431323036973219
444 0.9431323036973219
445 0.9431323036973219
446 0.9431323036973219
447 0.9431323036973219
448 0.9431323036973219
449 0.9431327670559965
450 0.9431327670559965
451 0.9431337485933575
452 0.9431340914955749
453 0.9431340914955749
454 0.9431340914955749
455 0.9431350094157182
456 0.9431369226039404
457 0.9431369226039404
458 0.9431369226039404
459 0.9431369226039404
460 0.9431369226039404
461 0.9431369226039404
462 0.9431379552928207
463 0.9431389380126592
464 0.9431389380126592
465 0.9431389380126592
466 0.9431393286400106
467 0.9431393286400106
468 0.9431395655194248
469 0.9431399406987787
470 0.9431407968358062
471 0.9431407968358062
472 0.9431412152146711
473 0.9431412152146711
474 0.9431412152146711
475 0.9431412152146711
476 0.9431415652878564
477 0.9431415652878564
478 0.9431417732801125
479 0.9431427190886963
480 0.9431427190886963
481 0.9431427190886963
482 0.9431439213357674
483 0.9431439213357674
484 0.9431439213357674
485 0.9431439213357674
486 0.9431439213357674
487 0.9431439213357674
488 0.9431439213357674
489 0.9431439213357674
490 0.9431440804217325
491 0.9431440804217325
492 0.9431440804217325
493 0.9431440804217325
494 0.9431440804217325
495 0.9431440804217325
496 0.9431450470984081
497 0.9431450470984081
498 0.9431450470984081
499 0.9431450470984081
500 0.9431450470984081
501 0.9431457283996054
502 0.9431457283996054
503 0.9431457283996054
504 0.943146379361449
505 0.9431477417992651
506 0.9431477417992651
507 0.9431477417992651
508 0.9431477417992651
509 0.9431477417992651
510 0.9431477417992651
511 0.9431477417992651
512 0.9431477417992651
513 0.9431477417992651
514 0.9431477417992651
515 0.9431477417992651
516 0.9431477417992651
517 0.9431477417992651
518 0.9431477417992651
519 0.9431480600157115
520 0.9431480600157115
521 0.9431480600157115
522 0.9431484902948156
523 0.9431484902948156
524 0.9431498255414985
525 0.9431501203723908
526 0.9431501203723908
527 0.9431501203723908
528 0.9431501203723908
529 0.9431501203723908
530 0.9431501203723908
531 0.9431501203723908
532 0.9431501203723908
533 0.9431513354787804
534 0.9431524174091392
535 0.9431524174091392
536 0.9431524174091392
537 0.9431524174091392
538 0.9431524174091392
539 0.9431524174091392
540 0.9431524174091392
541 0.9431524174091392
542 0.9431524174091392
543 0.9431524174091392
544 0.9431524174091392
545 0.943153269302551
546 0.943153269302551
547 0.943154215493968
548 0.943154215493968
549 0.943154215493968
550 0.9431546053066359
551 0.9431546053066359
552 0.9431552682537394
553 0.9431552682537394
554 0.9431552682537394
555 0.9431552682537394
556 0.9431552682537394
557 0.9431552682537394
558 0.9431552682537394
559 0.9431553590690981
560 0.9431553590690981
561 0.9431556117072751
562 0.9431556117072751
563 0.9431556117072751
564 0.9431556117072751
565 0.9431556117072751
566 0.9431557054568797
567 0.9431561032294498
568 0.9431561032294498
569 0.9431568202385401
570 0.9431568202385401
571 0.9431568202385401
572 0.9431570799411729
573 0.9431570799411729
574 0.9431570799411729
575 0.9431570799411729
576 0.9431570799411729
577 0.9431570799411729
578 0.9431574574497399
579 0.9431574574497399
580 0.9431574574497399
581 0.9431583262978929
582 0.9431583262978929
583 0.9431583262978929
584 0.9431583262978929
585 0.9431583262978929
586 0.9431583262978929
587 0.9431583262978929
588 0.9431583262978929
589 0.9431583262978929
590 0.9431583262978929
591 0.9431583262978929
592 0.9431590898874577
593 0.9431590898874577
594 0.9431590898874577
595 0.9431590898874577
596 0.9431590898874577
597 0.9431590898874577
598 0.9431590898874577
599 0.9431590898874577
600 0.9431590898874577
601 0.9431590898874577
602 0.9431590898874577
603 0.9431590898874577
604 0.9431594182290852
605 0.9431594182290852
606 0.9431597744590376
607 0.9431599105439609
608 0.9431599105439609
609 0.9431599105439609
610 0.9431599105439609
611 0.9431599105439609
612 0.9431607823127017
613 0.9431607823127017
614 0.9431607823127017
615 0.9431607823127017
616 0.9431607823127017
617 0.9431607823127017
618 0.9431607823127017
619 0.9431607823127017
620 0.9431607823127017
621 0.9431607823127017
622 0.9431607823127017
623 0.9431608343938911
624 0.9431608343938911
625 0.9431608343938911
626 0.9431608343938911
627 0.9431608343938911
628 0.9431621641372928
629 0.9431621641372928
630 0.9431621641372928
631 0.9431621641372928
632 0.9431621641372928
633 0.9431621641372928
634 0.9431621641372928
635 0.9431621641372928
636 0.9431621641372928
637 0.9431621641372928
638 0.9431621641372928
639 0.9431623186198063
640 0.9431623186198063
641 0.9431623186198063
642 0.9431631972601457
643 0.9431631972601457
644 0.9431631972601457
645 0.9431631972601457
646 0.9431631972601457
647 0.9431631972601457
648 0.9431631972601457
649 0.9431632645886039
650 0.9431632645886039
651 0.9431632645886039
652 0.9431632645886039
653 0.9431642437939902
654 0.9431642437939902
655 0.9431642437939902
656 0.9431642437939902
657 0.9431642437939902
658 0.9431642437939902
659 0.9431642437939902
660 0.9431642437939902
661 0.9431642437939902
662 0.943165340556406
663 0.943165340556406
664 0.943165340556406
665 0.943165340556406
666 0.943165340556406
667 0.943165340556406
668 0.943165340556406
669 0.943165340556406
670 0.943165340556406
671 0.943165340556406
672 0.943165340556406
673 0.943165340556406
674 0.943165340556406
675 0.943165340556406
676 0.943165340556406
677 0.943165340556406
678 0.943165340556406
679 0.943165340556406
680 0.943165340556406
681 0.9431654441123393
682 0.9431654441123393
683 0.9431654441123393
684 0.9431661911715337
685 0.9431661911715337
686 0.9431661911715337
687 0.9431661911715337
688 0.9431666729258471
689 0.9431666729258471
690 0.9431666729258471
691 0.9431666729258471
692 0.9431666729258471
693 0.9431666729258471
694 0.9431666729258471
695 0.9431666729258471
696 0.9431666729258471
697 0.9431666729258471
698 0.9431666729258471
699 0.9431666729258471
700 0.9431666967258832
701 0.9431666967258832
702 0.9431666967258832
703 0.9431668129152793
704 0.9431668129152793
705 0.9431668129152793
706 0.9431668129152793
707 0.9431673123093004
708 0.9431673123093004
709 0.9431673123093004
710 0.9431673123093004
711 0.9431673123093004
712 0.9431673123093004
713 0.9431673123093004
714 0.9431679353642994
715 0.9431679353642994
716 0.9431679353642994
717 0.9431679353642994
718 0.9431679353642994
719 0.9431679353642994
720 0.9431679582985446
721 0.9431679582985446
722 0.9431679582985446
723 0.9431679582985446
724 0.9431679582985446
725 0.9431679582985446
726 0.943168043567725
727 0.9431686175044959
728 0.9431686175044959
729 0.9431686175044959
730 0.9431686175044959
731 0.9431686175044959
732 0.9431686175044959
733 0.9431686175044959
734 0.9431686175044959
735 0.9431686175044959
736 0.9431686175044959
737 0.9431686175044959
738 0.9431686175044959
739 0.9431686175044959
740 0.943168861278656
741 0.943168861278656
742 0.943168861278656
743 0.943169031561809
744 0.943169031561809
745 0.943169031561809
746 0.943169031561809
747 0.943169031561809
748 0.943169031561809
749 0.943169031561809
750 0.943169251282123
751 0.943169251282123
752 0.9431696580450872
753 0.9431696580450872
754 0.9431696580450872
755 0.9431696580450872
756 0.9431696580450872
757 0.9431696580450872
758 0.9431696580450872
759 0.9431696580450872
760 0.9431698389841892
761 0.9431698389841892
762 0.9431698389841892
763 0.9431698389841892
764 0.9431698389841892
765 0.9431698389841892
766 0.9431698389841892
767 0.9431698389841892
768 0.9431698389841892
769 0.9431701690688568
770 0.9431701690688568
771 0.943170171470168
772 0.943170171470168
773 0.943170171470168
774 0.943170171470168
775 0.943170171470168
776 0.9431702214720998
777 0.9431704168008029
778 0.9431704168008029
779 0.9431704168008029
780 0.9431704910445217
781 0.9431704910445217
782 0.9431704910445217
783 0.9431704910445217
784 0.9431705080104787
785 0.9431705080104787
786 0.9431705865810756
787 0.9431705865810756
788 0.9431708013945271
789 0.9431708013945271
790 0.9431708013945271
791 0.9431708013945271
792 0.9431708013945271
793 0.9431708013945271
794 0.9431711434647215
795 0.9431711434647215
796 0.9431712380372155
797 0.9431713844427947
798 0.9431713844427947
799 0.9431713844427947
800 0.9431716537674917
801 0.9431716537674917
802 0.9431716537674917
803 0.9431716537674917
804 0.9431716537674917
805 0.9431716537674917
806 0.9431716537674917
807 0.943172132360935
808 0.943172132360935
809 0.943172132360935
810 0.943172132360935
811 0.943172132360935
812 0.943172132360935
813 0.943172132360935
814 0.943172132360935
815 0.9431723690036825
816 0.9431724670294448
817 0.9431724670294448
818 0.9431725466809405
819 0.9431725466809405
820 0.9431725466809405
821 0.9431725466809405
822 0.9431725466809405
823 0.9431725466809405
824 0.9431726530239074
825 0.9431726530239074
826 0.9431726530239074
827 0.9431726530239074
828 0.9431726530239074
829 0.9431726530239074
830 0.9431727449554439
831 0.9431728591734063
832 0.9431734081834205
833 0.9431734081834205
834 0.9431734081834205
835 0.9431734081834205
836 0.9431734081834205
837 0.9431734081834205
838 0.9431734081834205
839 0.9431734081834205
840 0.9431734081834205
841 0.9431734081834205
842 0.9431734081834205
843 0.9431734081834205
844 0.9431734081834205
845 0.9431734081834205
846 0.9431734081834205
847 0.9431734081834205
848 0.9431734081834205
849 0.9431734081834205
850 0.9431734081834205
851 0.9431734081834205
852 0.9431734081834205
