000 0.12559387917229328
001 0.3028748638263508
002 0.3028748638263508
003 0.3120011669955863
004 0.34475206392539387
005 0.44391460310805897
006 0.47356624418900384
007 0.5802487884723431
008 0.605243501718459
009 0.6884410341353259
010 0.7095416170670792
011 0.7384231512162063
012 0.7741973268384935
013 0.8017175106969232
014 0.8308992027172291
015 0.8469895636658222
016 0.8611897679195871
017 0.8651070938547158
018 0.8695156929219664
019 0.8759951436808399
020 0.8793912917593314
021 0.8811367034360106
022 0.8869726841743125
023 0.887821498648012
024 0.8920515238031369
025 0.8972712008158481
026 0.8990207395784017
027 0.9020900704978175
028 0.9036188587849826
029 0.9038623662959766
030 0.904171089469098
031 0.9042002477594019
032 0.9042286663748046
033 0.9050893071881585
034 0.905136545193455
035 0.9052137092231811
036 0.9052137092231811
037 0.905224781664124
038 0.9129413289304941
039 0.9134558375012025
040 0.915814225220031
041 0.9158883831693785
042 0.9170343529169241
043 0.918003857213044
044 0.9188354755986693
045 0.9193628102636502
046 0.9200344519358786
047 0.9204580778502297
048 0.9207879076759684
049 0.9210178591027142
050 0.9210899417934804
051 0.9211294269925947
052 0.9211294269925947
053 0.9213732512417634
054 0.9232793889696655
055 0.9234050381382131
056 0.9234050381382131
057 0.9237376503538424
058 0.9239481412485661
059 0.9239481412485661
060 0.9243196772056006
061 0.9243196772056006
062 0.9243196772056006
063 0.9243196772056006
064 0.9259042253309525
065 0.9264044276058719
066 0.9272324344120506
067 0.9277157528386587
068 0.9285257608726225
069 0.9287422434177274
070 0.9292623162815075
071 0.9294126987392627
072 0.9298463770838793
073 0.9303333406358816
074 0.9305998925854445
075 0.9307105923209881
076 0.9308956440587273
077 0.9310146785204799
078 0.9312502919542949
079 0.9313004303165698
080 0.9314184795935143
081 0.9314245632069241
082 0.9314245632069241
083 0.9324982401586478
084 0.9327637976727325
085 0.9332246298819453
086 0.9333451522177436
087 0.9336858104672945
088 0.9337243529488394
089 0.9338741472540035
090 0.9341692180791049
091 0.9342090495281571
092 0.9343719714255803
093 0.9344737797551649
094 0.9345606025127018
095 0.9353089779877801
096 0.9354198168845025
097 0.9355603805447946
098 0.9358665811445703
099 0.9360770960041238
100 0.9362156452912693
101 0.9364861628363208
102 0.9368497647596913
103 0.9370095348402897
104 0.9372802157366447
105 0.9372888210484366
106 0.9375265375343149
107 0.9376647876878405
108 0.9378277749806148
109 0.9379129051746475
110 0.9382166065167521
111 0.9384757308556667
112 0.93875227575540
113 0.9388022464588222
114 0.9389388855136628
115 0.9390618895788246
116 0.9393237487700553
117 0.939695885104013
118 0.9399082193756703
119 0.94015234043446
120 0.9402795348890752
121 0.940378598087975
122 0.9407958905307051
123 0.9407958905307051
124 0.9410125656252702
125 0.9412260939710976
126 0.9412457393799093
127 0.9414314264066632
128 0.9415133659886554
129 0.9416391635051733
130 0.9416391635051733
131 0.9418604423522183
132 0.9419926866984117
133 0.9420221997652914
134 0.9421244288110274
135 0.9422228736967991
136 0.9422975892527241
137 0.9423253774198335
138 0.9425568177540438
139 0.9425856303213458
140 0.9427407475947607
141 0.9427407475947607
142 0.9427407475947607
143 0.9428330669125043
144 0.9428612171610588
145 0.9430496942234556
146 0.9430496942234556
147 0.9432098241059665
148 0.9432098241059665
149 0.9432098241059665
150 0.9433031862815615
151 0.9433156445877817
152 0.9433541184553181
153 0.9434360224917132
154 0.9434429374874063
155 0.9434899783248352
156 0.9435309051449564
157 0.9435666383618986
158 0.9436114873657747
159 0.9436712672418165
160 0.9437316042699616
161 0.943732024829975
162 0.9438382932723248
163 0.9438423595442711
164 0.9438704354881542
165 0.9439247731707872
166 0.9439306107857977
167 0.9439812748772453
168 0.9440430441598302
169 0.9441289056059142
170 0.9441743264745603
171 0.9441767664112625
172 0.9443091072740081
173 0.9443091072740081
174 0.9443091072740081
175 0.9443091072740081
176 0.9444371376733636
177 0.9444371376733636
178 0.9444371376733636
179 0.9444440537298561
180 0.9444998471526578
181 0.9444998471526578
182 0.9444998471526578
183 0.9445947471988032
184 0.9445947471988032
185 0.9445947471988032
186 0.9446523323161254
187 0.9446817696842776
188 0.9447075634673228
189 0.9447075634673228
190 0.944726277206294
191 0.9447514272029682
192 0.9447891069154247
193 0.9447891069154247
194 0.9448371789010137
195 0.9448746812980173
196 0.9448757031580902
197 0.9448774703659859
198 0.944912009980787
199 0.9449220468561815
200 0.9449276937976944
201 0.9449568204636071
202 0.9449864438197935
203 0.9449870478059977
204 0.945031058052838
205 0.945031058052838
206 0.9450697596851472
207 0.9450697596851472
208 0.9451205110702614
209 0.9451472120845178
210 0.9451593304485929
211 0.9451593304485929
212 0.9452120036605974
213 0.9452525624699557
214 0.9452789486844918
215 0.9452789486844918
216 0.9452789486844918
217 0.9452789486844918
218 0.9452985944906301
219 0.9452985944906301
220 0.9453509790596482
221 0.9453509790596482
222 0.9453509790596482
223 0.945358389518203
224 0.9453642676392582
225 0.9453822606161386
226 0.9453822606161386
227 0.9454137492378984
228 0.9454495180343605
229 0.9454495180343605
230 0.9454495180343605
231 0.9454507839323932
232 0.9454569307976556
233 0.9454997545358914
234 0.9454997545358914
235 0.9454997545358914
236 0.9455039566371156
237 0.9455164617750778
238 0.9455348974661386
239 0.9455395411120839
240 0.9455484559548681
241 0.945553290042898
242 0.9455641179891391
243 0.9455671498463767
244 0.9455754039384165
245 0.9455754039384165
246 0.9455952814997948
247 0.9455952814997948
248 0.9456063106074286
249 0.9456262890429549
250 0.9456262890429549
251 0.9456403433762844
252 0.9456403433762844
253 0.9456463367104495
254 0.9456576174923061
255 0.9456576174923061
256 0.9457143170499198
257 0.9457143170499198
258 0.9457143170499198
259 0.945716466601948
260 0.945716466601948
261 0.945716466601948
262 0.9457407511799771
263 0.9457407511799771
264 0.9457407511799771
265 0.9457578959225149
266 0.9457578959225149
267 0.9457578959225149
268 0.9457760964944253
269 0.9457760964944253
270 0.9457854793097524
271 0.9457910415410562
272 0.9457910415410562
273 0.9457958619911938
274 0.9457958619911938
275 0.9458030456588868
276 0.9458131605870778
277 0.9458212419729111
278 0.9458212419729111
279 0.9458405545134168
280 0.9458405545134168
281 0.9458405545134168
282 0.945847724325488
283 0.945847724325488
284 0.9458537799045743
285 0.9458537799045743
286 0.9458560540980556
287 0.9458674537179649
288 0.9458854253384217
289 0.9458854253384217
290 0.9458854253384217
291 0.9458879595375065
292 0.9458888121247113
293 0.9458990554277066
294 0.9458996193944413
295 0.945900511457515
296 0.9459242432181939
297 0.9459242432181939
298 0.9459242432181939
299 0.9459242432181939
300 0.9459261005117768
301 0.9459261005117768
302 0.9459308403971016
303 0.9459308403971016
304 0.9459403551135231
305 0.9459604715578713
306 0.9459604715578713
307 0.9459604715578713
308 0.9459604715578713
309 0.9459640349784585
310 0.9459657604206952
311 0.9459725528782418
312 0.9459748897668325
313 0.9459748897668325
314 0.9459753383502005
315 0.9459753383502005
316 0.945981112735104
317 0.945992745617809
318 0.9459931259404457
319 0.9459931259404457
320 0.9459972707769394
321 0.9460018399005622
322 0.9460094684724142
323 0.9460097702433922
324 0.9460141200171084
325 0.9460170168049766
326 0.9460211664393049
327 0.9460211664393049
328 0.9460262198737415
329 0.9460323901369998
330 0.9460363507066711
331 0.9460363507066711
332 0.9460378323514662
333 0.9460378323514662
334 0.9460378323514662
335 0.9460378323514662
336 0.9460432511287875
337 0.9460437837162521
338 0.9460441192835767
339 0.9460488888539712
340 0.9460516351430683
341 0.9460521074169624
342 0.9460554338965041
343 0.9460612472009606
344 0.9460612472009606
345 0.94606215469334
346 0.9460686519979332
347 0.9460686519979332
348 0.9460686519979332
349 0.9460705087911578
350 0.9460705087911578
351 0.9460732118967685
352 0.9460732118967685
353 0.9460756900161136
354 0.9460784109562642
355 0.9460832286878474
356 0.9460847566239846
357 0.94608562321972
358 0.9460933219059664
359 0.9460933219059664
360 0.9460933219059664
361 0.9460980678617403
362 0.9460980678617403
363 0.9461076275388433
364 0.9461076275388433
365 0.9461076275388433
366 0.9461133003256231
367 0.9461133003256231
368 0.9461133003256231
369 0.9461133003256231
370 0.9461133003256231
371 0.9461141742745981
372 0.9461141742745981
373 0.9461175302950726
374 0.9461175302950726
375 0.9461175302950726
376 0.946118502419727
377 0.9461206148079967
378 0.946126818462493
379 0.946126818462493
380 0.946127646380095
381 0.9461277778260416
382 0.9461277778260416
383 0.9461309761424617
384 0.9461309761424617
385 0.9461403721842112
386 0.9461403721842112
387 0.9461403721842112
388 0.9461403721842112
389 0.9461403721842112
390 0.9461453137796636
391 0.9461453137796636
392 0.9461453137796636
393 0.9461472654438016
394 0.9461495085392664
395 0.9461580741204836
396 0.9461580741204836
397 0.9461623835553247
398 0.9461643528517797
399 0.9461643528517797
400 0.9461643528517797
401 0.9461643528517797
402 0.9461643528517797
403 0.9461683105212486
404 0.9461683105212486
405 0.9461695622447052
406 0.9461695622447052
407 0.946169870971288
408 0.9461711100333442
409 0.9461736724637525
410 0.9461754173497767
411 0.9461784610408085
412 0.9461784610408085
413 0.9461784610408085
414 0.9461784610408085
415 0.9461787753781287
416 0.9461793037569308
417 0.9461835658098762
418 0.9461863983808445
419 0.9461863983808445
420 0.9461881126059729
421 0.9461881126059729
422 0.9461892061170103
423 0.9461892061170103
424 0.9461892061170103
425 0.9461958623906218
426 0.9461958623906218
427 0.9461958623906218
428 0.9461958623906218
429 0.9461958623906218
430 0.9461963597751165
431 0.9461983080539502
432 0.9461998764538213
433 0.9461998764538213
434 0.9461998764538213
435 0.9461998764538213
436 0.9462015320984211
437 0.9462015320984211
438 0.9462037401560073
439 0.9462037401560073
440 0.9462059758735647
441 0.9462073400521351
442 0.9462073400521351
443 0.9462073400521351
444 0.9462077969034959
445 0.9462077969034959
446 0.9462093178173608
447 0.9462105574457434
448 0.9462105574457434
449 0.9462116710871714
450 0.9462116710871714
451 0.9462116710871714
452 0.9462152369979115
453 0.9462152369979115
454 0.9462152369979115
455 0.9462152504310034
456 0.9462166750934117
457 0.9462166750934117
458 0.9462168516587269
459 0.9462168516587269
460 0.9462168516587269
461 0.9462206617977548
462 0.9462206617977548
463 0.9462206617977548
464 0.9462232058103929
465 0.9462237715982968
466 0.9462237715982968
467 0.9462237715982968
468 0.9462237715982968
469 0.94622398494379
470 0.9462275669867181
471 0.9462280157699626
472 0.9462280157699626
473 0.9462280157699626
474 0.9462280157699626
475 0.9462284178742958
476 0.9462284178742958
477 0.9462284813068427
478 0.9462284813068427
479 0.9462298117620694
480 0.9462302647962328
481 0.9462311976668408
482 0.9462311976668408
483 0.9462335760286427
484 0.9462335760286427
485 0.9462335760286427
486 0.9462345308518142
487 0.9462346054749066
488 0.9462346054749066
489 0.9462346054749066
490 0.9462359383572773
491 0.9462359383572773
492 0.9462359383572773
493 0.9462366278677524
494 0.9462366278677524
495 0.9462366278677524
496 0.9462367115757971
497 0.9462381515511585
498 0.9462384913427646
499 0.9462409373471604
500 0.9462409373471604
501 0.9462409508187487
502 0.9462421819652017
503 0.9462421819652017
504 0.9462421819652017
505 0.9462421819652017
506 0.9462421819652017
507 0.9462443317960967
508 0.9462459857428879
509 0.9462459857428879
510 0.9462459857428879
511 0.9462462513069756
512 0.9462462513069756
513 0.9462482595852065
514 0.9462482595852065
515 0.9462482595852065
516 0.9462482595852065
517 0.9462482595852065
518 0.9462482595852065
519 0.9462486537592788
520 0.9462487562569768
521 0.9462489424098232
522 0.9462496994725333
523 0.946251106378788
524 0.9462523554317781
525 0.9462523554317781
526 0.9462538912318182
527 0.9462538912318182
528 0.9462538912318182
529 0.9462538912318182
530 0.9462563113725627
531 0.9462563113725627
532 0.9462563113725627
533 0.9462563113725627
534 0.9462563113725627
535 0.9462563113725627
536 0.9462563113725627
537 0.9462563113725627
538 0.9462580476708892
539 0.9462580476708892
540 0.9462580476708892
541 0.9462580476708892
542 0.9462594018186669
543 0.9462594018186669
544 0.9462594018186669
545 0.9462594018186669
546 0.9462594018186669
547 0.9462594018186669
548 0.94625945098058
549 0.9462604526329008
550 0.9462606121896925
551 0.9462612442637715
552 0.9462612442637715
553 0.9462612442637715
554 0.9462612442637715
555 0.9462619841821478
556 0.946262561301683
557 0.9462631116205682
558 0.9462654281480085
559 0.9462654281480085
560 0.9462654281480085
561 0.9462654281480085
562 0.9462654281480085
563 0.9462654281480085
564 0.94626690272426
565 0.94626690272426
566 0.94626690272426
567 0.94626690272426
568 0.94626690272426
569 0.94626713462585
570 0.94626713462585
571 0.9462675212575358
572 0.9462679237634649
573 0.9462693437316722
574 0.9462693437316722
575 0.9462693437316722
576 0.9462693437316722
577 0.9462699418542738
578 0.9462699418542738
579 0.946271256167648
580 0.946271256167648
581 0.9462714420001926
582 0.9462721170067327
583 0.9462721170067327
584 0.9462721170067327
585 0.9462721170067327
586 0.9462734273148773
587 0.9462734273148773
588 0.9462734273148773
589 0.9462734273148773
590 0.9462734273148773
591 0.9462734273148773
592 0.9462737382243127
593 0.9462737382243127
594 0.9462739077460827
595 0.9462739077460827
596 0.9462739077460827
597 0.9462749724766234
598 0.9462749724766234
599 0.9462765077929896
600 0.9462765077929896
601 0.9462765077929896
602 0.9462771011690569
603 0.9462771011690569
604 0.9462771011690569
605 0.9462776225766536
606 0.9462776225766536
607 0.9462776225766536
608 0.9462776757943097
609 0.9462776757943097
610 0.9462776757943097
611 0.9462776757943097
612 0.9462776757943097
613 0.9462776757943097
614 0.9462776757943097
615 0.9462789997803341
616 0.9462789997803341
617 0.9462789997803341
618 0.9462789997803341
619 0.9462793760529727
620 0.9462805892956179
621 0.9462805892956179
622 0.9462812901429983
623 0.9462818551294327
624 0.9462818551294327
625 0.9462818551294327
626 0.9462818551294327
627 0.9462818551294327
628 0.9462818551294327
629 0.9462821108938259
630 0.9462825459852979
631 0.9462828501184168
632 0.9462828501184168
633 0.9462828501184168
634 0.9462828501184168
635 0.9462836285489239
636 0.9462836285489239
637 0.9462841440972436
638 0.9462841440972436
639 0.9462848525828994
640 0.9462848525828994
641 0.9462848525828994
642 0.9462870241847006
643 0.9462871151513648
644 0.9462871151513648
645 0.9462877845076128
646 0.9462877845076128
647 0.9462877845076128
648 0.9462877845076128
649 0.9462877845076128
650 0.9462879839760329
651 0.9462879839760329
652 0.9462879839760329
653 0.9462902001972766
654 0.9462902001972766
655 0.9462902001972766
656 0.9462902001972766
657 0.9462902001972766
658 0.9462902001972766
659 0.9462902001972766
660 0.9462902001972766
661 0.9462902001972766
662 0.9462902001972766
663 0.9462902001972766
664 0.9462903774575524
665 0.9462903774575524
666 0.9462903774575524
667 0.9462903774575524
668 0.9462907502715129
669 0.946290870710856
670 0.9462910158377058
671 0.9462910158377058
672 0.9462925410534437
673 0.9462925410534437
674 0.9462925410534437
675 0.9462935722127007
676 0.9462935722127007
677 0.9462935722127007
678 0.9462935722127007
679 0.9462935722127007
680 0.9462935722127007
681 0.9462935722127007
682 0.9462961281274388
683 0.9462961281274388
684 0.9462961281274388
685 0.9462961281274388
686 0.9462961281274388
687 0.9462961281274388
688 0.9462961281274388
689 0.9462961281274388
690 0.9462961281274388
691 0.9462961281274388
692 0.9462961281274388
693 0.9462961281274388
694 0.9462961281274388
695 0.9462961281274388
696 0.9462961281274388
697 0.9462961281274388
698 0.9462961281274388
699 0.9462961281274388
700 0.9462961281274388
701 0.9462961281274388
702 0.9462961281274388
