000 0.12135062074076701
001 0.12135062074076701
002 0.20172483456786885
003 0.31763428842685976
004 0.32164351526013135
005 0.38200447541251853
006 0.40205007913958724
007 0.5204101454675016
008 0.5486802337873216
009 0.5825555673789826
010 0.6110108601467819
011 0.6652765309273505
012 0.7231969646225882
013 0.7231969646225882
014 0.7404685259629309
015 0.7808371245493559
016 0.7863782351629331
017 0.8097914790043129
018 0.8170612899841918
019 0.8170612899841918
020 0.8196879090307946
021 0.824437257076493
022 0.8266884350110548
023 0.8344963665174678
024 0.8344963665174678
025 0.8344963665174678
026 0.835378765169176
027 0.836806185774709
028 0.836806185774709
029 0.8370482513251952
030 0.8370482513251952
031 0.8372544279977261
032 0.8372544279977261
033 0.8385212504699381
034 0.8385212504699381
035 0.8385212504699381
036 0.8385212504699381
037 0.8443777185360773
038 0.8459752669118227
039 0.8493476278130874
040 0.8510296884836256
041 0.851630111686322
042 0.8532802365982446
043 0.8532802365982446
044 0.8537432142202329
045 0.854423297963627
046 0.8548050011427025
047 0.8552368664283886
048 0.8554336303526983
049 0.8559625210351279
050 0.8561079967692714
051 0.8561163572170456
052 0.8563078811135215
053 0.8565559118912794
054 0.8565559118912794
055 0.8565559118912794
056 0.8582392798304541
057 0.8582392798304541
058 0.8582392798304541
059 0.8582392798304541
060 0.8582392798304541
061 0.8605953378743736
062 0.8605953378743736
063 0.8605953378743736
064 0.8615383528067938
065 0.8615664877747005
066 0.8615664877747005
067 0.8615664877747005
068 0.8619182477511043
069 0.8620034941339679
070 0.8620034941339679
071 0.863337817231712
072 0.8636992791061199
073 0.8645781849121265
074 0.8648044586305446
075 0.8652051924595627
076 0.8657172902683331
077 0.866503297713365
078 0.8665133363560477
079 0.866940985113279
080 0.8670112549808291
081 0.8670476412634762
082 0.8670476412634762
083 0.8670547605708352
084 0.8670547605708352
085 0.8671544869130016
086 0.8671544869130016
087 0.867943314636937
088 0.8683787222844771
089 0.86914328726558
090 0.86914328726558
091 0.8696356476664485
092 0.8701864109554647
093 0.8708361885644722
094 0.8711221809889477
095 0.8719216508871899
096 0.8720158578174189
097 0.8723826074705257
098 0.8725402571947413
099 0.8726930912484387
100 0.872906369360408
101 0.8730542820124825
102 0.8730840957774408
103 0.8731219253236945
104 0.8731609784078641
105 0.8735248047100725
106 0.873932505843661
107 0.8742167961097932
108 0.8744439930159531
109 0.8747711806442373
110 0.8751549599201714
111 0.8755080480427146
112 0.87606182973781
113 0.8762504242033347
114 0.8769357002194533
115 0.8771340181170726
116 0.8779113962578966
117 0.8779113962578966
118 0.8781381989952386
119 0.8784720089795399
120 0.8785640367028659
121 0.8786440516275681
122 0.8787188161327141
123 0.878772158593996
124 0.8788154279675462
125 0.8788475137357872
126 0.8790042246779917
127 0.8792530783707895
128 0.8794591383465792
129 0.8799370641917703
130 0.8800738688681943
131 0.8803557106801797
132 0.8810468016055064
133 0.8811477813165727
134 0.8816140301079947
135 0.8817677399375673
136 0.8819898951514779
137 0.8822331867720696
138 0.8825161309328862
139 0.8827496970663904
140 0.8829080755889687
141 0.8832995031488416
142 0.8835699797580381
143 0.8836120166955082
144 0.8838493759725731
145 0.8839335125639572
146 0.8839859830376913
147 0.8840050196463871
148 0.8841870575219007
149 0.8843791759692226
150 0.8845187810141149
151 0.8847482660411863
152 0.884783556067492
153 0.8852233237102606
154 0.885430267817272
155 0.8857117536732694
156 0.885959535110835
157 0.886085315359908
158 0.8866310896239606
159 0.8867399426092637
160 0.88699070730710
161 0.8873389677266545
162 0.8873389677266545
163 0.8875332592728499
164 0.8877830056011791
165 0.8878653948309632
166 0.8880819050712995
167 0.888308944491462
168 0.8884026305614241
169 0.8885070234137395
170 0.8887123818275544
171 0.8888491062595721
172 0.8890658750957035
173 0.889399909006139
174 0.8894143132917187
175 0.8895210318027374
176 0.8897010671012323
177 0.8900064262115069
178 0.8901028469073663
179 0.8905632394350166
180 0.8906288484718075
181 0.8909425516638624
182 0.891163720220282
183 0.8914623770031758
184 0.8914906630397252
185 0.8915587650966397
186 0.8917136095281835
187 0.8919152947833731
188 0.8919594160271008
189 0.892129754782479
190 0.8923590013237764
191 0.8923764487755784
192 0.8924850232936604
193 0.8926964145118321
194 0.8929093729968708
195 0.8929093729968708
196 0.8929486569834878
197 0.893020711460166
198 0.8932100411198638
199 0.8934202556242605
200 0.8934518999667627
201 0.893613929972424
202 0.8936961960654177
203 0.8938334995180534
204 0.8940095815185951
205 0.8941304070839273
206 0.8942665020974161
207 0.8944057648389757
208 0.8944849357325712
209 0.8946186256969914
210 0.8946998485824105
211 0.8949148693804261
212 0.8949909631496141
213 0.8950152879003365
214 0.8951393040688547
215 0.8952389051978122
216 0.8953597899286625
217 0.8955278045428339
218 0.8955620646139585
219 0.895700239428931
220 0.8957575558688353
221 0.8958191277914654
222 0.8959297000242477
223 0.8960109824094917
224 0.8961339111092127
225 0.89622134713074
226 0.89622134713074
227 0.8965798260881896
228 0.8965798260881896
229 0.8965798260881896
230 0.8966342302477713
231 0.8967168773930264
232 0.8968502620713712
233 0.8968537259431002
234 0.8968936884112256
235 0.8970050069908541
236 0.8970420129123982
237 0.8971220472054232
238 0.8972025548111867
239 0.897213828204183
240 0.8973270857113347
241 0.8973939362302429
242 0.8974349102190037
243 0.8975136246890757
244 0.8975624126571267
245 0.8975874580627692
246 0.8976216954310049
247 0.8976621961607605
248 0.8977418495438659
249 0.8977800942787849
250 0.8978702923292623
251 0.8978702923292623
252 0.897916371940786
253 0.897948882320211
254 0.898056819318448
255 0.898095893794279
256 0.8981410727109593
257 0.8982087340758421
258 0.8982382815530175
259 0.8982510782460663
260 0.8983220656659906
261 0.8983306529843877
262 0.8983752332934055
263 0.8984591939838538
264 0.8985016077180571
265 0.8985465126722123
266 0.8985930856049894
267 0.8986235367184536
268 0.8986924064415066
269 0.8987453216944609
270 0.8987593780937577
271 0.898829457136338
272 0.8988385148247471
273 0.898930680323539
274 0.898930680323539
275 0.8989565683018004
276 0.8990398555097217
277 0.8990398555097217
278 0.8990423380516163
279 0.8990861809154381
280 0.8991154274787073
281 0.8991610759889964
282 0.8991687620638684
283 0.8991993863193957
284 0.8992060528441391
285 0.8992413088399563
286 0.899303414613072
287 0.8993634207511788
288 0.8993634207511788
289 0.8994157961229737
290 0.8994157961229737
291 0.8994294308271181
292 0.899483759808359
293 0.899483759808359
294 0.899483759808359
295 0.8995232541337483
296 0.8995269815959408
297 0.8995520450092621
298 0.8995593047919178
299 0.8995978972739368
300 0.8996227742313663
301 0.8996227742313663
302 0.8996580782755447
303 0.8996580782755447
304 0.8996825501175961
305 0.8997044897847265
306 0.8997315758324623
307 0.8997494415911683
308 0.8997659833346049
309 0.8997765783900004
310 0.8997934216559902
311 0.8998140587039867
312 0.8998192338176624
313 0.899885484726608
314 0.899885484726608
315 0.899885484726608
316 0.899890641958694
317 0.8999172770415724
318 0.8999172770415724
319 0.8999577323521633
320 0.8999577323521633
321 0.8999697572274596
322 0.8999747911960246
323 0.89999064568576
324 0.9000034949912926
325 0.9000261453197623
326 0.9000389141516207
327 0.9000481755715913
328 0.9000693834803796
329 0.9000693834803796
330 0.9000769239861299
331 0.9000940454247148
332 0.9001255361057067
333 0.9001255361057067
334 0.9001365972527332
335 0.9001365972527332
336 0.9001416567952658
337 0.9001416567952658
338 0.9001436128184375
339 0.9001802375568556
340 0.9001802375568556
341 0.9001856928563062
342 0.9001943819880611
343 0.9002112844478647
344 0.9002124601529816
345 0.9002233305596213
346 0.9002233305596213
347 0.9002434790508541
348 0.9002579773831139
349 0.9002702861693797
350 0.9002793781791655
351 0.9002962271245415
352 0.9002962271245415
353 0.9003153022756308
354 0.9003205553785423
355 0.9003326664642033
356 0.9003545669571813
357 0.9003545669571813
358 0.9003545669571813
359 0.9003965622970966
360 0.9003965622970966
361 0.9003965622970966
362 0.9003965622970966
363 0.9004070630421775
364 0.9004297047681286
365 0.9004297047681286
366 0.9004325192546528
367 0.9004329582716479
368 0.9004437013795519
369 0.9004516901580991
370 0.9004566199997687
371 0.9004645259008173
372 0.9004645259008173
373 0.9004843333292493
374 0.9004843333292493
375 0.900490660012921
376 0.9004915013826821
377 0.9005204604723185
378 0.9005204604723185
379 0.9005208992418657
380 0.9005241961211555
381 0.9005241961211555
382 0.9005241961211555
383 0.9005361988999026
384 0.9005370106774327
385 0.9005508064763403
386 0.9005525300406659
387 0.9005525300406659
388 0.9005632411123696
389 0.900566806380737
390 0.9005807956175816
391 0.9005918701554243
392 0.9006052445995327
393 0.9006058906994118
394 0.9006058906994118
395 0.9006211718015559
396 0.9006211718015559
397 0.9006378295398139
398 0.9006378295398139
399 0.9006390618045892
400 0.9006507294655524
401 0.9006533272419379
402 0.9006599709757133
403 0.9006605124304886
404 0.900663803483505
405 0.9006751205095203
406 0.9006875816182666
407 0.9006875816182666
408 0.9007061290591191
409 0.9007061290591191
410 0.9007061290591191
411 0.9007076025701447
412 0.9007140526689159
413 0.9007351880758953
414 0.9007351880758953
415 0.9007441018241733
416 0.9007441018241733
417 0.9007441018241733
418 0.900762185757801
419 0.9007631518872298
420 0.9007631518872298
421 0.9007643025741414
422 0.9007701253496068
423 0.9007701253496068
424 0.9007824971089305
425 0.9007824971089305
426 0.9007901536306562
427 0.9007901536306562
428 0.9007924953358212
429 0.9007933269420325
430 0.9008045080234339
431 0.9008045080234339
432 0.9008099090558832
433 0.9008099090558832
434 0.9008170473133049
435 0.9008206023568255
436 0.9008206023568255
437 0.9008206023568255
438 0.900824946944637
439 0.900824946944637
440 0.9008273595320276
441 0.9008273595320276
442 0.9008354861855733
443 0.9008447053176452
444 0.9008447053176452
445 0.9008447053176452
446 0.9008447053176452
447 0.9008483035689432
448 0.9008492189141148
449 0.9008508991068765
450 0.9008558014648207
451 0.9008581104940006
452 0.9008596506354687
453 0.9008657120545666
454 0.9008657120545666
455 0.9008661338431738
456 0.9008661338431738
457 0.9008714344250952
458 0.9008750577002751
459 0.9008810366187762
460 0.9008810366187762
461 0.9008810366187762
462 0.9008810366187762
463 0.900883720432874
464 0.9008844765608166
465 0.9008886760009962
466 0.9008886760009962
467 0.9008949803010613
468 0.9008949803010613
469 0.9008949803010613
470 0.9008954268330258
471 0.9008997987528338
472 0.900902293201663
473 0.9009090856121503
474 0.9009090856121503
475 0.9009090856121503
476 0.9009090856121503
477 0.9009091526379734
478 0.9009127345727903
479 0.9009248369096955
480 0.9009248369096955
481 0.9009248369096955
482 0.9009248369096955
483 0.900926818698909
484 0.900926818698909
485 0.9009282022320114
486 0.900930629477987
487 0.9009360822421477
488 0.9009360822421477
489 0.9009372734390202
490 0.9009391758915056
491 0.9009438561283322
492 0.9009438561283322
493 0.900946832879409
494 0.900954942499021
495 0.900954942499021
496 0.900954942499021
497 0.900954942499021
498 0.900954942499021
499 0.900954942499021
500 0.900954942499021
501 0.900954942499021
502 0.9009572875372627
503 0.9009608413461841
504 0.9009608413461841
505 0.9009608413461841
506 0.9009608413461841
507 0.9009660575828009
508 0.9009660575828009
509 0.9009695041822898
510 0.9009695041822898
511 0.900974780501315
512 0.900974780501315
513 0.900974780501315
514 0.900974780501315
515 0.900974780501315
516 0.900974780501315
517 0.900974780501315
518 0.900976904726763
519 0.9009775745947082
520 0.9009803069543605
521 0.9009819697195808
522 0.9009863835530993
523 0.9009863835530993
524 0.9009863835530993
525 0.9009892596217739
526 0.900991789392717
527 0.900991789392717
528 0.900991789392717
529 0.9009933998890689
530 0.900996642107251
531 0.900996642107251
532 0.900996642107251
533 0.900996642107251
534 0.900996642107251
535 0.9009977861875342
536 0.9009986554882353
537 0.9010055466230857
538 0.9010055466230857
539 0.9010093285483879
540 0.9010093285483879
541 0.9010093285483879
542 0.9010094566624213
543 0.9010094566624213
544 0.9010094566624213
545 0.9010112712839171
546 0.9010112712839171
547 0.9010113841092204
548 0.9010125427300245
549 0.9010125427300245
550 0.901015406856137
551 0.901015406856137
552 0.901015406856137
553 0.9010180224998932
554 0.9010180224998932
555 0.9010200231286188
556 0.9010200231286188
557 0.9010200231286188
558 0.9010233169566864
559 0.9010233514685841
560 0.9010233514685841
561 0.9010233514685841
562 0.9010242319416379
563 0.9010242319416379
564 0.9010287369944684
565 0.9010287369944684
566 0.9010311279462818
567 0.9010348528860286
568 0.9010348528860286
569 0.9010348528860286
570 0.9010348528860286
571 0.9010348528860286
572 0.9010352760504627
573 0.9010378426501267
574 0.9010380773189504
575 0.9010380773189504
576 0.9010382644907267
577 0.9010393468929178
578 0.9010405235116714
579 0.9010405235116714
580 0.9010425320142018
581 0.9010443329008725
582 0.9010443329008725
583 0.9010480095250771
584 0.9010480095250771
585 0.9010485870923668
586 0.9010485870923668
587 0.9010485870923668
588 0.9010508499855439
589 0.9010508499855439
590 0.9010508499855439
591 0.9010508499855439
592 0.9010526933864151
593 0.9010527136621815
594 0.9010539792939566
595 0.9010548832924982
596 0.9010570899228902
597 0.9010570899228902
598 0.9010574561651905
599 0.9010609583038753
600 0.9010609583038753
601 0.9010609583038753
602 0.9010660420614974
603 0.9010660420614974
604 0.9010660420614974
605 0.9010660420614974
606 0.9010660420614974
607 0.9010660420614974
608 0.9010660420614974
609 0.9010674389303746
610 0.9010674389303746
611 0.9010674389303746
612 0.9010674389303746
613 0.9010697785554467
614 0.9010697785554467
615 0.9010697785554467
616 0.9010701048644263
617 0.901071490450694
618 0.901071490450694
619 0.9010753870800843
620 0.9010753870800843
621 0.9010753870800843
622 0.9010753870800843
623 0.9010753870800843
624 0.9010753870800843
625 0.901076911146197
626 0.901076911146197
627 0.9010773828634749
628 0.9010784104393237
629 0.9010784104393237
630 0.9010806268738025
631 0.9010816256710288
632 0.9010816256710288
633 0.9010816256710288
634 0.9010816256710288
635 0.9010816256710288
636 0.901082133368877
637 0.901082133368877
638 0.9010830786584528
639 0.9010839036744085
640 0.9010855870089841
641 0.9010864402825338
642 0.9010869395036077
643 0.9010869395036077
644 0.9010885535401398
645 0.9010885535401398
646 0.9010919115944707
647 0.9010919115944707
648 0.9010919115944707
649 0.9010919115944707
650 0.9010919115944707
651 0.9010919115944707
652 0.9010919115944707
653 0.9010919115944707
654 0.9010919115944707
655 0.9010919115944707
656 0.9010925694993346
657 0.9010925694993346
658 0.9010925694993346
659 0.9010925694993346
660 0.9010929575781733
661 0.901094123031146
662 0.901094123031146
663 0.901094123031146
664 0.9010956484317638
665 0.9010956484317638
666 0.9010962022885602
667 0.9010962022885602
668 0.9010962022885602
669 0.9010962022885602
670 0.9010968208525845
671 0.9010968546080614
672 0.9010968546080614
673 0.9010968546080614
674 0.9010975528038707
675 0.9010989203002457
676 0.9011003189343063
677 0.9011003189343063
678 0.9011004511189167
679 0.9011007575127006
680 0.9011021907107095
681 0.9011021907107095
682 0.9011021907107095
683 0.9011021907107095
684 0.9011051214012467
685 0.9011066783741334
686 0.9011066783741334
687 0.9011066783741334
688 0.9011069140495137
689 0.9011069140495137
690 0.9011069140495137
691 0.9011077208856169
692 0.9011077208856169
693 0.9011077208856169
694 0.9011077208856169
695 0.9011077208856169
696 0.9011091751680178
697 0.9011098414964724
698 0.9011107893344276
699 0.9011107893344276
700 0.9011107893344276
701 0.9011107893344276
702 0.9011107893344276
703 0.9011122666371139
704 0.9011122666371139
705 0.9011122666371139
706 0.9011122666371139
707 0.9011131310422735
708 0.9011131310422735
709 0.9011136807548891
710 0.9011136807548891
711 0.9011136807548891
712 0.9011136807548891
713 0.9011139067327286
714 0.9011139067327286
715 0.9011157165724338
716 0.9011157165724338
717 0.9011157165724338
718 0.9011162977389949
719 0.9011166695307823
720 0.9011166695307823
721 0.9011166695307823
722 0.9011166695307823
723 0.9011166695307823
724 0.9011166695307823
725 0.9011175969667942
726 0.9011182491043861
727 0.9011182491043861
728 0.9011194334583672
729 0.9011194334583672
730 0.9011194334583672
731 0.9011194334583672
732 0.9011194334583672
733 0.9011194334583672
734 0.9011196340718994
735 0.9011196340718994
736 0.9011196340718994
737 0.9011196340718994
738 0.9011196340718994
739 0.9011206073423778
740 0.9011211299240298
741 0.9011211299240298
742 0.9011211299240298
743 0.9011236306672765
744 0.9011236306672765
745 0.9011236306672765
746 0.9011236306672765
747 0.9011236306672765
748 0.9011236306672765
749 0.9011236306672765
750 0.9011236306672765
751 0.9011236306672765
752 0.9011236306672765
753 0.9011248443163583
754 0.9011248443163583
755 0.9011248443163583
756 0.9011248443163583
757 0.9011248443163583
758 0.9011248443163583
759 0.9011248443163583
760 0.9011248443163583
761 0.9011268133934357
762 0.9011268133934357
763 0.9011268133934357
764 0.9011268133934357
765 0.9011268133934357
766 0.9011268184422956
767 0.9011268184422956
768 0.9011268184422956
769 0.901127681087409
770 0.901127681087409
771 0.901127681087409
772 0.901127681087409
773 0.901127681087409
774 0.901127681087409
775 0.9011289121368964
776 0.9011289121368964
777 0.9011289121368964
778 0.9011289121368964
779 0.9011289260388611
780 0.9011289260388611
781 0.9011289260388611
782 0.901129640135876
783 0.901129640135876
784 0.901131953785274
785 0.901131953785274
786 0.901131953785274
787 0.901131953785274
788 0.901131953785274
789 0.901131953785274
790 0.9011326037550051
791 0.9011326688933453
792 0.9011332944814406
793 0.9011332944814406
794 0.901133959580685
795 0.901133959580685
796 0.901133959580685
797 0.901133959580685
798 0.901133959580685
799 0.901133959580685
800 0.9011341022298253
801 0.9011341022298253
802 0.9011341022298253
803 0.9011342667718859
804 0.9011342667718859
805 0.9011345470044432
806 0.901134828038354
807 0.901134828038354
808 0.901134828038354
809 0.9011352615427571
810 0.9011352615427571
811 0.9011353563308105
812 0.9011355968026155
813 0.9011361330376259
814 0.9011361330376259
815 0.9011361330376259
816 0.9011362669605585
817 0.9011362669605585
818 0.9011362669605585
819 0.9011367780768837
820 0.9011367780768837
821 0.9011373960208882
822 0.9011373960208882
823 0.9011373960208882
824 0.9011375000984461
825 0.901137681809956
826 0.9011381106691946
827 0.9011381106691946
828 0.9011381106691946
829 0.9011381106691946
830 0.9011382648534044
831 0.9011382648534044
832 0.9011382648534044
833 0.9011383588534732
834 0.9011383588534732
835 0.9011390218847705
836 0.9011390218847705
837 0.9011390218847705
838 0.9011402669204497
839 0.9011402669204497
840 0.9011402669204497
841 0.9011402669204497
842 0.9011402669204497
843 0.9011402669204497
844 0.9011407869474104
845 0.9011407869474104
846 0.9011407869474104
847 0.9011407869474104
848 0.9011407869474104
849 0.9011418732103922
850 0.9011418732103922
851 0.9011418732103922
852 0.9011418732103922
853 0.9011418732103922
854 0.9011418732103922
855 0.9011418732103922
856 0.9011418732103922
857 0.9011418732103922
858 0.9011418732103922
859 0.9011418732103922
860 0.9011434623900133
861 0.9011434623900133
862 0.9011434623900133
863 0.9011434623900133
864 0.9011434623900133
865 0.9011434623900133
866 0.9011434623900133
867 0.9011434623900133
868 0.9011435261574771
869 0.9011435261574771
870 0.901143551757078
871 0.901143551757078
872 0.901143551757078
873 0.9011436272913033
874 0.9011439077181895
875 0.9011439077181895
876 0.9011439077181895
877 0.9011439077181895
878 0.9011439874061286
879 0.9011439874061286
880 0.9011441816704916
881 0.901145256028901
882 0.9011458332548775
883 0.9011458332548775
884 0.9011458332548775
885 0.9011458332548775
886 0.9011458332548775
887 0.9011458332548775
888 0.9011458332548775
889 0.9011458332548775
890 0.9011458332548775
891 0.9011458332548775
892 0.9011458332548775
893 0.9011458332548775
894 0.9011458332548775
895 0.9011458332548775
896 0.901146445716227
897 0.901146445716227
898 0.901146445716227
899 0.901146445716227
900 0.901146445716227
901 0.901146445716227
902 0.9011465271867579
903 0.9011465271867579
904 0.9011465271867579
905 0.9011466044736889
906 0.9011469091611322
907 0.9011475689491679
908 0.9011475689491679
909 0.9011475689491679
910 0.9011478157322267
911 0.9011478157322267
912 0.9011478157322267
913 0.9011482291454548
914 0.9011482291454548
915 0.9011482291454548
916 0.9011482398331455
917 0.9011484084367899
918 0.9011484084367899
919 0.9011484084367899
920 0.9011484084367899
921 0.9011488159904231
922 0.9011488159904231
923 0.9011488159904231
924 0.9011488159904231
925 0.9011488159904231
926 0.9011488159904231
927 0.9011488159904231
928 0.901148982563048
929 0.901148982563048
930 0.901148982563048
931 0.9011492248379153
932 0.9011492248379153
933 0.9011496139114785
934 0.9011496139114785
935 0.9011497690462519
936 0.9011497690462519
937 0.9011500827968155
938 0.9011502258208327
939 0.9011502258208327
940 0.9011502258208327
941 0.9011502258208327
942 0.9011502258208327
943 0.9011503815751833
944 0.9011506136418842
945 0.9011506136418842
946 0.9011506136418842
947 0.9011506136418842
948 0.9011506136418842
949 0.9011506136418842
950 0.9011506136418842
951 0.9011506136418842
952 0.9011509909882678
953 0.9011509909882678
954 0.9011509909882678
955 0.9011509909882678
956 0.9011509909882678
957 0.9011512133965857
958 0.9011512133965857
959 0.9011526568542849
960 0.9011526568542849
961 0.9011526568542849
962 0.9011526568542849
963 0.9011526568542849
964 0.9011526568542849
965 0.9011526568542849
966 0.9011526568542849
967 0.9011526568542849
968 0.9011526568542849
969 0.9011526568542849
970 0.9011526568542849
971 0.9011534648446425
972 0.9011534648446425
973 0.9011534648446425
974 0.9011534648446425
975 0.9011534648446425
976 0.9011534648446425
977 0.9011534648446425
978 0.9011534648446425
979 0.9011534648446425
980 0.9011534648446425
981 0.9011534648446425
982 0.9011534648446425
983 0.9011534648446425
984 0.9011534648446425
985 0.9011534648446425
986 0.9011534648446425
987 0.9011536016305028
988 0.9011537214887921
989 0.9011538152361024
990 0.9011538152361024
991 0.9011540388653305
992 0.9011540388653305
993 0.9011540388653305
994 0.9011540388653305
995 0.9011540388653305
996 0.9011540388653305
997 0.9011540388653305
998 0.9011547064572343
999 0.9011547064572343
1000 0.9011547181387854
1001 0.9011547181387854
1002 0.9011547181387854
1003 0.9011547181387854
1004 0.9011547181387854
1005 0.9011548112787967
1006 0.901154817402091
1007 0.901154817402091
1008 0.901154817402091
1009 0.9011548327242417
1010 0.9011552606913361
1011 0.9011552606913361
1012 0.9011552606913361
1013 0.9011552606913361
1014 0.9011552606913361
1015 0.9011552606913361
1016 0.9011553849426357
1017 0.9011553849426357
1018 0.9011553849426357
1019 0.9011553849426357
1020 0.9011561848041177
1021 0.9011561848041177
1022 0.9011566139123618
1023 0.9011566139123618
1024 0.9011566139123618
1025 0.9011566139123618
1026 0.9011566139123618
1027 0.9011566139123618
1028 0.9011566139123618
1029 0.9011567121139522
1030 0.9011567121139522
1031 0.9011567121139522
1032 0.9011574934163042
1033 0.9011574934163042
1034 0.9011574934163042
1035 0.9011574934163042
1036 0.9011574934163042
1037 0.9011574934163042
1038 0.9011574934163042
1039 0.9011574934163042
1040 0.9011574934163042
1041 0.9011574934163042
1042 0.9011574934163042
1043 0.9011574934163042
1044 0.9011574934163042
1045 0.9011574934163042
1046 0.9011576200188831
1047 0.9011587499981114
1048 0.9011587499981114
1049 0.9011587499981114
1050 0.9011587499981114
1051 0.9011587499981114
1052 0.9011587499981114
1053 0.901158807944572
1054 0.901158807944572
1055 0.901158807944572
1056 0.901158807944572
1057 0.901158807944572
1058 0.901158807944572
1059 0.901158807944572
1060 0.901158807944572
1061 0.901158807944572
1062 0.9011593812935774
1063 0.9011593812935774
1064 0.9011593812935774
1065 0.9011593812935774
1066 0.9011593812935774
1067 0.9011593812935774
1068 0.9011593812935774
1069 0.9011593812935774
1070 0.9011593812935774
1071 0.9011593812935774
1072 0.9011601150023071
1073 0.9011601150023071
1074 0.9011601150023071
1075 0.9011601150023071
1076 0.9011601150023071
1077 0.9011601150023071
1078 0.9011601150023071
1079 0.9011601150023071
1080 0.9011601150023071
1081 0.9011601150023071
1082 0.9011601150023071
1083 0.9011601150023071
1084 0.9011601150023071
1085 0.9011601150023071
1086 0.9011601150023071
1087 0.9011601150023071
1088 0.9011604127884668
1089 0.9011604127884668
1090 0.9011604127884668
1091 0.9011604127884668
1092 0.9011604127884668
1093 0.9011604127884668
1094 0.9011604127884668
1095 0.9011604127884668
1096 0.9011604127884668
1097 0.9011604127884668
1098 0.9011604513114115
1099 0.9011604513114115
1100 0.9011604513114115
1101 0.901161087136781
1102 0.901161087136781
1103 0.901161087136781
1104 0.901161087136781
1105 0.901161087136781
1106 0.901161087136781
1107 0.901161087136781
1108 0.901161087136781
1109 0.901161087136781
1110 0.901161087136781
1111 0.901161087136781
1112 0.901161087136781
1113 0.901161087136781
1114 0.901161087136781
1115 0.9011611590195906
1116 0.901161204935106
1117 0.9011617112001419
1118 0.9011617112001419
1119 0.9011617112001419
1120 0.9011617112001419
1121 0.9011617112001419
1122 0.9011617112001419
1123 0.9011617112001419
1124 0.9011617112001419
1125 0.9011617112001419
1126 0.9011617881570719
1127 0.9011617881570719
1128 0.9011617881570719
1129 0.9011618607512705
1130 0.901162228971623
1131 0.901162228971623
1132 0.901162228971623
1133 0.901162228971623
1134 0.901162228971623
1135 0.901162228971623
1136 0.9011625320802326
1137 0.9011625320802326
1138 0.9011625320802326
1139 0.9011625320802326
1140 0.9011625320802326
1141 0.9011625320802326
1142 0.9011625320802326
1143 0.9011625320802326
1144 0.9011625320802326
1145 0.9011625320802326
1146 0.9011625320802326
1147 0.9011625320802326
1148 0.9011625912038402
1149 0.9011625912038402
1150 0.9011625912038402
1151 0.9011625912038402
1152 0.9011625912038402
1153 0.9011632688700125
1154 0.9011632688700125
1155 0.9011632688700125
1156 0.9011632688700125
1157 0.9011632688700125
1158 0.9011632688700125
1159 0.9011632688700125
1160 0.9011632688700125
1161 0.9011632688700125
1162 0.9011632688700125
1163 0.9011632688700125
1164 0.9011632688700125
1165 0.9011632688700125
1166 0.9011632688700125
1167 0.9011632688700125
1168 0.9011632688700125
1169 0.9011632688700125
1170 0.9011632688700125
1171 0.9011632688700125
1172 0.9011632688700125
1173 0.9011632688700125
