000 0.2014543058625354
001 0.265884565247109
002 0.3730382382676468
003 0.4226266555868527
004 0.5158459473900343
005 0.6180754345933411
006 0.6860672503367956
007 0.7319975969523165
008 0.7319975969523165
009 0.7648092827479985
010 0.7665131854548854
011 0.779560021734287
012 0.7952622618853061
013 0.7981345358945211
014 0.8081475736023023
015 0.8152933064839016
016 0.8283454322220419
017 0.8294071222524655
018 0.8321432955113547
019 0.8331303583905055
020 0.8345844878816727
021 0.8346304841820867
022 0.8346304841820867
023 0.8346304841820867
024 0.836698686900639
025 0.836698686900639
026 0.836698686900639
027 0.836698686900639
028 0.836698686900639
029 0.836698686900639
030 0.8368637126416296
031 0.8368637126416296
032 0.8368637126416296
033 0.8368637126416296
034 0.8420380390744983
035 0.8424869743674679
036 0.8436991917779656
037 0.8438465297161819
038 0.8440665017331527
039 0.8442337855266407
040 0.8447335079653051
041 0.8450754376902949
042 0.8452826997259407
043 0.8454997546200037
044 0.8455125161690253
045 0.845527338775757
046 0.845527338775757
047 0.845527338775757
048 0.845527338775757
049 0.845698276249313
050 0.8461625799719424
051 0.8469670334575083
052 0.8469670334575083
053 0.8472507474147724
054 0.8474939865555764
055 0.8476820034998982
056 0.8478328112775566
057 0.8478558688888298
058 0.848098627345794
059 0.8480986924208146
060 0.8481681860886302
061 0.8483620199228876
062 0.8484650774312926
063 0.8487357263940659
064 0.8489019340080974
065 0.8491000266103526
066 0.8493454464745436
067 0.8495123048419304
068 0.8499968092522558
069 0.8500962504219162
070 0.8503804880661677
071 0.8504677394868817
072 0.8506828494947163
073 0.8509821325017191
074 0.8512141803434404
075 0.8512141803434404
076 0.851326180809528
077 0.8514522504907469
078 0.8517920729699662
079 0.8519708194211872
080 0.8521689915814603
081 0.8528093619727786
082 0.8532571648015672
083 0.8533723957230516
084 0.8539490301809674
085 0.8545934101978434
086 0.8551368940392122
087 0.8553771199454999
088 0.85574285804918
089 0.8557739706072971
090 0.8558778853858399
091 0.8560131298732847
092 0.856015348218181
093 0.8560475428266469
094 0.8561634228602566
095 0.8561835982052435
096 0.8572268353956907
097 0.8573816189445804
098 0.8574612642305636
099 0.8578700174621858
100 0.8578700174621858
101 0.8579700662220379
102 0.8580286176664828
103 0.8580411815936231
104 0.8580539994627095
105 0.8581011947362289
106 0.8581667970595824
107 0.8583635389328461
108 0.8585131830381809
109 0.8586273873247575
110 0.8587899045686923
111 0.8588095625446012
112 0.8588818110662515
113 0.8590017240216424
114 0.8590561927171547
115 0.8591327192944285
116 0.8592955372710517
117 0.8594182765545466
118 0.8594182765545466
119 0.8595852223757994
120 0.8597416798049159
121 0.8597416798049159
122 0.8597854944778247
123 0.8598780640328595
124 0.8598886082078849
125 0.8599512474725397
126 0.8599512474725397
127 0.8599904454504493
128 0.8600530986778965
129 0.8601022980832734
130 0.860128440812854
131 0.8602038066890322
132 0.8602038066890322
133 0.8602394116302347
134 0.8602862423770498
135 0.8602965790721541
136 0.8604410920027995
137 0.8604410920027995
138 0.8604577788955073
139 0.8604586217469927
140 0.8604729011490082
141 0.8604949454841707
142 0.8605098261435683
143 0.8605595325076941
144 0.8605910636354515
145 0.8606548050069197
146 0.8606548050069197
147 0.8606967045312086
148 0.8607017489699156
149 0.8607361955229973
150 0.8607361955229973
151 0.8607361955229973
152 0.8607507190885757
153 0.8607782744455792
154 0.8607782744455792
155 0.8607865318135474
156 0.860816240311488
157 0.8608239767238587
158 0.8608533411040274
159 0.8608533411040274
160 0.8608614801445938
161 0.8608845241668833
162 0.8609033861055423
163 0.8609195619824109
164 0.8609195619824109
165 0.8609205906697653
166 0.8609447980704373
167 0.8609447980704373
168 0.8609540717863146
169 0.8610007653675887
170 0.8610007653675887
171 0.8610007653675887
172 0.8610007653675887
173 0.8610165037654925
174 0.8610173079106966
175 0.86103777255435
176 0.861051886387062
177 0.8610609525427616
178 0.861061085381712
179 0.861061085381712
180 0.8610689010630223
181 0.8610794290707257
182 0.8610794290707257
183 0.861084396378348
184 0.8610876734348768
185 0.8611032398483396
186 0.8611032398483396
187 0.8611032398483396
188 0.861110192865808
189 0.861110192865808
190 0.8611248705738856
191 0.8611248705738856
192 0.8611278477188538
193 0.8611331947030549
194 0.8611331947030549
195 0.8611335708288178
196 0.8611335708288178
197 0.8611463257520222
198 0.8611463257520222
199 0.8611470850244392
200 0.8611626452828266
201 0.8611626452828266
202 0.8611626452828266
203 0.8611723165585322
204 0.8611723165585322
205 0.8611723165585322
206 0.8611901172885659
207 0.8611901172885659
208 0.8611921387601933
209 0.8611921387601933
210 0.8611921387601933
211 0.8611941351711977
212 0.8611941351711977
213 0.8611993377900931
214 0.8611994335397886
215 0.8612096196827623
216 0.8612150933581394
217 0.8612150933581394
218 0.8612150933581394
219 0.8612163599186264
220 0.8612166804281639
221 0.8612166804281639
222 0.8612269834812268
223 0.8612329148297491
224 0.8612329148297491
225 0.8612329148297491
226 0.8612344140697816
227 0.8612366711577752
228 0.8612462396048327
229 0.8612462396048327
230 0.8612462396048327
231 0.8612462396048327
232 0.8612462396048327
233 0.8612515782903662
234 0.8612551305405678
235 0.8612551305405678
236 0.8612551305405678
237 0.8612620185002776
238 0.8612620185002776
239 0.8612620185002776
240 0.8612620185002776
241 0.8612620185002776
242 0.8612620185002776
243 0.8612640312127476
244 0.8612648427235757
245 0.8612727120041546
246 0.8612727120041546
247 0.8612727993465115
248 0.8612727993465115
249 0.8612739273900185
250 0.8612739273900185
251 0.861274055552686
252 0.8612776353116375
253 0.8612814821702802
254 0.8612814821702802
255 0.8612847721191532
256 0.8612847721191532
257 0.8612847721191532
258 0.8612851418137333
259 0.8612889046808436
260 0.8612889046808436
261 0.8612892845183295
262 0.8612892845183295
263 0.861290081156799
264 0.8612915591800546
265 0.8612915591800546
266 0.8612915591800546
267 0.861295634467844
268 0.861295634467844
269 0.861295634467844
270 0.861295634467844
271 0.8612976510087414
272 0.8612976510087414
273 0.8612976510087414
274 0.861299655758175
275 0.8612996725639906
276 0.8613023288799918
277 0.8613023288799918
278 0.8613023288799918
279 0.8613023288799918
280 0.8613023288799918
281 0.861305489346831
282 0.861305489346831
283 0.861305489346831
284 0.861305489346831
285 0.8613056993915569
286 0.8613056993915569
287 0.8613066499733388
288 0.8613095517750755
289 0.8613095517750755
290 0.8613095517750755
291 0.861314472854425
292 0.861314472854425
293 0.861314472854425
294 0.861314472854425
295 0.861314472854425
296 0.861314472854425
297 0.861314472854425
298 0.861314472854425
299 0.861314472854425
300 0.8613154754109791
301 0.8613166239719646
302 0.8613166239719646
303 0.861318848060553
304 0.861318848060553
305 0.861318848060553
306 0.861318848060553
307 0.861318848060553
308 0.861318848060553
309 0.861318848060553
310 0.8613188799537642
311 0.8613190554942234
312 0.8613197544115572
313 0.8613224139466598
314 0.8613224139466598
315 0.8613224139466598
316 0.8613232147423936
317 0.8613232147423936
318 0.8613243517708609
319 0.8613243517708609
320 0.8613243517708609
321 0.8613243517708609
322 0.8613248783560686
323 0.8613248783560686
324 0.861327510342537
325 0.861327510342537
326 0.861329314655717
327 0.861329314655717
328 0.861329314655717
329 0.861329314655717
330 0.861329314655717
331 0.861329314655717
332 0.8613293299789699
333 0.8613296027837201
334 0.8613323119620081
335 0.8613323119620081
336 0.8613323119620081
337 0.8613323119620081
338 0.8613323119620081
339 0.8613323119620081
340 0.8613323119620081
341 0.8613337268106428
342 0.8613337268106428
343 0.8613337268106428
344 0.8613337268106428
345 0.8613340273505343
346 0.8613340273505343
347 0.8613343043687279
348 0.8613346567348196
349 0.8613346567348196
350 0.8613362879484285
351 0.8613362879484285
352 0.8613362879484285
353 0.8613362879484285
354 0.861336757252336
355 0.861336757252336
356 0.861336757252336
357 0.861336757252336
358 0.861336757252336
359 0.86133762479010
360 0.86133762479010
361 0.86133762479010
362 0.86133762479010
363 0.8613379411316339
364 0.8613379411316339
365 0.8613379411316339
366 0.8613379411316339
367 0.8613379411316339
368 0.8613392672763028
369 0.8613392672763028
370 0.8613392672763028
371 0.8613392672763028
372 0.8613392672763028
373 0.8613392672763028
374 0.8613392672763028
375 0.8613403665651862
376 0.8613403665651862
377 0.8613403665651862
378 0.8613403665651862
379 0.8613403665651862
380 0.8613403665651862
381 0.8613403665651862
382 0.8613403665651862
383 0.8613427088641679
384 0.8613427088641679
385 0.8613427088641679
386 0.8613427088641679
387 0.8613427302956597
388 0.8613427302956597
389 0.8613427302956597
390 0.8613427302956597
391 0.8613427302956597
392 0.8613427302956597
393 0.8613427302956597
394 0.8613429142952733
395 0.861344369843025
396 0.861344369843025
397 0.861344369843025
398 0.861344369843025
399 0.861344369843025
400 0.8613446209903677
401 0.8613446209903677
402 0.8613446209903677
403 0.8613446209903677
404 0.8613448412117666
405 0.8613453001008382
406 0.861345544978203
407 0.8613457090835827
408 0.8613457090835827
409 0.8613457090835827
410 0.861345990174554
411 0.8613460225644656
412 0.8613460225644656
413 0.8613462101156841
414 0.8613462101156841
415 0.86134669436873
416 0.86134669436873
417 0.86134669436873
418 0.86134669436873
419 0.86134669436873
420 0.8613473503625662
421 0.8613473503625662
422 0.8613473503625662
423 0.8613473503625662
424 0.8613473503625662
425 0.8613473503625662
426 0.8613473503625662
427 0.8613479367476236
428 0.8613479367476236
429 0.8613479367476236
430 0.8613479367476236
431 0.8613481931545243
432 0.8613481931545243
433 0.8613482123056613
434 0.8613483397184999
435 0.8613483397184999
436 0.861348457936499
437 0.8613489013902378
438 0.8613489013902378
439 0.8613489013902378
440 0.8613489013902378
441 0.8613489013902378
442 0.8613489013902378
443 0.8613489013902378
444 0.8613489013902378
445 0.8613489013902378
446 0.8613489013902378
447 0.8613489013902378
448 0.861349671861064
449 0.861349671861064
450 0.861349671861064
451 0.861349671861064
452 0.861349671861064
453 0.861349671861064
454 0.861349671861064
455 0.861349671861064
456 0.861349671861064
457 0.861349671861064
458 0.861350068764262
459 0.861350068764262
460 0.861350068764262
461 0.861350068764262
462 0.861350068764262
463 0.861350068764262
464 0.861350068764262
465 0.8613504499863084
466 0.8613504766419824
467 0.8613507567904283
468 0.8613507567904283
469 0.8613507567904283
470 0.8613507567904283
471 0.8613507567904283
472 0.8613509028205042
473 0.8613509028205042
474 0.8613509028205042
475 0.8613511958067583
476 0.8613511958067583
477 0.8613511958067583
478 0.8613511958067583
479 0.8613511958067583
480 0.8613511958067583
481 0.8613511958067583
482 0.8613511958067583
483 0.8613511958067583
484 0.8613511958067583
485 0.8613511958067583
486 0.8613516737540492
487 0.8613516737540492
488 0.8613516737540492
489 0.8613516737540492
490 0.8613516737540492
491 0.861351727190377
492 0.861351727190377
493 0.861351727190377
494 0.861351727190377
495 0.861351727190377
496 0.8613523869658998
497 0.8613523869658998
498 0.8613523869658998
499 0.8613523869658998
500 0.8613523869658998
501 0.8613523869658998
502 0.8613523869658998
503 0.8613523869658998
504 0.8613523869658998
505 0.8613523869658998
506 0.8613523869658998
507 0.8613523869658998
508 0.8613523869658998
509 0.8613523869658998
510 0.8613523869658998
511 0.8613526871041878
512 0.8613526871041878
513 0.8613526871041878
514 0.8613526871041878
515 0.8613526871041878
516 0.8613526871041878
517 0.8613526871041878
518 0.8613526871041878
519 0.8613529309502242
520 0.8613529309502242
521 0.8613529309502242
522 0.8613529309502242
523 0.8613529309502242
524 0.8613531893610242
525 0.8613531893610242
526 0.8613531893610242
527 0.8613531893610242
528 0.8613531893610242
529 0.8613533583984911
530 0.861353760886276
531 0.861353760886276
532 0.861353760886276
533 0.861353760886276
534 0.8613540937903144
535 0.8613540937903144
536 0.8613541566633282
537 0.8613541566633282
538 0.8613541566633282
539 0.8613541566633282
540 0.8613541566633282
541 0.8613541566633282
542 0.8613541566633282
543 0.8613541566633282
544 0.8613541566633282
545 0.8613541566633282
546 0.8613541566633282
547 0.8613545188537639
548 0.8613545188537639
549 0.8613545188537639
550 0.8613545188537639
551 0.8613545188537639
552 0.8613545188537639
553 0.8613545188537639
554 0.8613545188537639
555 0.8613545871301259
556 0.8613545871301259
557 0.8613546421821645
558 0.8613546421821645
559 0.8613546421821645
560 0.8613546421821645
561 0.8613546421821645
562 0.8613546531733062
563 0.8613548472486035
564 0.8613548472486035
565 0.8613548472486035
566 0.8613548472486035
567 0.8613548472486035
568 0.8613556629281135
569 0.8613556629281135
570 0.8613556629281135
571 0.8613556629281135
572 0.8613556629281135
573 0.8613556629281135
574 0.8613556629281135
575 0.8613556629281135
576 0.8613556629281135
577 0.8613556629281135
578 0.8613556629281135
579 0.8613556629281135
580 0.8613556629281135
581 0.8613556629281135
582 0.8613556629281135
583 0.8613556629281135
584 0.8613556629281135
585 0.8613556629281135
586 0.8613556629281135
587 0.8613556629281135
588 0.8613556629281135
