000 0.10097877001669042
001 0.21307708177823204
002 0.2581807952619861
003 0.3368528115408661
004 0.3972432414224293
005 0.4954779542025771
006 0.4954779542025771
007 0.5309968490992673
008 0.5752679743205443
009 0.6384470517283981
010 0.7017295538744353
011 0.7357763981268878
012 0.7507879430763323
013 0.79321770948672
014 0.79321770948672
015 0.8203780802904567
016 0.8260843687140301
017 0.8388291741286796
018 0.8435214728479338
019 0.8450554971255875
020 0.8523823795424095
021 0.8523823795424095
022 0.8540832109171108
023 0.8542229245329088
024 0.8549945645613293
025 0.8569501122041766
026 0.8569501122041766
027 0.8577452133771822
028 0.8577452133771822
029 0.858275347664427
030 0.8672857618431383
031 0.8677933902400894
032 0.8677933902400894
033 0.8677933902400894
034 0.8690222537388609
035 0.8690222537388609
036 0.8690222537388609
037 0.8700161759080813
038 0.8700161759080813
039 0.8710723518586356
040 0.8716759210966469
041 0.8729180292144685
042 0.8729180292144685
043 0.8736131849184581
044 0.8736131849184581
045 0.8736131849184581
046 0.8736131849184581
047 0.8751700433532535
048 0.8751700433532535
049 0.8751700433532535
050 0.8751700433532535
051 0.8751700433532535
052 0.8751700433532535
053 0.8781325365616429
054 0.8804199831638548
055 0.8830595350871171
056 0.8863635639713601
057 0.8881050360454332
058 0.8901025010034282
059 0.8914129393218018
060 0.8927320060730114
061 0.8928686112965829
062 0.8934208734243181
063 0.8934208734243181
064 0.893451926997127
065 0.8934803152546984
066 0.8934828823950307
067 0.89388509577158
068 0.8939117705011129
069 0.8939117705011129
070 0.8972065096516505
071 0.8987207807930389
072 0.9000551994204747
073 0.9020177307313473
074 0.9030141772258113
075 0.9040204314699819
076 0.9047218080535486
077 0.9047497533085992
078 0.9050702555967634
079 0.9050943041229577
080 0.9051426952976783
081 0.9051788526252333
082 0.9051889304742325
083 0.9051950457311472
084 0.9051997017054526
085 0.908191405307913
086 0.9092367473614353
087 0.9102331428205295
088 0.9111783905696887
089 0.9111916504213263
090 0.9114325541981011
091 0.9121482335732988
092 0.9122200280274154
093 0.9124506771716169
094 0.9125052940321376
095 0.9125696708783895
096 0.9125696708783895
097 0.9125696708783895
098 0.9149651000639194
099 0.9153570237711682
100 0.9159426322677485
101 0.916963128016211
102 0.9177676221758354
103 0.9183874579493254
104 0.9183874579493254
105 0.918425339414227
106 0.9184253692203371
107 0.9184974644098646
108 0.9184974644098646
109 0.9185677314419279
110 0.9185837654641531
111 0.9185837956708844
112 0.9213149205306815
113 0.9217494828447227
114 0.9221756970942135
115 0.9221830912365658
116 0.9228263015066622
117 0.9233464163954705
118 0.9233778340776502
119 0.9234167724515079
120 0.9234178667391105
121 0.9234178667391105
122 0.9248019421742234
123 0.9248019421742234
124 0.9248019421742234
125 0.9248019421742234
126 0.925175228020641
127 0.925175228020641
128 0.9260184828812521
129 0.9266442394078741
130 0.9276049615098494
131 0.9277697169115081
132 0.9277782758771264
133 0.9279909170996076
134 0.9281740776818886
135 0.9281740776818886
136 0.9284805992179096
137 0.9285482452382978
138 0.9285540893331722
139 0.9285625826023612
140 0.9293808047419818
141 0.9296501689873287
142 0.9298510432954235
143 0.9299493249503296
144 0.9302148655348268
145 0.9304120979583181
146 0.9305814116689712
147 0.9307219696140018
148 0.9308606104517488
149 0.9309365057929572
150 0.9314030044454956
151 0.9316265933527316
152 0.9319341572860097
153 0.9320344127270511
154 0.9324236949056913
155 0.9327483840534442
156 0.932929750913015
157 0.9332368428147666
158 0.9338136364282115
159 0.9340319517465601
160 0.9343701622861728
161 0.9345684287388518
162 0.9347894196293722
163 0.9350310373081927
164 0.9350988579502129
165 0.935244280476261
166 0.935244280476261
167 0.9352618134665177
168 0.9353351239175987
169 0.9355013492202197
170 0.9356214304658442
171 0.9357213280584108
172 0.9360153122123853
173 0.9361718897936557
174 0.9362755031560154
175 0.9363252020215266
176 0.9364770050249506
177 0.9366484321702035
178 0.9366495109233745
179 0.9368019956332133
180 0.9370405729925232
181 0.9370796709769491
182 0.9370945219841905
183 0.9372539734745203
184 0.9372827373019975
185 0.9373252323724196
186 0.9373880437036363
187 0.9374959489623703
188 0.9376038505920822
189 0.9376038505920822
190 0.9376515803881862
191 0.9377034379199964
192 0.9379257751185738
193 0.9380264778449553
194 0.9380656185435317
195 0.9381727828256279
196 0.9381767908438343
197 0.9382484304526756
198 0.9382783693447568
199 0.9383990536810138
200 0.9383990536810138
201 0.9384049501891307
202 0.9384279813644719
203 0.9384412630896589
204 0.9385495559823963
205 0.9385683384845894
206 0.9385860514910949
207 0.938661713777417
208 0.9387067158366846
209 0.9387757901760275
210 0.9387757901760275
211 0.9387945724271112
212 0.9388282868163476
213 0.9388469019455881
214 0.938898419226346
215 0.938953711440222
216 0.9389719653084523
217 0.9389842855367583
218 0.9389991173791066
219 0.9390553473231305
220 0.9390553473231305
221 0.9390559943847161
222 0.9391194805275502
223 0.9391194805275502
224 0.9391194805275502
225 0.9391440034086666
226 0.9391449924509917
227 0.9391806947987242
228 0.9392286771024323
229 0.9392286771024323
230 0.9392586613805974
231 0.9392592056251649
232 0.9392892811925745
233 0.9392892811925745
234 0.939305736365987
235 0.9393278149673372
236 0.939345507696775
237 0.9393801798002123
238 0.939383679665641
239 0.9394285458945902
240 0.9394285458945902
241 0.9394634539902673
242 0.9394634539902673
243 0.9394649827595261
244 0.9394654926339426
245 0.9395232646988576
246 0.9395232646988576
247 0.9395311625977065
248 0.9395311625977065
249 0.9395520074972029
250 0.9395578625548106
251 0.9395659953297777
252 0.9395806977995046
253 0.9395850625438467
254 0.9396050965402958
255 0.9396458268980223
256 0.9396458268980223
257 0.9396458268980223
258 0.9396515000760761
259 0.9396515000760761
260 0.9396639537176491
261 0.939694032543328
262 0.9396944067791397
263 0.9397043083991221
264 0.9397043083991221
265 0.939727073249875
266 0.9397311857711572
267 0.9397311857711572
268 0.9397434549080762
269 0.9397689125297584
270 0.9397814867863791
271 0.9397814867863791
272 0.9397937922704674
273 0.9398039514273971
274 0.9398116416784716
275 0.9398332776554102
276 0.9398332776554102
277 0.9398351997933652
278 0.9398402345708016
279 0.9398402345708016
280 0.9398503271609484
281 0.9398931626241888
282 0.9398931626241888
283 0.9398931626241888
284 0.9399039987732483
285 0.9399039987732483
286 0.9399039987732483
287 0.9399072797576704
288 0.9399084814363965
289 0.9399255357185469
290 0.9399255357185469
291 0.9399255357185469
292 0.9399296200063999
293 0.9399427936281102
294 0.9399427936281102
295 0.9399670410787673
296 0.9399670410787673
297 0.939973304359276
298 0.9399753325130074
299 0.9399753325130074
300 0.9399833752670107
301 0.9399992407211752
302 0.9399992407211752
303 0.9399992407211752
304 0.9400018449010737
305 0.9400123557398136
306 0.9400123557398136
307 0.9400123557398136
308 0.9400167834727905
309 0.9400222005756554
310 0.9400225312585521
311 0.9400225312585521
312 0.9400279026546392
313 0.9400314296571679
314 0.9400342138289012
315 0.9400409912244898
316 0.9400409912244898
317 0.9400439549212752
318 0.9400439549212752
319 0.9400527910711018
320 0.9400527910711018
321 0.9400576374859034
322 0.9400593091927659
323 0.9400632359838553
324 0.9400684642273553
325 0.9400684642273553
326 0.940077084431852
327 0.940082143799082
328 0.940082143799082
329 0.9401006447754994
330 0.9401006447754994
331 0.9401006447754994
332 0.9401034548261227
333 0.9401034548261227
334 0.9401139770641945
335 0.9401222551327794
336 0.9401222551327794
337 0.9401222551327794
338 0.9401245753643314
339 0.9401245753643314
340 0.9401394367319106
341 0.9401394367319106
342 0.9401394367319106
343 0.940140558778991
344 0.9401446908790768
345 0.9401446908790768
346 0.9401524179561669
347 0.9401532591311995
348 0.9401547475257838
349 0.9401595374402316
350 0.9401595374402316
351 0.9401595374402316
352 0.9401632872930357
353 0.9401755752912727
354 0.9401755752912727
355 0.9401755752912727
356 0.9401755752912727
357 0.9401842946169608
358 0.9401842946169608
359 0.9401842946169608
360 0.9401842946169608
361 0.9401893576909954
362 0.9401930875829456
363 0.9401932863679189
364 0.940200497552652
365 0.940200497552652
366 0.940200497552652
367 0.9402010408118152
368 0.9402010408118152
369 0.940202492667936
370 0.9402070625927846
371 0.9402070625927846
372 0.9402070625927846
373 0.9402074979612461
374 0.9402105954360866
375 0.9402150392408409
376 0.9402150392408409
377 0.9402150392408409
378 0.9402185843825686
379 0.9402185843825686
380 0.9402185843825686
381 0.9402216446275463
382 0.9402216446275463
383 0.9402216446275463
384 0.9402248012728178
385 0.9402248012728178
386 0.9402306405683619
387 0.9402306405683619
388 0.9402306405683619
389 0.9402306405683619
390 0.94023121396921
391 0.94023121396921
392 0.9402362590007542
393 0.9402379213246812
394 0.9402379213246812
395 0.9402384461085874
396 0.9402463474110365
397 0.9402463474110365
398 0.9402463474110365
399 0.9402482674058249
400 0.9402482674058249
401 0.9402485481309433
402 0.9402485481309433
403 0.9402485481309433
404 0.9402485481309433
405 0.9402559861511255
406 0.9402559861511255
407 0.9402559861511255
408 0.9402559861511255
409 0.9402559861511255
410 0.9402559861511255
411 0.9402559861511255
412 0.9402559861511255
413 0.9402567400459847
414 0.9402588509494678
415 0.9402588509494678
416 0.9402588509494678
417 0.9402588509494678
418 0.9402588509494678
419 0.940267734562468
420 0.940267734562468
421 0.940267734562468
422 0.940267734562468
423 0.940267734562468
424 0.9402699480517401
425 0.9402711094646523
426 0.9402711094646523
427 0.9402715012522714
428 0.9402753190984317
429 0.9402768092182671
430 0.9402769820428488
431 0.940277607165489
432 0.9402820640739339
433 0.9402845278337681
434 0.9402845278337681
435 0.9402845278337681
436 0.9402845278337681
437 0.9402894239223375
438 0.9402894239223375
439 0.9402894239223375
440 0.9402914629943321
441 0.9402914629943321
442 0.9402945354521258
443 0.9402945354521258
444 0.9402945354521258
445 0.9402945354521258
446 0.9402945354521258
447 0.9402948527707504
448 0.9402956003376794
449 0.9402956003376794
450 0.9402956003376794
451 0.9402960849751322
452 0.9402981403242497
453 0.9402986914437055
454 0.9402996207481685
455 0.9402996207481685
456 0.9402996207481685
457 0.9402996207481685
458 0.9403011849083451
459 0.9403011849083451
460 0.9403013492831899
461 0.9403013492831899
462 0.9403013492831899
463 0.9403020586968717
464 0.9403032689331331
465 0.9403034275803804
466 0.9403040218022037
467 0.9403040218022037
468 0.9403049519665253
469 0.9403049519665253
470 0.9403053555007052
471 0.9403053555007052
472 0.9403053555007052
473 0.9403060693616832
474 0.940306976197999
475 0.9403074697634946
476 0.9403074697634946
477 0.9403075541720894
478 0.9403081019820488
479 0.940308684232065
480 0.940308684232065
481 0.9403098782650878
482 0.9403120112406766
483 0.9403120112406766
484 0.9403120112406766
485 0.9403120112406766
486 0.9403120112406766
487 0.9403120112406766
488 0.940313522629518
489 0.940313522629518
490 0.940313522629518
491 0.940313522629518
492 0.940313522629518
493 0.940313522629518
494 0.940313522629518
495 0.9403142158131528
496 0.9403142158131528
497 0.9403142158131528
498 0.9403142979037605
499 0.9403152336680304
500 0.9403152336680304
501 0.9403155325428807
502 0.9403167240756217
503 0.9403167240756217
504 0.9403167647038831
505 0.9403174863297725
506 0.9403174863297725
507 0.9403174863297725
508 0.9403174863297725
509 0.9403174863297725
510 0.9403199533061339
511 0.9403199533061339
512 0.9403199533061339
513 0.9403199533061339
514 0.9403199533061339
515 0.9403199533061339
516 0.9403199533061339
517 0.9403203770178571
518 0.9403224747826916
519 0.9403224747826916
520 0.9403224747826916
521 0.9403224747826916
522 0.9403229614544627
523 0.9403240412029502
524 0.9403240412029502
525 0.9403240412029502
526 0.9403269659179952
527 0.9403269659179952
528 0.940328066345246
529 0.940328066345246
530 0.940328066345246
531 0.9403284789308031
532 0.9403284789308031
533 0.9403312821319904
534 0.9403312821319904
535 0.9403312821319904
536 0.9403312821319904
537 0.9403312821319904
538 0.9403334472597868
539 0.9403334472597868
540 0.9403334472597868
541 0.9403334472597868
542 0.9403334472597868
543 0.9403341782873116
544 0.9403341782873116
545 0.9403341782873116
546 0.9403341782873116
547 0.9403355767140545
548 0.9403363494494478
549 0.9403363494494478
550 0.9403363494494478
551 0.9403363494494478
552 0.9403363494494478
553 0.9403363494494478
554 0.9403363494494478
555 0.9403366523418353
556 0.9403366523418353
557 0.9403366523418353
558 0.9403369540595695
559 0.9403369540595695
560 0.9403369776975474
561 0.9403369776975474
562 0.9403375758355955
563 0.9403375758355955
564 0.9403376528169064
565 0.9403376528169064
566 0.9403376528169064
567 0.9403383379563018
568 0.9403390049883275
569 0.9403390049883275
570 0.9403390049883275
571 0.9403390049883275
572 0.9403390049883275
573 0.9403390049883275
574 0.9403390049883275
575 0.9403390049883275
576 0.9403391230475907
577 0.9403391230475907
578 0.9403391817961376
579 0.9403396522743454
580 0.9403407904119689
581 0.9403407904119689
582 0.9403407963658195
583 0.9403408636049735
584 0.940342082564646
585 0.940342082564646
586 0.940342082564646
587 0.940342082564646
588 0.940342082564646
589 0.940342082564646
590 0.940342082564646
591 0.940342082564646
592 0.9403422387522966
593 0.9403423613591286
594 0.9403423613591286
595 0.9403423613591286
596 0.940342433307643
597 0.9403434041873397
598 0.9403434041873397
599 0.9403440807029999
600 0.9403440807029999
601 0.9403440807029999
602 0.9403440807029999
603 0.9403440807029999
604 0.9403457851174536
605 0.9403457851174536
606 0.9403457851174536
607 0.940349218027739
608 0.940349218027739
609 0.940349218027739
610 0.940349218027739
611 0.940349218027739
612 0.940349218027739
613 0.940349218027739
614 0.940349218027739
615 0.940349218027739
616 0.940349218027739
617 0.940349218027739
618 0.940349218027739
619 0.940349218027739
620 0.940349218027739
621 0.940349218027739
622 0.940349218027739
623 0.940349218027739
624 0.940350412859226
625 0.940350412859226
626 0.940350412859226
627 0.940350412859226
628 0.9403504452733575
629 0.9403504452733575
630 0.9403504452733575
631 0.9403504452733575
632 0.9403507472765839
633 0.9403514544530428
634 0.9403514544530428
635 0.9403514544530428
636 0.9403514544530428
637 0.9403521119450319
638 0.9403521119450319
639 0.9403521119450319
640 0.9403521119450319
641 0.9403521119450319
642 0.9403530876693961
643 0.9403530876693961
644 0.9403530876693961
645 0.9403530876693961
646 0.9403531555127799
647 0.9403534953540005
648 0.9403534953540005
649 0.9403534953540005
650 0.9403544708808764
651 0.9403544708808764
652 0.9403544708808764
653 0.9403544708808764
654 0.9403544708808764
655 0.9403544708808764
656 0.9403544708808764
657 0.9403544708808764
658 0.9403544708808764
659 0.9403544708808764
660 0.9403544891329044
661 0.940354580235851
662 0.940354580235851
663 0.940354580235851
664 0.9403547338391652
665 0.9403547338391652
666 0.9403547338391652
667 0.9403547338391652
668 0.9403552364049238
669 0.9403552364049238
670 0.9403562817431927
671 0.9403563430008912
672 0.9403563430008912
673 0.9403563430008912
674 0.9403565871817658
675 0.9403565871817658
676 0.9403569570431506
677 0.9403569570431506
678 0.9403569570431506
679 0.9403569570431506
680 0.9403569570431506
681 0.9403570230126914
682 0.9403570361634489
683 0.9403570361634489
684 0.9403570361634489
685 0.9403570361634489
686 0.9403572696689555
687 0.9403575455161108
688 0.9403579269507133
689 0.9403579269507133
690 0.9403579269507133
691 0.9403579269507133
692 0.9403579269507133
693 0.9403579269507133
694 0.9403580920626937
695 0.9403580920626937
696 0.9403580920626937
697 0.9403580920626937
698 0.9403580920626937
699 0.9403582843358858
700 0.9403582843358858
701 0.9403590917106044
702 0.9403590917106044
703 0.9403590917106044
704 0.9403590917106044
705 0.9403590917106044
706 0.9403594348740294
707 0.9403594348740294
708 0.9403594348740294
709 0.9403594348740294
710 0.9403594348740294
711 0.9403594348740294
712 0.9403594348740294
713 0.9403594348740294
714 0.9403594348740294
715 0.9403595777670365
716 0.9403607495282116
717 0.9403607495282116
718 0.940361210088508
719 0.940361210088508
720 0.940361210088508
721 0.940361210088508
722 0.940361210088508
723 0.940361210088508
724 0.940361210088508
725 0.940361210088508
726 0.940361210088508
727 0.940361210088508
728 0.940361210088508
729 0.9403618149823775
730 0.9403620049544402
731 0.9403620049544402
732 0.9403620049544402
733 0.9403620049544402
734 0.9403622851391105
735 0.9403625706166561
736 0.9403629438637698
737 0.9403629438637698
738 0.9403629438637698
739 0.9403629438637698
740 0.9403629438637698
741 0.9403634232634078
742 0.9403634232634078
743 0.9403634232634078
744 0.9403634232634078
745 0.9403634232634078
746 0.9403634232634078
747 0.9403634232634078
748 0.9403635057301422
749 0.9403640377209338
750 0.9403640377209338
751 0.9403640377209338
752 0.9403640377209338
753 0.9403640377209338
754 0.9403640377209338
755 0.9403640377209338
756 0.9403640377209338
757 0.9403640377209338
758 0.9403640377209338
759 0.9403640377209338
760 0.9403640377209338
761 0.9403640377209338
762 0.9403640377209338
763 0.9403640377209338
764 0.9403640956944493
765 0.9403640956944493
766 0.9403640956944493
767 0.9403641352709823
768 0.9403641352709823
769 0.9403641352709823
770 0.9403641352709823
771 0.940364251438199
772 0.940364251438199
773 0.9403643390664843
774 0.9403643390664843
775 0.9403644074208615
776 0.9403645968851934
777 0.9403645968851934
778 0.9403645968851934
779 0.9403645968851934
780 0.9403645968851934
781 0.9403645968851934
782 0.9403645968851934
783 0.9403645968851934
784 0.9403645968851934
785 0.9403646151554187
786 0.9403646151554187
787 0.9403646151554187
788 0.9403646151554187
789 0.9403646809223927
790 0.9403646809223927
791 0.9403646809223927
792 0.9403646809223927
793 0.9403646809223927
794 0.9403648094978655
795 0.9403648094978655
796 0.9403648094978655
797 0.9403648094978655
798 0.940364905876764
799 0.940364905876764
800 0.940364905876764
801 0.9403654242766504
802 0.9403654242766504
803 0.9403654242766504
804 0.9403654242766504
805 0.9403654242766504
806 0.9403654242766504
807 0.9403654242766504
808 0.9403654242766504
809 0.9403654242766504
810 0.9403654242766504
811 0.9403654242766504
812 0.9403659035966127
813 0.9403659035966127
814 0.9403659035966127
815 0.9403659035966127
816 0.9403659035966127
817 0.9403659035966127
818 0.9403659035966127
819 0.9403659035966127
820 0.9403659035966127
821 0.9403659035966127
822 0.9403659035966127
823 0.9403660576300314
824 0.9403660576300314
825 0.9403660576300314
826 0.9403660576300314
827 0.9403660576300314
828 0.9403664264225754
829 0.9403664264225754
830 0.9403664264225754
831 0.9403665677034684
832 0.9403665677034684
833 0.9403665677034684
834 0.9403665677034684
835 0.9403665677034684
836 0.9403665677034684
837 0.9403665677034684
838 0.9403665677034684
839 0.9403665677034684
840 0.9403667037937905
841 0.9403667037937905
842 0.9403667037937905
843 0.9403667037937905
844 0.9403667037937905
845 0.940367431743593
846 0.940367431743593
847 0.940367431743593
848 0.940367431743593
849 0.9403674731389776
850 0.9403674731389776
851 0.9403674731389776
852 0.9403674731389776
853 0.9403674731389776
854 0.9403674731389776
855 0.9403674896287315
856 0.9403674896287315
857 0.9403679040947368
858 0.9403679040947368
859 0.9403679040947368
860 0.9403679040947368
861 0.9403679475178869
862 0.9403679475178869
863 0.9403679475178869
864 0.9403680450037916
865 0.9403680450037916
866 0.9403680450037916
867 0.9403680450037916
868 0.9403681734279704
869 0.9403681943596004
870 0.9403683684222391
871 0.9403683684222391
872 0.9403683684222391
873 0.9403683684222391
874 0.9403683684222391
875 0.9403683684222391
876 0.9403685067390454
877 0.9403687071468648
878 0.9403687071468648
879 0.9403687071468648
880 0.9403687071468648
881 0.9403687071468648
882 0.9403690208109557
883 0.9403690208109557
884 0.9403690208109557
885 0.9403690208109557
886 0.9403690208109557
887 0.9403691626478197
888 0.9403691626478197
889 0.9403691626478197
890 0.9403691626478197
891 0.9403691626478197
892 0.9403691626478197
893 0.9403691626478197
894 0.9403694753007688
895 0.9403694753007688
896 0.9403694753007688
897 0.9403694753007688
898 0.9403694753007688
899 0.9403694753007688
900 0.9403694753007688
901 0.9403694753007688
902 0.9403694753007688
903 0.9403694753007688
904 0.9403695094448171
905 0.9403695094448171
906 0.9403695094448171
907 0.9403699772756209
908 0.9403699772756209
909 0.9403699772756209
910 0.9403699821621095
911 0.9403699821621095
912 0.9403699821621095
913 0.9403699821621095
914 0.9403701094314869
915 0.9403701094314869
916 0.9403701094314869
917 0.9403705470464145
918 0.9403705470464145
919 0.9403705470464145
920 0.9403705470464145
921 0.9403705470464145
922 0.9403705470464145
923 0.9403705470464145
924 0.9403705470464145
925 0.9403705470464145
926 0.9403711283482743
927 0.9403711283482743
928 0.9403711283482743
929 0.9403711283482743
930 0.9403711283482743
931 0.9403711283482743
932 0.9403711283482743
933 0.9403711283482743
934 0.9403711283482743
935 0.9403711283482743
936 0.9403711283482743
937 0.9403711283482743
938 0.9403711283482743
939 0.9403711283482743
940 0.9403711283482743
941 0.9403711283482743
942 0.9403711283482743
943 0.9403711283482743
944 0.9403714704143832
945 0.9403714704143832
946 0.9403714704143832
947 0.9403714704143832
948 0.9403714704143832
949 0.9403714704143832
950 0.9403714704143832
951 0.9403714704143832
952 0.9403715161253607
953 0.9403715161253607
954 0.9403715161253607
955 0.9403715161253607
956 0.9403715161253607
957 0.9403715161253607
958 0.9403715161253607
959 0.9403715161253607
960 0.9403717670060688
961 0.9403717670060688
962 0.9403717670060688
963 0.9403717670060688
964 0.9403717670060688
965 0.9403717670060688
966 0.9403717670060688
967 0.9403717670060688
968 0.9403717670060688
969 0.9403717670060688
970 0.9403717670060688
971 0.9403717670060688
972 0.9403723877704652
973 0.9403723877704652
974 0.9403723877704652
975 0.9403723877704652
976 0.9403723877704652
977 0.9403723877704652
978 0.9403723877704652
979 0.9403723877704652
980 0.9403723877704652
981 0.9403723877704652
982 0.9403723877704652
983 0.9403723877704652
984 0.9403723877704652
985 0.9403723877704652
986 0.9403723877704652
987 0.9403723877704652
988 0.9403723877704652
989 0.9403723877704652
990 0.9403723877704652
991 0.9403723877704652
992 0.9403723877704652
