000 0.33254670750122506
001 0.33254670750122506
002 0.4547832999445456
003 0.5361434238441969
004 0.6024449842502397
005 0.6332104488403765
006 0.7221297986252827
007 0.7573000927535923
008 0.767661671162605
009 0.7943704843620049
010 0.8142062142414813
011 0.8352831164294129
012 0.8443854218960222
013 0.8571143175598313
014 0.8658511059268967
015 0.8689538385510812
016 0.8706158498604969
017 0.8706434267302859
018 0.8706434267302859
019 0.8706434267302859
020 0.8706434267302859
021 0.8706434267302859
022 0.8728352782686396
023 0.8728352782686396
024 0.8728352782686396
025 0.8728352782686396
026 0.8728352782686396
027 0.8728352782686396
028 0.8750875689703836
029 0.8750875689703836
030 0.8750875689703836
031 0.8750875689703836
032 0.8750875689703836
033 0.8750875689703836
034 0.8750875689703836
035 0.8751564615924781
036 0.8751564615924781
037 0.8751564615924781
038 0.8763262554778666
039 0.8776513978905099
040 0.8782444627268585
041 0.8789032295441358
042 0.879143628241254
043 0.8793609002634813
044 0.8796294800533561
045 0.8796967194350509
046 0.8797904002302814
047 0.8799617869236503
048 0.8799877506919906
049 0.8799878603795938
050 0.8799886316521338
051 0.8805250621815199
052 0.8808834360749093
053 0.8809937503111585
054 0.8811031238199235
055 0.881176035731943
056 0.8812698626808358
057 0.8814309609456928
058 0.8815250388906705
059 0.8816574995758527
060 0.8816574995758527
061 0.8817424841038164
062 0.88190901833944
063 0.882000881966075
064 0.8821700223439348
065 0.8821700223439348
066 0.8821700223439348
067 0.8823336761516506
068 0.8823702265000394
069 0.8824068094015274
070 0.8824574715786999
071 0.8824641589607547
072 0.8825040390377853
073 0.8825741760889213
074 0.8825741760889213
075 0.8825741760889213
076 0.8825949966258361
077 0.8826076948279038
078 0.8826076948279038
079 0.8826198335842173
080 0.8826202209981648
081 0.8826202209981648
082 0.88263579329261
083 0.88263579329261
084 0.8826366168689209
085 0.8826414672586886
086 0.8826489384665966
087 0.8826512390678739
088 0.8826555580807998
089 0.8826555580807998
090 0.8826555580807998
091 0.8826555580807998
092 0.8826555580807998
093 0.8826566752559272
094 0.8826599492581122
095 0.8826599492581122
096 0.8826599492581122
097 0.8826599492581122
098 0.8826629492407907
099 0.8826629492407907
100 0.8826629492407907
101 0.8826629492407907
102 0.8826645930345044
103 0.8826646852006435
104 0.8826646852006435
105 0.8826646956892612
106 0.8826647135305447
107 0.8826647135305447
108 0.8826647135305447
109 0.8826670632279849
110 0.8826675526611897
111 0.8826675526611897
112 0.8826675526611897
113 0.8826675526611897
114 0.8826675526611897
115 0.8826675526611897
116 0.8826684080533529
117 0.8826684080533529
118 0.8826684080533529
119 0.8826684080533529
120 0.8826684080533529
121 0.8826704067334524
122 0.8826704067334524
123 0.8826704067334524
124 0.8826704067334524
125 0.8826704067334524
126 0.8826704067334524
127 0.8826704067334524
128 0.8826715615289296
129 0.8826715615289296
130 0.8826726142105134
131 0.8826726142105134
132 0.8826726142105134
133 0.8826726142105134
134 0.8826726142105134
135 0.8826731305841902
136 0.8826731305841902
137 0.8826731305841902
138 0.8826731305841902
139 0.8826731305841902
140 0.8826731630162159
141 0.8826731630162159
142 0.8826739105157199
143 0.8826739105157199
144 0.8826739105157199
145 0.8826743279577148
146 0.8826743279577148
147 0.8826743279577148
148 0.8826745717133924
149 0.8826745717133924
150 0.8826745717133924
151 0.8826752484799083
152 0.8826753936028182
153 0.8826753936028182
154 0.8826753936028182
155 0.8826753936028182
156 0.8826753936028182
157 0.8826753936028182
158 0.8826753936028182
159 0.8826753936028182
160 0.8826760484146272
161 0.8826760484146272
162 0.8826760484146272
163 0.8826761318764613
164 0.8826761318764613
165 0.8826761318764613
166 0.882676936328981
167 0.882676936328981
168 0.882676936328981
169 0.882676936328981
170 0.882676936328981
171 0.882676936328981
172 0.882676936328981
173 0.882676936328981
174 0.882676936328981
175 0.882676936328981
176 0.882676936328981
177 0.882676936328981
178 0.882676936328981
179 0.882676936328981
180 0.882676936328981
181 0.8826770647911174
182 0.8826770647911174
183 0.8826770647911174
184 0.8826770647911174
185 0.8826770874567832
186 0.8826770874567832
187 0.8826770874567832
188 0.8826770874567832
189 0.8826770874567832
190 0.8826773754711182
191 0.8826773754711182
192 0.8826773754711182
193 0.8826775190480775
194 0.8826775190480775
195 0.8826775190480775
196 0.8826775190480775
197 0.8826775190480775
198 0.8826775190480775
199 0.8826775190480775
200 0.8826775190480775
201 0.8826776731904553
202 0.8826776731904553
203 0.8826776731904553
204 0.8826776731904553
205 0.8826776731904553
206 0.8826776804365952
207 0.8826779068629413
208 0.8826779844247127
209 0.8826780838427046
210 0.8826780838427046
211 0.8826780838427046
212 0.8826781410542937
213 0.8826781410542937
214 0.8826781410542937
215 0.8826781410542937
216 0.8826781410542937
217 0.8826781410542937
218 0.8826781410542937
219 0.8826785159856018
220 0.8826785159856018
221 0.8826785159856018
222 0.8826785159856018
223 0.8826785159856018
224 0.8826785159856018
225 0.8826785159856018
226 0.8826785159856018
227 0.8826785159856018
228 0.882678869339891
229 0.882678869339891
230 0.882678869339891
231 0.882678869339891
232 0.882678869339891
233 0.882678869339891
234 0.882678869339891
235 0.882678869339891
236 0.882678869339891
237 0.882678869339891
238 0.882678869339891
239 0.882678869339891
240 0.882678869339891
241 0.882678869339891
242 0.8826789307849423
243 0.8826789307849423
244 0.882679057040027
245 0.882679057040027
246 0.882679057040027
247 0.882679057040027
248 0.882679266207295
249 0.882679266207295
250 0.882679266207295
251 0.882679266207295
252 0.882679266207295
253 0.882679266207295
254 0.882679266207295
255 0.882679266207295
256 0.882679266207295
257 0.882679266207295
258 0.882679266207295
259 0.882679266207295
260 0.8826793081071507
261 0.8826793081071507
262 0.8826794869473776
263 0.8826794869473776
264 0.8826794869473776
265 0.8826794869473776
266 0.8826794869473776
267 0.8826794869473776
268 0.8826795396253573
269 0.8826795396253573
270 0.8826795396253573
271 0.8826795396253573
272 0.8826795396253573
273 0.8826795396253573
274 0.8826795396253573
275 0.8826795396253573
276 0.8826795396253573
277 0.8826795396253573
278 0.8826795396253573
279 0.8826795396253573
280 0.8826795396253573
281 0.8826795396253573
282 0.8826795396253573
283 0.8826795396253573
284 0.8826795396253573
285 0.8826795396253573
286 0.8826795396253573
287 0.8826795396253573
288 0.8826795396253573
