000 0.39528947549785154
001 0.6131692540696523
002 0.6131692540696523
003 0.6332382893475497
004 0.6976530160642485
005 0.744568800498862
006 0.7680758803894813
007 0.7790975094527526
008 0.7815613909885479
009 0.7899884809175978
010 0.7899884809175978
011 0.7899884809175978
012 0.7926881519378719
013 0.7926881519378719
014 0.7934586890705256
015 0.7934586890705256
016 0.7934586890705256
017 0.7934586890705256
018 0.7934586890705256
019 0.7935066150275324
020 0.7935066150275324
021 0.7953328966433333
022 0.7953328966433333
023 0.795813964346695
024 0.7961909517582809
025 0.7961909517582809
026 0.7961909517582809
027 0.7961909517582809
028 0.7961909517582809
029 0.7961909517582809
030 0.7961909517582809
031 0.7974444799183736
032 0.7980311208422628
033 0.7990668526112765
034 0.7992388348854155
035 0.7998060364068061
036 0.7998850080093342
037 0.7998895427770523
038 0.7998895427770523
039 0.7998895427770523
040 0.7999030180511352
041 0.7999030180511352
042 0.7999030180511352
043 0.800277890309768
044 0.8008276539573284
045 0.8011708420520738
046 0.8014095161934182
047 0.8016341443661265
048 0.8016341443661265
049 0.8016467791791084
050 0.8016777038955514
051 0.8017021978606265
052 0.8017446581413942
053 0.8017799460850822
054 0.8018263247348905
055 0.8018263247348905
056 0.8018701868305989
057 0.8018701868305989
058 0.801880052401724
059 0.801880052401724
060 0.801880052401724
061 0.8018831368266495
062 0.8018831368266495
063 0.8018876728116459
064 0.8018957558397602
065 0.8018990326893831
066 0.8019091803545854
067 0.8019091803545854
068 0.8019153560643031
069 0.8019153560643031
070 0.801917987585998
071 0.8019213186932842
072 0.8019213186932842
073 0.8019213186932842
074 0.8019213186932842
075 0.8019213186932842
076 0.8019245434914027
077 0.8019265160822723
078 0.8019265160822723
079 0.8019265160822723
080 0.8019265160822723
081 0.8019267217154066
082 0.8019267217154066
083 0.8019267217154066
084 0.8019267217154066
085 0.8019286709963496
086 0.8019286709963496
087 0.8019286709963496
088 0.8019286709963496
089 0.8019286709963496
090 0.8019298651700892
091 0.8019298651700892
092 0.8019298651700892
093 0.8019298651700892
094 0.8019301219986036
095 0.8019301219986036
096 0.8019301219986036
097 0.8019301219986036
098 0.8019301219986036
099 0.8019301219986036
100 0.8019301406053376
101 0.8019306612478311
102 0.801930669861189
103 0.801930669861189
104 0.801930669861189
105 0.8019312902856701
106 0.8019312902856701
107 0.8019312902856701
108 0.8019312902856701
109 0.8019312902856701
110 0.8019312902856701
111 0.8019312902856701
112 0.8019312902856701
113 0.8019312902856701
114 0.8019312902856701
115 0.8019312902856701
116 0.8019312902856701
117 0.8019312902856701
118 0.8019312902856701
119 0.8019312902856701
120 0.8019312902856701
121 0.8019312902856701
122 0.8019312902856701
123 0.8019312902856701
124 0.8019317312325281
125 0.8019317312325281
126 0.8019317312325281
127 0.8019317312325281
128 0.8019317312325281
129 0.8019317312325281
130 0.8019317312325281
131 0.8019317312325281
132 0.8019320037628036
133 0.8019320037628036
134 0.8019320037628036
135 0.8019320037628036
136 0.8019320037628036
137 0.8019320037628036
138 0.8019320037628036
139 0.8019320202927132
140 0.8019320202927132
141 0.8019320202927132
142 0.8019320202927132
143 0.8019320202927132
144 0.8019320202927132
145 0.8019320202927132
146 0.8019320202927132
147 0.8019320202927132
148 0.8019320457990363
149 0.8019320649691468
150 0.8019320649691468
151 0.8019320649691468
152 0.8019320649691468
153 0.801932188046708
154 0.801932188046708
155 0.801932188046708
156 0.801932188046708
157 0.801932188046708
158 0.801932188046708
159 0.801932188046708
160 0.801932188046708
161 0.801932188046708
162 0.8019323690493715
163 0.8019323690493715
164 0.8019323690493715
165 0.8019323690493715
166 0.8019323690493715
167 0.8019323690493715
168 0.8019323794130219
169 0.8019323794130219
170 0.8019323794130219
171 0.8019323794130219
172 0.8019323794130219
173 0.8019323794130219
174 0.8019325217868699
175 0.8019325217868699
176 0.8019325217868699
177 0.8019325217868699
178 0.8019326566057409
179 0.8019326566057409
180 0.8019326566057409
181 0.8019326566057409
182 0.8019326566057409
183 0.8019326566057409
184 0.8019326566057409
185 0.8019326566057409
186 0.8019326566057409
187 0.8019326566057409
188 0.8019326566057409
189 0.8019326566057409
190 0.8019326566057409
191 0.8019326566057409
192 0.8019326566057409
193 0.8019326566057409
194 0.8019326566057409
195 0.8019326566057409
196 0.8019326566057409
197 0.8019326566057409
198 0.8019326566057409
