000 0.20565676838609304
001 0.2520721728405679
002 0.3308413311181335
003 0.6053938392600642
004 0.632298944521559
005 0.6593331613712379
006 0.7225337887238727
007 0.7901093403332818
008 0.8276249793248531
009 0.8436834071381165
010 0.8724521216379436
011 0.8724521216379436
012 0.8745499914898853
013 0.8861752331901499
014 0.8903875798233591
015 0.8904894391198104
016 0.893266233723015
017 0.8949307849074133
018 0.8951302672411839
019 0.8953764193515975
020 0.8955224451271553
021 0.8955344913540478
022 0.8955344913540478
023 0.8955344913540478
024 0.8955344913540478
025 0.8955344913540478
026 0.8955344913540478
027 0.8976094387577888
028 0.8990739828205905
029 0.8991018376621353
030 0.9000576222127254
031 0.9001762812784098
032 0.9006987196411113
033 0.9008855928102899
034 0.9008855928102899
035 0.9010235405759217
036 0.9010237182738499
037 0.9011106688308473
038 0.9011997507368583
039 0.9012120936782689
040 0.9027606908028651
041 0.9028707871485789
042 0.9031219389350651
043 0.9031870870472412
044 0.9032916453539149
045 0.9033441905981587
046 0.9044087460181975
047 0.9044805005832024
048 0.9045174482855661
049 0.9045649850162274
050 0.9058857459602753
051 0.9062867487371447
052 0.9064107696086227
053 0.9070777183754442
054 0.9072328638361316
055 0.9072328638361316
056 0.9073537107806684
057 0.9074488219296686
058 0.9074827504579666
059 0.9075574576091732
060 0.9075656717436661
061 0.9086516266846875
062 0.9088603953738177
063 0.9089046305503011
064 0.9090441625131612
065 0.9093810354826587
066 0.9094809188681229
067 0.9095026637009495
068 0.9096022099764176
069 0.9097182339324874
070 0.9098697162009265
071 0.9101680652564093
072 0.9106376090553896
073 0.9110801043128207
074 0.9110801043128207
075 0.911137070274653
076 0.9113163578457716
077 0.9113930108677101
078 0.9114838821946588
079 0.9115549605447931
080 0.9116608026701021
081 0.9117482412786636
082 0.9117482412786636
083 0.9118337458449591
084 0.9118589814804213
085 0.9118589814804213
086 0.9119224903294797
087 0.9119717700500728
088 0.911989195517223
089 0.911989195517223
090 0.911989195517223
091 0.9120076914412752
092 0.9120329808298863
093 0.9120916235302595
094 0.9120916235302595
095 0.9121572448867827
096 0.9121572448867827
097 0.9121572448867827
098 0.9121572448867827
099 0.9121810071588446
100 0.9122053483516512
101 0.9122053483516512
102 0.9122062113717021
103 0.9122062113717021
104 0.9122065446068323
105 0.9122155201868276
106 0.912220108600374
107 0.9122426177366516
108 0.9122479192200522
109 0.9122556256342387
110 0.9122616526731852
111 0.9122702739233856
112 0.912278512419493
113 0.9123009219830601
114 0.9123009219830601
115 0.9123009219830601
116 0.9123113876463399
117 0.9123164400332092
118 0.9123212551930742
119 0.9123212551930742
120 0.9123265310769083
121 0.9123330695458284
122 0.9123445871358042
123 0.9123445871358042
124 0.9123445871358042
125 0.9123445871358042
126 0.9123464107070101
127 0.9123543748917626
128 0.912366052458655
129 0.9123776683621252
130 0.9123776683621252
131 0.9123776683621252
132 0.9123839608403224
133 0.9123839608403224
134 0.9123863732583395
135 0.9123884686423126
136 0.9123896636968318
137 0.9123919781170522
138 0.9123945410124928
139 0.9123945410124928
140 0.9124027464667341
141 0.9124027464667341
142 0.9124032376957907
143 0.912406619732394
144 0.9124263394346298
145 0.9124263394346298
146 0.9124263394346298
147 0.9124263394346298
148 0.9124263394346298
149 0.9124263394346298
150 0.9124263394346298
151 0.9124293878931549
152 0.9124316654664892
153 0.9124316654664892
154 0.9124367150052958
155 0.9124367150052958
156 0.9124367150052958
157 0.9124369003128976
158 0.9124376664083206
159 0.9124435655408761
160 0.9124449167780285
161 0.9124466925829833
162 0.9124480680738078
163 0.9124480680738078
164 0.912449892675568
165 0.912449892675568
166 0.9124510065833853
167 0.9124525642942994
168 0.9124549544266602
169 0.9124549544266602
170 0.9124583545067573
171 0.9124583545067573
172 0.9124604876710731
173 0.912464565435247
174 0.912464565435247
175 0.912464565435247
176 0.912464565435247
177 0.9124683275432794
178 0.9124696746156358
179 0.9124696746156358
180 0.9124701126522103
181 0.9124701126522103
182 0.9124733084254192
183 0.9124733084254192
184 0.9124746084014921
185 0.9124746084014921
186 0.912474748376087
187 0.912474748376087
188 0.9124771632954327
189 0.9124778054880921
190 0.9124780744783334
191 0.9124848274837957
192 0.9124848274837957
193 0.9124848274837957
194 0.9124848274837957
195 0.9124848274837957
196 0.9124854941771918
197 0.9124854941771918
198 0.9124872636026332
199 0.9124872636026332
200 0.9124872636026332
201 0.9124872636026332
202 0.9124872636026332
203 0.912487579184727
204 0.912487579184727
205 0.9124889311699755
206 0.912490032629362
207 0.9124920921794477
208 0.9124920921794477
209 0.9124920921794477
210 0.9124921136001034
211 0.9124934189529886
212 0.9124934189529886
213 0.9124934189529886
214 0.9124934189529886
215 0.9124943880331696
216 0.9124943880331696
217 0.9124943880331696
218 0.9124946348217668
219 0.9124948589425305
220 0.9124972955822612
221 0.9124972955822612
222 0.9124979366771911
223 0.9124979366771911
224 0.9124979366771911
225 0.9124979366771911
226 0.9124979366771911
227 0.9124979366771911
228 0.9125007532081879
229 0.9125007532081879
230 0.9125023154244702
231 0.9125023154244702
232 0.9125023154244702
233 0.9125023154244702
234 0.9125023154244702
235 0.9125023154244702
236 0.9125023154244702
237 0.9125023154244702
238 0.9125023154244702
239 0.9125025247353394
240 0.9125034340395283
241 0.9125038668019906
242 0.9125038668019906
243 0.9125038668019906
244 0.9125038668019906
245 0.9125049631844799
246 0.9125049654861188
247 0.9125049654861188
248 0.9125049654861188
249 0.9125049697526236
250 0.9125049697526236
251 0.9125049697526236
252 0.9125058767780732
253 0.9125058767780732
254 0.9125058767780732
255 0.9125058767780732
256 0.9125058767780732
257 0.9125097656741885
258 0.9125097656741885
259 0.9125097656741885
260 0.9125097656741885
261 0.9125097656741885
262 0.9125097656741885
263 0.9125097656741885
264 0.9125097656741885
265 0.9125097656741885
266 0.9125097656741885
267 0.9125097656741885
268 0.9125097656741885
269 0.9125099674058016
270 0.9125099674058016
271 0.9125099674058016
272 0.912510083131291
273 0.912510083131291
274 0.912510083131291
275 0.912510083131291
276 0.9125105491696387
277 0.9125105491696387
278 0.9125105491696387
279 0.912511377188594
280 0.912511377188594
281 0.912511377188594
282 0.912511377188594
283 0.9125114385951774
284 0.912512469459766
285 0.912512469459766
286 0.912512469459766
287 0.912512469459766
288 0.912512469459766
289 0.9125126816068758
290 0.9125126816068758
291 0.9125126816068758
292 0.9125126816068758
293 0.9125126816068758
294 0.9125133700900068
295 0.9125133700900068
296 0.9125133700900068
297 0.9125133700900068
298 0.9125135092097971
299 0.9125135092097971
300 0.9125135092097971
301 0.9125135092097971
302 0.9125138851350565
303 0.9125138851350565
304 0.9125149591947752
305 0.9125149591947752
306 0.9125149591947752
307 0.9125149591947752
308 0.9125151037560013
309 0.9125151037560013
310 0.9125151037560013
311 0.9125151037560013
312 0.9125151037560013
313 0.9125151037560013
314 0.9125151037560013
315 0.9125152458798785
316 0.9125152458798785
317 0.9125152458798785
318 0.9125153805172395
319 0.9125153805172395
320 0.9125153805172395
321 0.9125155065037581
322 0.9125155146198157
323 0.9125155146198157
324 0.9125155146198157
325 0.9125155146198157
326 0.9125156901653172
327 0.9125156901653172
328 0.912516348977209
329 0.912516348977209
330 0.9125165331618496
331 0.9125173725932034
332 0.9125173725932034
333 0.9125173725932034
334 0.9125173725932034
335 0.9125173725932034
336 0.9125177845729584
337 0.9125177845729584
338 0.9125177845729584
339 0.9125177845729584
340 0.9125177845729584
341 0.9125177845729584
342 0.9125177845729584
343 0.9125177845729584
344 0.9125177845729584
345 0.9125177845729584
346 0.9125177845729584
347 0.9125178931515703
348 0.9125178931515703
349 0.9125178931515703
350 0.9125180562651248
351 0.9125180562651248
352 0.9125180562651248
353 0.9125180562651248
354 0.9125184395274318
355 0.9125184395274318
356 0.9125195961179606
357 0.9125195961179606
358 0.9125195961179606
359 0.9125195961179606
360 0.9125195961179606
361 0.9125195961179606
362 0.9125195961179606
363 0.9125195961179606
364 0.9125195961179606
365 0.9125195961179606
366 0.9125195961179606
367 0.9125195961179606
368 0.9125195961179606
369 0.9125195961179606
370 0.9125195961179606
371 0.9125195961179606
372 0.9125195961179606
373 0.9125195961179606
374 0.9125195961179606
375 0.9125195961179606
376 0.9125198383839777
