000 0.2188285865887617
001 0.306063345917589
002 0.32915513578437794
003 0.4163369663756578
004 0.5092523156713373
005 0.5817810485890617
006 0.619801758546253
007 0.6984459424534738
008 0.7390786249649297
009 0.7540435343721096
010 0.7822004360732598
011 0.8018663775913306
012 0.8054768437144622
013 0.8397245067964156
014 0.8397245067964156
015 0.8545234192770053
016 0.8665982190760085
017 0.8756642180432767
018 0.8833417791022341
019 0.8896050426439919
020 0.8925136310344656
021 0.8948784803608671
022 0.8960573130465999
023 0.8974028214747961
024 0.8980847969890919
025 0.8988806511584916
026 0.8991568900760553
027 0.8991627524263842
028 0.8998371936360243
029 0.9008322215346297
030 0.9009736536162817
031 0.9010865518209606
032 0.9010865518209606
033 0.9010865518209606
034 0.9010865518209606
035 0.9010865518209606
036 0.9017671629419433
037 0.9017671629419433
038 0.9017671629419433
039 0.9036213761213209
040 0.9043097904829961
041 0.9054420254620782
042 0.906106677585397
043 0.9062767195940316
044 0.9070515885510814
045 0.9075231977966229
046 0.9077011103247162
047 0.9077834492456219
048 0.907828692081481
049 0.9079533124367345
050 0.9080823876277053
051 0.9082405155142682
052 0.9083473133216156
053 0.9083606002664052
054 0.908719609835117
055 0.9089860717976039
056 0.9092545048511627
057 0.9095402862204396
058 0.9096573347419309
059 0.909801417477802
060 0.9098950723088165
061 0.9099635691991139
062 0.9100402986486432
063 0.9101360947189994
064 0.9101592889684426
065 0.9101724088456064
066 0.9101985848265164
067 0.9102058374598729
068 0.9102058374598729
069 0.9102206038878407
070 0.9102206038878407
071 0.9102452079778355
072 0.9102532873539784
073 0.91025893389441
074 0.9102679626583785
075 0.910286253134154
076 0.9103458211593789
077 0.9103458211593789
078 0.9107282630958615
079 0.9107282630958615
080 0.9108123495828581
081 0.9108388433598469
082 0.9110810143871843
083 0.9113036458424079
084 0.9114716875196696
085 0.9115088758132986
086 0.911850205781843
087 0.9119790577080338
088 0.9121369568856724
089 0.9121617154531717
090 0.9123478666657857
091 0.9123549848854923
092 0.9123594452483099
093 0.9123968867678864
094 0.9124286219204679
095 0.9124465615335282
096 0.9124576889630427
097 0.9124601943305953
098 0.9124653566921582
099 0.9124805882197783
100 0.9124805882197783
101 0.9124805882197783
102 0.9124851038706304
103 0.9125024294979559
104 0.9125024294979559
105 0.9125024294979559
106 0.9125103887723455
107 0.9125103887723455
108 0.9125116138650323
109 0.9125116138650323
110 0.9125117648112053
111 0.9125136621301806
112 0.9125170890383584
113 0.9125173580886593
114 0.9125208122116094
115 0.9125208122116094
116 0.9125208122116094
117 0.9125208122116094
118 0.9125208122116094
119 0.9125208122116094
120 0.9125208122116094
121 0.9125208122116094
122 0.9125208122116094
123 0.9125214013537654
124 0.9125217042493817
125 0.9125217042493817
126 0.9125219261354367
127 0.9125234664694036
128 0.9125234664694036
129 0.9125234664694036
130 0.9125234664694036
131 0.9125234664694036
132 0.9125234664694036
133 0.9125234664694036
134 0.9125234664694036
135 0.9125239102675269
136 0.9125244081001416
137 0.9125250610506825
138 0.9125250610506825
139 0.9125250610506825
140 0.9125250610506825
141 0.9125250610506825
142 0.9125250610506825
143 0.9125250610506825
144 0.9125250610506825
145 0.9125252137368849
146 0.9125252137368849
147 0.9125252824347103
148 0.9125252824347103
149 0.9125252824347103
150 0.9125252824347103
151 0.9125252995871189
152 0.9125254981202827
153 0.9125254981202827
154 0.9125254981202827
155 0.9125254981202827
156 0.9125260062351374
157 0.9125260062351374
158 0.9125260062351374
159 0.9125260982376838
160 0.9125260982376838
161 0.9125260982376838
162 0.9125261282720852
163 0.9125261282720852
164 0.9125261282720852
165 0.9125261282720852
166 0.9125261282720852
167 0.9125262887339088
168 0.9125262887339088
169 0.9125262887339088
170 0.9125262887339088
171 0.9125262887339088
172 0.9125262887339088
173 0.9125264052456172
174 0.9125264052456172
175 0.9125264052456172
176 0.9125264052456172
177 0.9125264052456172
178 0.9125264052456172
179 0.9125266635404753
180 0.9125266635404753
181 0.9125266635404753
182 0.9125266635404753
183 0.9125266635404753
184 0.9125266635404753
185 0.9125266635404753
186 0.9125266635404753
187 0.9125266635404753
188 0.9125266635404753
189 0.9125266635404753
190 0.9125266635404753
191 0.9125266635404753
192 0.9125266635404753
193 0.9125266635404753
194 0.9125266635404753
195 0.9125266635404753
196 0.9125266635404753
197 0.9125266635404753
198 0.9125266635404753
199 0.9125267724096223
