000 0.11219521919845897
001 0.1829273152181184
002 0.26691568946566224
003 0.3228900239872594
004 0.4547783512565751
005 0.4934337444315844
006 0.5420693226412142
007 0.5931441085456185
008 0.6826464244862458
009 0.7171578295563614
010 0.7171578295563614
011 0.7437759544920244
012 0.7461794023239603
013 0.7581007027791956
014 0.7846551735264129
015 0.803758101631614
016 0.803758101631614
017 0.8041595543441855
018 0.8083374521719484
019 0.8093612489470882
020 0.809878142230999
021 0.8100986843046134
022 0.8102262314574847
023 0.8102262314574847
024 0.8102379253038372
025 0.8130953804232303
026 0.8130953804232303
027 0.8131289585474389
028 0.8140047585431649
029 0.8140047585431649
030 0.8140047585431649
031 0.8140047585431649
032 0.8140047585431649
033 0.8140047585431649
034 0.8140047585431649
035 0.8244287618131858
036 0.825540180266528
037 0.8259898351141017
038 0.8265611323395661
039 0.8270915813827027
040 0.8274486002083278
041 0.8276961572023198
042 0.8281392645285074
043 0.8281392645285074
044 0.8281392645285074
045 0.8285691856220297
046 0.8285691856220297
047 0.8285691856220297
048 0.8285691856220297
049 0.8285709785576475
050 0.832455554371724
051 0.8333112514224205
052 0.833321349563479
053 0.8337528775005786
054 0.8337528775005786
055 0.8338119393174264
056 0.8338119393174264
057 0.8338422004073208
058 0.833920090250098
059 0.833920090250098
060 0.833920090250098
061 0.8341461398502401
062 0.8344788276551263
063 0.8346662793376476
064 0.8349914220666947
065 0.835058984625688
066 0.8352526344901461
067 0.8354794711754656
068 0.8356834376401101
069 0.8357532195841834
070 0.836026933722642
071 0.836154053067967
072 0.8362332418255071
073 0.8363969392554907
074 0.8364256191230874
075 0.8365270511532553
076 0.8366718057902857
077 0.8367597282766267
078 0.8368492193924308
079 0.8369440873559263
080 0.8370710657708677
081 0.8370710657708677
082 0.8370989977055132
083 0.837123882429383
084 0.8371674545654222
085 0.8372126383132853
086 0.8372697146253447
087 0.837301410377203
088 0.8373579918885911
089 0.8373896104768841
090 0.8374376321186353
091 0.8374493567790847
092 0.8375649556208263
093 0.8375649556208263
094 0.8375789393805798
095 0.8376032354618423
096 0.8376289800887395
097 0.8376289800887395
098 0.8376593506891752
099 0.8377005135693715
100 0.8377012408559817
101 0.8377089594098341
102 0.8377123184182744
103 0.8377398904344462
104 0.8377398904344462
105 0.8377581940976715
106 0.8377803310075882
107 0.8378012548986845
108 0.8378012548986845
109 0.8378180354400905
110 0.8378337049217548
111 0.8378503354390828
112 0.8378503354390828
113 0.8378503354390828
114 0.8378668416937783
115 0.837880948070182
116 0.8378997860224522
117 0.8378997860224522
118 0.8379621662399764
119 0.8379621662399764
120 0.8379621662399764
121 0.8379621662399764
122 0.8379660695905239
123 0.8379660695905239
124 0.8379660695905239
125 0.8379803956926087
126 0.8379803956926087
127 0.8379968578411837
128 0.838001492197589
129 0.8380113979050746
130 0.838015414876013
131 0.83803043254176
132 0.8380401994019574
133 0.8380401994019574
134 0.8380401994019574
135 0.8380419681666138
136 0.8380717360084595
137 0.8380717360084595
138 0.8380717360084595
139 0.8380893097411191
140 0.8380893097411191
141 0.8380988051581854
142 0.8380988051581854
143 0.8380988051581854
144 0.8381044104909812
145 0.8381044104909812
146 0.838115306047065
147 0.8381193982097959
148 0.8381193982097959
149 0.8381193982097959
150 0.8381217122444503
151 0.8381383683828083
152 0.8381383683828083
153 0.8381383683828083
154 0.8381383683828083
155 0.8381383683828083
156 0.8381518428781406
157 0.8381528217774016
158 0.8381528217774016
159 0.8381547313321405
160 0.8381547313321405
161 0.8381565004701022
162 0.838169315690592
163 0.838169315690592
164 0.838169315690592
165 0.8381696445378406
166 0.8381720534750693
167 0.8381720534750693
168 0.8381758655965854
169 0.8381758655965854
170 0.8381761539912908
171 0.8381843058103235
172 0.8381979789597198
173 0.8381979789597198
174 0.8382005329103067
175 0.8382010236172539
176 0.8382010236172539
177 0.8382010236172539
178 0.8382030805564095
179 0.8382059910721652
180 0.8382059910721652
181 0.8382114920895494
182 0.8382203687072808
183 0.8382231470093424
184 0.8382231470093424
185 0.8382231470093424
186 0.8382312094521777
187 0.8382312094521777
188 0.8382312094521777
189 0.838237460973075
190 0.8382376193201698
191 0.8382376193201698
192 0.8382377875492943
193 0.8382407377796383
194 0.8382425622343342
195 0.8382425622343342
196 0.8382453151166166
197 0.8382468419065694
198 0.8382508156732291
199 0.8382525832814121
200 0.83826284448752
201 0.83826284448752
202 0.83826284448752
203 0.83826284448752
204 0.83826284448752
205 0.83826284448752
206 0.83826284448752
207 0.83826284448752
208 0.83826284448752
209 0.8382641283173998
210 0.8382641283173998
211 0.8382641283173998
212 0.8382641283173998
213 0.8382652211086756
214 0.8382702581796531
215 0.8382702581796531
216 0.8382711443226756
217 0.8382748724159056
218 0.8382759821045218
219 0.8382774970454249
220 0.8382774970454249
221 0.8382774970454249
222 0.8382812934915334
223 0.8382812934915334
224 0.8382812934915334
225 0.8382849127678144
226 0.8382849127678144
227 0.8382879521321116
228 0.8382879521321116
229 0.8382879521321116
230 0.8382879521321116
231 0.8382910227962571
232 0.8382910227962571
233 0.8382910227962571
234 0.8382994360899432
235 0.8382994360899432
236 0.8382994360899432
237 0.8382994360899432
238 0.8382994360899432
239 0.8382994360899432
240 0.8382994360899432
241 0.8382994360899432
242 0.8382994360899432
243 0.8383021459865969
244 0.8383021459865969
245 0.8383021459865969
246 0.8383021459865969
247 0.8383021459865969
248 0.8383021459865969
249 0.8383021459865969
250 0.8383021459865969
251 0.8383021459865969
252 0.8383028296525449
253 0.8383028549141412
254 0.8383028978673164
255 0.8383030201862378
256 0.8383043976163599
257 0.8383071164401176
258 0.8383071164401176
259 0.8383071164401176
260 0.8383071164401176
261 0.8383071164401176
262 0.8383071164401176
263 0.8383071164401176
264 0.8383071164401176
265 0.8383071164401176
266 0.8383071164401176
267 0.8383080301550014
268 0.8383080301550014
269 0.838309999852727
270 0.8383101744169279
271 0.8383101744169279
272 0.8383101744169279
273 0.8383101744169279
274 0.8383101744169279
275 0.8383101744169279
276 0.8383110771519077
277 0.8383110771519077
278 0.8383110771519077
279 0.8383110771519077
280 0.8383110771519077
281 0.838311589464214
282 0.838311589464214
283 0.838311589464214
284 0.8383124316007281
285 0.8383132043027193
286 0.8383132043027193
287 0.8383132043027193
288 0.8383132043027193
289 0.8383139031544247
290 0.8383139031544247
291 0.8383139031544247
292 0.8383139031544247
293 0.838314419272515
294 0.838314419272515
295 0.838314419272515
296 0.838315260682013
297 0.838315260682013
298 0.8383163453281138
299 0.8383163453281138
300 0.8383163453281138
301 0.8383163453281138
302 0.8383163453281138
303 0.8383164568561332
304 0.8383164568561332
305 0.8383210903583015
306 0.8383210903583015
307 0.8383210903583015
308 0.8383210903583015
309 0.8383210903583015
310 0.8383210903583015
311 0.8383210903583015
312 0.8383210903583015
313 0.8383210903583015
314 0.8383210903583015
315 0.8383210995435456
316 0.8383227496595275
317 0.8383227496595275
318 0.8383229936073748
319 0.8383229936073748
320 0.8383229936073748
321 0.8383229936073748
322 0.8383229936073748
323 0.8383229936073748
324 0.8383235257878001
325 0.8383236128921321
326 0.8383236128921321
327 0.8383241758583302
328 0.8383241758583302
329 0.8383241758583302
330 0.8383241758583302
331 0.8383244484660168
332 0.8383254315305405
333 0.8383254315305405
334 0.8383254315305405
335 0.8383254315305405
336 0.8383254454510825
337 0.8383264426635678
338 0.8383264426635678
339 0.8383264426635678
340 0.8383264426635678
341 0.8383264426635678
342 0.8383264426635678
343 0.8383264426635678
344 0.8383264426635678
345 0.838327212160757
346 0.8383296278108421
347 0.8383296278108421
348 0.8383296278108421
349 0.8383296278108421
350 0.8383296278108421
351 0.8383296278108421
352 0.8383296278108421
353 0.8383296278108421
354 0.8383296278108421
355 0.8383296278108421
356 0.8383296278108421
357 0.8383296278108421
358 0.8383297972612553
359 0.8383305711960497
360 0.8383305711960497
361 0.8383305875293244
362 0.8383316786557584
363 0.8383316786557584
364 0.8383316786557584
365 0.8383316786557584
366 0.8383316786557584
367 0.8383316786557584
368 0.8383316786557584
369 0.8383316786557584
370 0.8383316786557584
371 0.8383321157427972
372 0.8383321157427972
373 0.8383326124962095
374 0.8383326124962095
375 0.8383326124962095
376 0.8383326124962095
377 0.83833325381994
378 0.83833325381994
379 0.83833325381994
380 0.83833325381994
381 0.83833325381994
382 0.83833325381994
383 0.83833325381994
384 0.8383348134434933
385 0.8383348134434933
386 0.83833541888743
387 0.83833541888743
388 0.83833541888743
389 0.8383354552150241
390 0.8383354552150241
391 0.8383354552150241
392 0.8383354552150241
393 0.8383354552150241
394 0.8383354552150241
395 0.8383355049500231
396 0.8383355049500231
397 0.8383355049500231
398 0.8383355049500231
399 0.8383365148611007
400 0.8383365148611007
401 0.8383365148611007
402 0.8383365148611007
403 0.8383374303652438
404 0.8383374303652438
405 0.8383375307303594
406 0.8383375307303594
407 0.8383375307303594
408 0.8383375307303594
409 0.8383379544199594
410 0.8383382808558174
411 0.8383382808558174
412 0.8383382808558174
413 0.8383382808558174
414 0.8383388331230881
415 0.8383388331230881
416 0.8383388331230881
417 0.8383388331230881
418 0.8383388331230881
419 0.8383388331230881
420 0.8383388331230881
421 0.8383388546759106
422 0.8383391968884042
423 0.8383391968884042
424 0.8383397841742692
425 0.8383397841742692
426 0.8383397841742692
427 0.8383397841742692
428 0.8383397841742692
429 0.8383397841742692
430 0.8383397841742692
431 0.8383397841742692
432 0.8383398116445298
433 0.8383398116445298
434 0.8383398116445298
435 0.8383401519257914
436 0.8383401519257914
437 0.8383401519257914
438 0.8383401519257914
439 0.8383403557569026
440 0.8383403557569026
441 0.8383403557569026
442 0.8383403557569026
443 0.8383403557569026
444 0.8383409114794272
445 0.8383409114794272
446 0.8383409114794272
447 0.8383409114794272
448 0.8383409114794272
449 0.8383409114794272
450 0.8383414996118145
451 0.8383414996118145
452 0.8383414996118145
453 0.8383414996118145
454 0.8383414996118145
455 0.8383414996118145
456 0.8383414996118145
457 0.8383416208645088
458 0.8383416208645088
459 0.8383416208645088
460 0.8383416208645088
461 0.8383416208645088
462 0.8383416208645088
463 0.8383416208645088
464 0.8383417941079002
465 0.8383417968659457
466 0.8383417968659457
467 0.8383417968659457
468 0.8383417968659457
469 0.8383429426393518
470 0.8383429426393518
471 0.8383429426393518
472 0.8383429426393518
473 0.8383429426393518
474 0.8383429426393518
475 0.8383429426393518
476 0.8383430862147085
477 0.8383430862147085
478 0.8383430862147085
479 0.8383430862147085
480 0.8383430862147085
481 0.8383430862147085
482 0.8383431005545108
483 0.8383434932879965
484 0.8383434932879965
485 0.8383434932879965
486 0.8383434932879965
487 0.8383434932879965
488 0.8383436399170499
489 0.8383436399170499
490 0.8383436399170499
491 0.8383436399170499
492 0.8383436399170499
493 0.8383436399170499
494 0.8383436399170499
495 0.8383436399170499
496 0.8383436399170499
497 0.8383439232860902
498 0.8383439232860902
499 0.8383439232860902
500 0.8383439232860902
501 0.8383439232860902
502 0.8383441812783453
503 0.8383441812783453
504 0.8383441812783453
505 0.8383441812783453
506 0.8383441812783453
507 0.8383441812783453
508 0.8383441812783453
509 0.8383441812783453
510 0.8383441812783453
511 0.8383441812783453
512 0.8383444612629846
513 0.8383444612629846
514 0.8383444612629846
515 0.838344658357934
516 0.838344658357934
517 0.838344658357934
518 0.838344658357934
519 0.8383447988146018
520 0.8383447988146018
521 0.8383447988146018
522 0.8383447988146018
523 0.8383450538057221
524 0.8383450538057221
525 0.8383450538057221
526 0.8383450538057221
527 0.8383450538057221
528 0.8383450538057221
529 0.8383450538057221
530 0.8383450538057221
531 0.8383452047308759
532 0.8383452047308759
533 0.8383453025742101
534 0.8383453025742101
535 0.8383453025742101
536 0.8383453025742101
537 0.8383453025742101
538 0.8383453025742101
539 0.8383455524042978
540 0.8383455524042978
541 0.8383456079860689
542 0.8383456079860689
543 0.8383456079860689
544 0.8383456079860689
545 0.8383456079860689
546 0.8383456079860689
547 0.8383456079860689
548 0.8383456079860689
549 0.8383456079860689
550 0.8383456079860689
551 0.8383456079860689
552 0.8383456079860689
553 0.8383456248995121
554 0.8383457327284135
555 0.8383457327284135
556 0.8383457327284135
557 0.8383457327284135
558 0.8383457327284135
559 0.8383457327284135
560 0.8383457327284135
561 0.8383459884917817
562 0.8383459884917817
563 0.8383459884917817
564 0.8383459884917817
565 0.8383459884917817
566 0.8383459884917817
567 0.8383459884917817
568 0.8383459884917817
569 0.8383459884917817
570 0.8383463765062128
571 0.8383463765062128
572 0.8383463765062128
573 0.8383463765062128
574 0.8383463765062128
575 0.8383463765062128
576 0.8383463765062128
577 0.8383463765062128
578 0.8383463765062128
579 0.8383463765062128
580 0.8383463765062128
581 0.8383463765062128
582 0.8383463765062128
583 0.8383463765062128
584 0.8383464142859891
585 0.8383464142859891
586 0.8383464142859891
587 0.8383464142859891
588 0.8383464142859891
589 0.8383464142859891
590 0.8383464142859891
591 0.8383464530081409
592 0.8383467032363583
593 0.8383467032363583
594 0.8383467032363583
595 0.8383467032363583
596 0.8383467032363583
597 0.8383467032363583
598 0.8383467032363583
599 0.8383467032363583
600 0.8383467155029779
601 0.8383467155029779
602 0.8383467507989855
603 0.8383467507989855
604 0.8383467507989855
605 0.8383467507989855
606 0.8383467507989855
607 0.8383468444726373
608 0.8383468444726373
609 0.8383468444726373
610 0.8383468444726373
611 0.838346854526275
612 0.8383470055354334
613 0.8383470055354334
614 0.8383470055354334
615 0.8383470055354334
616 0.8383470055354334
617 0.8383470055354334
618 0.8383470055354334
619 0.8383470055354334
620 0.8383470234838452
621 0.8383470651015174
622 0.8383470651015174
623 0.8383470651015174
624 0.8383470651015174
625 0.8383470651015174
626 0.8383470651015174
627 0.8383470651015174
628 0.8383472909959787
629 0.8383472909959787
630 0.8383472909959787
631 0.8383472909959787
632 0.8383472909959787
633 0.8383472909959787
634 0.8383472909959787
635 0.8383472909959787
636 0.8383472909959787
637 0.8383472909959787
638 0.8383472909959787
639 0.8383472909959787
640 0.8383472909959787
641 0.8383472909959787
642 0.8383472909959787
643 0.8383472909959787
644 0.8383472909959787
645 0.8383472909959787
646 0.8383472909959787
647 0.8383472956680919
648 0.8383472956680919
649 0.8383472956680919
650 0.8383473120632511
651 0.8383473120632511
652 0.8383473856714369
653 0.8383473856714369
654 0.838347496762676
655 0.838347496762676
656 0.838347496762676
657 0.838347496762676
658 0.838347496762676
659 0.838347496762676
660 0.838347496762676
661 0.838347496762676
662 0.838347496762676
663 0.838347496762676
664 0.838347496762676
665 0.838347496762676
666 0.8383476517859894
667 0.8383476517859894
668 0.8383479921783586
669 0.8383479921783586
670 0.8383479921783586
671 0.8383479921783586
672 0.8383479921783586
673 0.8383479921783586
674 0.8383479921783586
675 0.8383479921783586
676 0.8383479921783586
677 0.8383479921783586
678 0.8383479921783586
679 0.8383479921783586
680 0.8383479921783586
681 0.8383479921783586
682 0.8383479921783586
683 0.8383479921783586
684 0.8383479921783586
685 0.8383479921783586
686 0.8383479921783586
687 0.8383479921783586
688 0.8383479921783586
