000 0.1418589429430443
001 0.2093621174129563
002 0.3080362778790551
003 0.41081847097285684
004 0.4793450930295981
005 0.5408850920841135
006 0.6036544179656926
007 0.6341732101260967
008 0.6577278874347908
009 0.6783823716726828
010 0.7244637319350383
011 0.7413664220132151
012 0.7800796600779908
013 0.8097044073511176
014 0.8214403930760339
015 0.8351823440680326
016 0.8388980636501474
017 0.844663917384421
018 0.844663917384421
019 0.8465467946956113
020 0.8465467946956113
021 0.8493505544270775
022 0.8493505544270775
023 0.8493505544270775
024 0.8493505544270775
025 0.8493505544270775
026 0.8493505544270775
027 0.8494194880215189
028 0.8494194880215189
029 0.8505077556835227
030 0.85055144984033
031 0.8637600994256626
032 0.8651497457712009
033 0.866397141107484
034 0.8667353029576381
035 0.8679654043189717
036 0.8697509289531606
037 0.8703866254698486
038 0.8707756172049835
039 0.8712687422393073
040 0.8715077511103517
041 0.8719029710159996
042 0.8721119895066579
043 0.8721119895066579
044 0.8721119895066579
045 0.8721119895066579
046 0.8726976607512157
047 0.8726976607512157
048 0.8726976607512157
049 0.8794268995155625
050 0.8802070499161501
051 0.8815460766803483
052 0.8816156577332068
053 0.8818719396058748
054 0.8822096468356152
055 0.8826562402855145
056 0.8827260163285964
057 0.8828640640743438
058 0.8828640640743438
059 0.8828640640743438
060 0.8828640640743438
061 0.8841300307900604
062 0.8846975837656803
063 0.8849111797111313
064 0.8860049841767983
065 0.8860049841767983
066 0.8864505398625506
067 0.8867089214157968
068 0.886806728913263
069 0.8869609871908165
070 0.8869734032480525
071 0.8869734032480525
072 0.8869734032480525
073 0.8870227699599623
074 0.8881727328629302
075 0.8885909264253077
076 0.888768917289839
077 0.8889882159831899
078 0.8893800113452427
079 0.889606645393973
080 0.8897702710556097
081 0.8899131746433494
082 0.8899131746433494
083 0.8899222099110831
084 0.8899333633258002
085 0.8906660201673655
086 0.8912901062929697
087 0.8923179616802263
088 0.8926686553970566
089 0.893419504547401
090 0.8936989777430009
091 0.8944749588472257
092 0.894613405087852
093 0.894655245190215
094 0.8948858017981756
095 0.8955841392665171
096 0.8960079584607196
097 0.8961678880987276
098 0.8962027191823525
099 0.896204125440331
100 0.896204125440331
101 0.8962267198790999
102 0.8962267198790999
103 0.8962295128049359
104 0.8962295128049359
105 0.8969352125784547
106 0.8978515189557065
107 0.8982967085021472
108 0.8988814081685167
109 0.8992026996756843
110 0.8993757895596627
111 0.8996383774071071
112 0.8997241606288595
113 0.8997241606288595
114 0.8997581456071596
115 0.8997812646199119
116 0.8997812646199119
117 0.8997812646199119
118 0.9003930176975031
119 0.9007312013738755
120 0.9012091579633862
121 0.9013969523691661
122 0.9017451116890745
123 0.9020895676121066
124 0.9027642691184743
125 0.9031451701427081
126 0.9034673178210119
127 0.90371778412777
128 0.9041010462465706
129 0.9041010462465706
130 0.9041984416644486
131 0.9042553870598548
132 0.9043428696670077
133 0.9044690925790594
134 0.9045955493259719
135 0.9054104770753946
136 0.9059571587676329
137 0.9065260189142109
138 0.9075726713432712
139 0.908124456547769
140 0.9081780762281598
141 0.908352134151656
142 0.9089831793183829
143 0.9092799964101712
144 0.9094420383548988
145 0.9094420383548988
146 0.9094427531997428
147 0.9094463719028868
148 0.9094517072023266
149 0.9103988515013258
150 0.911076762908542
151 0.9117456310441154
152 0.9119603934247159
153 0.9122434899314754
154 0.9126298264479766
155 0.9128353524162409
156 0.9130738884188494
157 0.9133586730087722
158 0.913373079260605
159 0.913523460235691
160 0.913523460235691
161 0.9135243834862955
162 0.9135243834862955
163 0.9144257447350203
164 0.9147106782034871
165 0.9149960988848584
166 0.9150854178262845
167 0.9154358967770496
168 0.9155741709113705
169 0.9156370078627333
170 0.9156655180504683
171 0.9156655180504683
172 0.9156658995070797
173 0.9163419718991296
174 0.9164077452783633
175 0.9164077452783633
176 0.9164327581691931
177 0.9165249670626116
178 0.916558767086128
179 0.9166715990355369
180 0.9166715990355369
181 0.9167454842415319
182 0.9167469949471921
183 0.9167478722325987
184 0.9167712293475601
185 0.9168095442091797
186 0.9168181818842385
187 0.9168735908938279
188 0.9168735908938279
189 0.9168735908938279
190 0.9168743021895657
191 0.9168830958425198
192 0.9168908410839697
193 0.9169050351743293
194 0.9169235601223944
195 0.9169235601223944
196 0.916931167345992
197 0.916931167345992
198 0.9169380949830844
199 0.916939559923881
200 0.9169508810755342
201 0.9169583675911601
202 0.9169583675911601
203 0.9169583675911601
204 0.9169822007330296
205 0.9169822007330296
206 0.9169859754716067
207 0.9169859754716067
208 0.916999270239931
209 0.916999270239931
210 0.9170046641402563
211 0.9170057569592015
212 0.9170093269163598
213 0.9170176817813684
214 0.9170176817813684
215 0.9170176817813684
216 0.9170176817813684
217 0.9170247673210021
218 0.9170247673210021
219 0.9170310977703346
220 0.9170310977703346
221 0.9170310977703346
222 0.9170326909826115
223 0.9170361240099031
224 0.9170378751502453
225 0.9170390655602916
226 0.9170393422875571
227 0.9170504784489538
228 0.9170504784489538
229 0.9170522287056624
230 0.9170545713391502
231 0.9170592022685703
232 0.9170592022685703
233 0.9170592022685703
234 0.9170592022685703
235 0.9170592022685703
236 0.9170592022685703
237 0.9170603791213022
238 0.9170651665941343
239 0.9170651665941343
240 0.9170651665941343
241 0.9170651665941343
242 0.9170691783490842
243 0.9170691783490842
244 0.9170746506534712
245 0.9170766285095222
246 0.9170807772269813
247 0.9170807772269813
248 0.9170807772269813
249 0.9170807772269813
250 0.9170810480661723
251 0.9170810480661723
252 0.9170810480661723
253 0.9170810480661723
254 0.9170810480661723
255 0.9170811926155954
256 0.9170814655166978
257 0.9170814655166978
258 0.9170847936672543
259 0.9170847936672543
260 0.9170847936672543
261 0.917088116368997
262 0.917088116368997
263 0.917088116368997
264 0.917088116368997
265 0.9170900902085606
266 0.9170900902085606
267 0.9170911743261205
268 0.9170911743261205
269 0.9170911743261205
270 0.9170911743261205
271 0.9170911743261205
272 0.9170911743261205
273 0.9170926699463848
274 0.9170949776265355
275 0.9170971200874105
276 0.9170971200874105
277 0.9170971200874105
278 0.9170971200874105
279 0.9170971200874105
280 0.9170979530974707
281 0.9170990003472691
282 0.9170990003472691
283 0.9170999844241131
284 0.9170999844241131
285 0.9170999844241131
286 0.9170999844241131
287 0.9171010800431303
288 0.9171010800431303
289 0.9171010800431303
290 0.9171021177746488
291 0.917102696726362
292 0.9171031819206841
293 0.9171046335200281
294 0.9171046335200281
295 0.9171046335200281
296 0.9171046335200281
297 0.9171068830226259
298 0.9171078690860872
299 0.9171083748460434
300 0.9171083748460434
301 0.9171096327106533
302 0.9171117829591323
303 0.9171117829591323
304 0.9171117829591323
305 0.9171117829591323
306 0.9171117829591323
307 0.9171117829591323
308 0.9171117829591323
309 0.9171117829591323
310 0.9171117829591323
311 0.9171118615868826
312 0.9171136030698661
313 0.9171136030698661
314 0.9171136030698661
315 0.9171136030698661
316 0.9171136030698661
317 0.9171136030698661
318 0.9171138832273162
319 0.9171138832273162
320 0.9171138832273162
321 0.9171161864989891
322 0.9171161864989891
323 0.9171161864989891
324 0.9171161864989891
325 0.9171171092869028
326 0.9171171092869028
327 0.9171171092869028
328 0.9171171092869028
329 0.9171171092869028
330 0.9171184577050254
331 0.9171184577050254
332 0.9171184577050254
333 0.9171184577050254
334 0.91711936959961
335 0.91711936959961
336 0.91711936959961
337 0.9171210602685395
338 0.9171210602685395
339 0.9171210602685395
340 0.9171213930580977
341 0.9171213930580977
342 0.9171213930580977
343 0.9171213930580977
344 0.917122286682579
345 0.917122286682579
346 0.917122286682579
347 0.917122286682579
348 0.917122286682579
349 0.9171233566101078
350 0.9171233566101078
351 0.9171233566101078
352 0.9171233566101078
353 0.9171233566101078
354 0.9171233566101078
355 0.9171233566101078
356 0.9171233566101078
357 0.9171243371911081
358 0.9171243371911081
359 0.9171243371911081
360 0.9171243371911081
361 0.9171243371911081
362 0.9171250833344733
363 0.9171255585702286
364 0.9171255585702286
365 0.9171255585702286
366 0.9171255585702286
367 0.9171255585702286
368 0.9171255585702286
369 0.9171255585702286
370 0.9171255585702286
371 0.9171255585702286
372 0.9171259903348846
373 0.9171259903348846
374 0.917126104517161
375 0.9171264719500452
376 0.9171264719500452
377 0.9171271097685664
378 0.9171271097685664
379 0.9171271097685664
380 0.9171271097685664
381 0.9171273702548082
382 0.9171273702548082
383 0.9171280275787765
384 0.9171280275787765
385 0.9171281100450425
386 0.9171281100450425
387 0.9171281100450425
388 0.9171281100450425
389 0.9171289616967295
390 0.9171289616967295
391 0.9171289616967295
392 0.9171289616967295
393 0.9171289616967295
394 0.9171289616967295
395 0.9171289616967295
396 0.9171289616967295
397 0.9171293827555562
398 0.9171293827555562
399 0.9171293827555562
400 0.9171293827555562
401 0.9171293827555562
402 0.9171293827555562
403 0.9171302716886689
404 0.9171303225448945
405 0.9171303225448945
406 0.9171303225448945
407 0.9171303225448945
408 0.9171303225448945
409 0.9171305527263797
410 0.9171305527263797
411 0.9171305527263797
412 0.9171310301730586
413 0.9171310301730586
414 0.9171310301730586
415 0.9171310301730586
416 0.9171310301730586
417 0.9171310301730586
418 0.9171310301730586
419 0.9171310301730586
420 0.9171310301730586
421 0.9171310301730586
422 0.9171310301730586
423 0.9171310301730586
424 0.9171311649225077
425 0.9171311649225077
426 0.9171311649225077
427 0.9171311649225077
428 0.9171311649225077
429 0.9171311649225077
430 0.9171311649225077
431 0.9171311649225077
432 0.9171321773620651
433 0.9171321773620651
434 0.9171321773620651
435 0.9171321773620651
436 0.9171321773620651
437 0.9171321773620651
438 0.9171321773620651
439 0.9171323706215685
440 0.9171323706215685
441 0.9171323706215685
442 0.9171324519150476
443 0.9171325992165017
444 0.9171325992165017
445 0.9171325992165017
446 0.9171325992165017
447 0.9171325992165017
448 0.9171328521735985
449 0.9171328521735985
450 0.9171328521735985
451 0.9171328522085559
452 0.9171328522085559
453 0.9171328522085559
454 0.9171328522085559
455 0.9171328522085559
456 0.9171328706489046
457 0.9171333033528408
458 0.9171333033528408
459 0.9171333033528408
460 0.9171333033528408
461 0.9171333376288795
462 0.9171333376288795
463 0.9171333376288795
464 0.9171333376288795
465 0.9171333376288795
466 0.9171333376288795
467 0.9171333376288795
468 0.9171333376288795
469 0.9171333376288795
470 0.9171333376288795
471 0.917133370207164
472 0.9171335395045896
473 0.9171335395045896
474 0.9171335596230251
475 0.9171335596230251
476 0.9171335596230251
477 0.9171336433958781
478 0.9171336433958781
479 0.9171336433958781
480 0.9171339845410202
481 0.9171340708903993
482 0.9171340708903993
483 0.9171340708903993
484 0.9171340708903993
485 0.9171340708903993
486 0.9171340708903993
487 0.9171340708903993
488 0.9171340708903993
489 0.9171340708903993
490 0.9171340708903993
491 0.9171342107363745
492 0.9171342107363745
493 0.9171342107363745
494 0.9171342107363745
495 0.9171342107363745
496 0.9171342107363745
497 0.9171343586721017
498 0.9171343586721017
499 0.9171343586721017
500 0.9171343586721017
501 0.9171343586721017
502 0.9171343586721017
503 0.9171343586721017
504 0.9171344416783166
505 0.9171344416783166
506 0.9171344416783166
507 0.9171344416783166
508 0.9171344416783166
509 0.9171344416783166
510 0.9171348513993811
511 0.9171348513993811
512 0.9171348513993811
513 0.9171348513993811
514 0.9171348513993811
515 0.9171352048051334
516 0.9171352048051334
517 0.9171352048051334
518 0.9171353220792096
519 0.9171353220792096
520 0.9171353220792096
521 0.9171353220792096
522 0.9171353220792096
523 0.9171353220792096
524 0.9171353220792096
525 0.9171353220792096
526 0.9171353220792096
527 0.9171353220792096
528 0.917135806760897
529 0.917135806760897
530 0.917135806760897
531 0.917135806760897
532 0.917135806760897
533 0.917135806760897
534 0.917135806760897
535 0.917135806760897
536 0.917135806760897
537 0.917135806760897
538 0.9171358967824911
539 0.9171358967824911
540 0.9171358967824911
541 0.9171359626795925
542 0.9171359626795925
543 0.9171359626795925
544 0.9171359626795925
545 0.9171359626795925
546 0.9171359626795925
547 0.9171359626795925
548 0.9171363864626101
549 0.9171363864626101
550 0.9171363864626101
551 0.9171363864626101
552 0.9171363864626101
553 0.9171363864626101
554 0.9171363864626101
555 0.9171363864626101
556 0.9171363864626101
557 0.9171363864626101
558 0.9171363864626101
559 0.9171363864626101
560 0.9171363864626101
561 0.9171363864626101
562 0.9171363864626101
563 0.9171366440192021
564 0.9171366440192021
565 0.9171366440192021
566 0.9171366440192021
567 0.9171366440192021
568 0.9171366440192021
569 0.9171366440192021
570 0.9171366440192021
571 0.9171366440192021
572 0.9171366440192021
573 0.9171366440192021
574 0.9171366440192021
575 0.9171366440192021
576 0.9171366440192021
577 0.917136678452679
578 0.917136678452679
579 0.917136678452679
580 0.917136678452679
581 0.917136678452679
582 0.917136678452679
583 0.917136859083452
584 0.917136859083452
585 0.917136859083452
586 0.917136859083452
587 0.917136859083452
588 0.917136859083452
589 0.917136859083452
590 0.917136859083452
591 0.917136859083452
592 0.917136859083452
593 0.917136859083452
594 0.917136859083452
595 0.917136859083452
596 0.917136859083452
597 0.917136859083452
598 0.9171369548285104
599 0.9171369548285104
600 0.9171369548285104
601 0.9171369548285104
602 0.9171369548285104
603 0.9171369548285104
604 0.9171369548285104
605 0.9171369548285104
606 0.9171369548285104
607 0.9171369548285104
608 0.9171369548285104
609 0.9171372335185677
610 0.9171372335185677
611 0.9171372335185677
612 0.9171372335185677
613 0.9171372335185677
614 0.9171372335185677
615 0.9171372335185677
616 0.9171372335185677
617 0.9171372335185677
618 0.9171372437219599
619 0.9171372437219599
620 0.917137361593696
621 0.917137361593696
622 0.917137361593696
623 0.917137361593696
624 0.917137361593696
625 0.917137361593696
626 0.917137361593696
627 0.917137361593696
628 0.917137361593696
629 0.917137361593696
630 0.9171373846395005
631 0.9171373846395005
632 0.9171373846395005
633 0.9171373846395005
634 0.9171373846395005
635 0.9171373846395005
636 0.9171373846395005
637 0.9171373846395005
638 0.9171373846395005
639 0.9171373846395005
640 0.9171374046831923
641 0.9171374046831923
642 0.9171374046831923
643 0.9171374308795542
644 0.9171374308795542
645 0.9171374308795542
646 0.9171375694376178
647 0.9171375694376178
648 0.9171375694376178
649 0.9171375694376178
650 0.9171375694376178
651 0.9171375694376178
652 0.9171375694376178
653 0.9171375694376178
654 0.9171375694376178
655 0.9171375694376178
656 0.9171375694376178
657 0.9171375694376178
658 0.9171375694376178
659 0.9171375694376178
660 0.9171375694376178
661 0.9171375694376178
662 0.9171375694376178
663 0.9171375694376178
664 0.9171376967695422
665 0.9171376967695422
666 0.9171376967695422
667 0.9171376967695422
668 0.9171376967695422
669 0.9171376967695422
670 0.9171377765544425
671 0.9171377765544425
672 0.9171377765544425
673 0.9171377765544425
674 0.9171378617821973
675 0.9171378617821973
676 0.9171378617821973
677 0.9171378617821973
678 0.9171378617821973
679 0.9171378617821973
680 0.9171378617821973
681 0.9171378617821973
682 0.9171378617821973
683 0.9171378617821973
684 0.9171378617821973
685 0.9171378617821973
686 0.9171378617821973
687 0.9171378617821973
688 0.9171378625511563
689 0.9171379015014859
690 0.9171379015014859
691 0.9171379015014859
692 0.9171379015014859
693 0.9171379015014859
694 0.9171379015014859
695 0.9171379015014859
696 0.9171379015014859
697 0.9171379015014859
698 0.9171379015014859
699 0.9171379015014859
700 0.9171379015014859
701 0.9171379268427521
702 0.9171380305501626
703 0.9171380305501626
704 0.9171380305501626
705 0.9171380305501626
706 0.9171380305501626
707 0.9171380305501626
708 0.9171380669810385
709 0.9171380669810385
710 0.9171380669810385
711 0.9171380669810385
712 0.9171380669810385
713 0.9171380669810385
714 0.9171380669810385
715 0.9171380669810385
716 0.9171380669810385
717 0.917138258441217
718 0.917138258441217
719 0.917138258441217
720 0.917138258441217
721 0.917138258441217
722 0.9171382923862288
723 0.9171382923862288
724 0.9171382923862288
725 0.9171382923862288
726 0.9171382923862288
727 0.9171383914093358
728 0.9171383914093358
729 0.9171383914093358
730 0.9171383914093358
731 0.9171383914093358
732 0.9171383914093358
733 0.9171384852804372
734 0.9171384852804372
735 0.9171384852804372
736 0.9171384852804372
737 0.9171384852804372
738 0.9171387025034536
739 0.9171387025034536
740 0.9171387025034536
741 0.9171387025034536
742 0.9171387025034536
743 0.9171387025034536
744 0.9171387025034536
745 0.9171387025034536
746 0.9171387025034536
747 0.9171387025034536
748 0.9171387025034536
749 0.9171387025034536
750 0.9171387025034536
751 0.9171387025034536
752 0.9171387025034536
753 0.9171387025034536
754 0.9171387025034536
755 0.9171387025034536
756 0.9171387025034536
757 0.9171387025034536
758 0.9171387025034536
