000 0.06461957078914668
001 0.09536185916683682
002 0.11506294087131722
003 0.19117206794157618
004 0.21394404554022328
005 0.2696645063588686
006 0.36543424083888926
007 0.3775578927122715
008 0.43078267130393716
009 0.4543501481719471
010 0.5151090334455937
011 0.5151090334455937
012 0.5925221225064148
013 0.6004474279293387
014 0.6145399828863571
015 0.6374479493808085
016 0.6615535532949863
017 0.6631912821736624
018 0.7042463964841541
019 0.7042463964841541
020 0.7157263288439922
021 0.7198543095797098
022 0.7242335057544265
023 0.7253010051447453
024 0.7253010051447453
025 0.7253010051447453
026 0.7253010051447453
027 0.726171893776132
028 0.7270275518259027
029 0.7270275518259027
030 0.7279348600289379
031 0.7461392533420902
032 0.747919829049091
033 0.747919829049091
034 0.7494407076209454
035 0.7494407076209454
036 0.7494407076209454
037 0.749769583899003
038 0.749769583899003
039 0.7499759983033231
040 0.7511088616750498
041 0.7511088616750498
042 0.751292598692118
043 0.751292598692118
044 0.7522658403208978
045 0.7522658403208978
046 0.7525385635557476
047 0.7525385635557476
048 0.7525385635557476
049 0.7525385635557476
050 0.7731800398885248
051 0.7773533255508028
052 0.7788178897050748
053 0.7912646713962882
054 0.7919989973361262
055 0.7939994269654238
056 0.7963767142558832
057 0.7964397198271268
058 0.7969655918938161
059 0.7979354826094668
060 0.7982736271502107
061 0.798646779459747
062 0.7988205638419481
063 0.7988542342927433
064 0.7988542342927433
065 0.7988542342927433
066 0.7988542342927433
067 0.7988627373530932
068 0.7988627373530932
069 0.8049250869609423
070 0.806415349950757
071 0.8113160763515437
072 0.8118305642431514
073 0.8131619333347039
074 0.8137708372589156
075 0.8138436851651074
076 0.8151758907739913
077 0.8159046790598622
078 0.8163095812194351
079 0.8166240791230219
080 0.8169989577119905
081 0.8172587739643246
082 0.8172770942740634
083 0.818393407403766
084 0.818393407403766
085 0.8184017775572136
086 0.8194100034064287
087 0.8204181223286131
088 0.8204181223286131
089 0.8204181223286131
090 0.8204448948361461
091 0.8204448948361461
092 0.8204448948361461
093 0.8204448948361461
094 0.8204448948361461
095 0.8204448948361461
096 0.8263607189521732
097 0.827587712259886
098 0.8277599755320024
099 0.8286587043941183
100 0.8298573197509697
101 0.830650806654341
102 0.8314290198500733
103 0.832404690972832
104 0.8324381316681126
105 0.832707447911621
106 0.8328458228165767
107 0.8329523660970326
108 0.8330360906085947
109 0.8331035547450116
110 0.8331509619653352
111 0.8332311769579599
112 0.8332463953558368
113 0.8378664969882516
114 0.8386753437639118
115 0.8393607725974552
116 0.8396240712235368
117 0.8406049099750484
118 0.8406331774144427
119 0.8412381715464563
120 0.8416142779503709
121 0.8421097727981584
122 0.842808533092598
123 0.8432950452365781
124 0.8434886314220138
125 0.8440310290301334
126 0.8440310290301334
127 0.8441296905807699
128 0.8441296905807699
129 0.8441296905807699
130 0.8441296905807699
131 0.8441296905807699
132 0.8441296905807699
133 0.8486310890147968
134 0.8489689105358714
135 0.8496000712362518
136 0.8496756326647569
137 0.8502827752984528
138 0.8506908634040009
139 0.8516120014977265
140 0.8517440246223421
141 0.8521149181835466
142 0.8524346617660211
143 0.8524425327287948
144 0.8524425327287948
145 0.8529968111090943
146 0.8529968111090943
147 0.8529968111090943
148 0.8529968111090943
149 0.8569976438512962
150 0.8571643532737091
151 0.8580989956669905
152 0.8583542643370413
153 0.8598956403672424
154 0.8614023417604838
155 0.8617569802755545
156 0.8626751615724122
157 0.8629987712344966
158 0.863347994978943
159 0.8635805761354712
160 0.8636471672367834
161 0.8636636690272997
162 0.8636636690272997
163 0.8636636690272997
164 0.8636636690272997
165 0.8636636690272997
166 0.8663453187959577
167 0.866536444600835
168 0.8672926916372573
169 0.8680594073234091
170 0.8683828548049933
171 0.8687983274417876
172 0.869799485915408
173 0.8700326200722808
174 0.8703021571368443
175 0.8704834000710074
176 0.8704834000710074
177 0.8705640112114872
178 0.8705640112114872
179 0.8708227498438896
180 0.8709120129889288
181 0.8711753269816032
182 0.8729099634265859
183 0.8734061648224415
184 0.8739167514192604
185 0.8748233483491612
186 0.875016734526704
187 0.8757791800738512
188 0.876453478060875
189 0.8765675959780179
190 0.8767458511102585
191 0.8768412395074049
192 0.8769335574721494
193 0.8770149284425967
194 0.8770630497649857
195 0.8771165086332456
196 0.8771241770994579
197 0.8793505806763927
198 0.8794226613672522
199 0.8804893818913354
200 0.8812548049913392
201 0.881868362617065
202 0.8822209476500529
203 0.88251185838197
204 0.8832589911441838
205 0.8832589911441838
206 0.883354638238657
207 0.883354638238657
208 0.883354638238657
209 0.883354638238657
210 0.883354638238657
211 0.883354638238657
212 0.8849715040875109
213 0.8852225010761461
214 0.8856481462591903
215 0.8860428364947613
216 0.8865470712654795
217 0.886788524918802
218 0.8870583028823674
219 0.8873997741391773
220 0.8877621087376387
221 0.8877621087376387
222 0.8877621087376387
223 0.8877621087376387
224 0.8877621087376387
225 0.8877621087376387
226 0.8893721130416536
227 0.889723618650878
228 0.8900157130850755
229 0.8901682602881951
230 0.8905475258842735
231 0.8908585040339182
232 0.890995075060229
233 0.8910200165690174
234 0.891036570058161
235 0.8910400969083669
236 0.8910400969083669
237 0.892031473203553
238 0.8924496946526848
239 0.892804242407213
240 0.893155093758616
241 0.8932302419032951
242 0.8933977508377225
243 0.893545729388235
244 0.8938252016226745
245 0.8938538522437643
246 0.8938588319992787
247 0.8938772848361689
248 0.8946076773015669
249 0.895352763814628
250 0.8958568644173155
251 0.8959091466552653
252 0.896603153214086
253 0.8970143245992012
254 0.8970166557439024
255 0.8975274055098197
256 0.8976914641639554
257 0.8979052955411535
258 0.8981280090446819
259 0.8984657322049662
260 0.8986753027223747
261 0.8987158663100401
262 0.8987158663100401
263 0.8993480518017017
264 0.8996703289255102
265 0.9000414214223493
266 0.9004154316436158
267 0.9007350330742098
268 0.9010479088005279
269 0.9010831284537042
270 0.9013403938337937
271 0.9013995644897673
272 0.9014809245759496
273 0.9016010065223464
274 0.9017246926228147
275 0.9018587937283508
276 0.9021939830648837
277 0.9026492616664227
278 0.9027384190914365
279 0.9032568431447779
280 0.9035238579079095
281 0.9041792189590203
282 0.9044817909775321
283 0.904966284210207
284 0.9055435851271073
285 0.9057648529670519
286 0.9060320623979903
287 0.9062399213678999
288 0.9065756624183778
289 0.9067841583791613
290 0.906855961081298
291 0.9069239949361606
292 0.9070319346258433
293 0.9070501076151654
294 0.9074037415848578
295 0.907609350888314
296 0.9079269968275483
297 0.9081756307566318
298 0.9084424478977362
299 0.909038099893229
300 0.9093429036297889
301 0.9097105640321451
302 0.9102657560090022
303 0.9105302979421644
304 0.9111944359896532
305 0.9113190109342846
306 0.9115251461348964
307 0.9117397453261401
308 0.9121146800749473
309 0.9121469908561748
310 0.9123201875910757
311 0.912381042138631
312 0.9125541247616752
313 0.9126017608873666
314 0.9129540538940637
315 0.9132488664673369
316 0.9134416523044202
317 0.9139909941123641
318 0.9140589411092607
319 0.9144622382188023
320 0.9148983770531616
321 0.9151428892047333
322 0.9156057580942907
323 0.915830418854813
324 0.915944416915885
325 0.916056968560178
326 0.9161754121083342
327 0.9163065269483034
328 0.9163913467833446
329 0.9164491835529135
330 0.916723202366366
331 0.9169145413899319
332 0.9171877668721998
333 0.917354588689456
334 0.9177707537012322
335 0.91818996508294
336 0.9185861403466372
337 0.9187543155717113
338 0.9192075939226676
339 0.9193542089440623
340 0.9193742448286224
341 0.9195890115307055
342 0.9196943778357943
343 0.919822023343234
344 0.9199027966663271
345 0.9199969393464216
346 0.9200791306625807
347 0.9202879993524677
348 0.9205414252308824
349 0.9206703749510384
350 0.9208610168618179
351 0.9213775996263904
352 0.9216712008979814
353 0.921909579461536
354 0.9221378325678287
355 0.9223545864393523
356 0.9225604940084681
357 0.9228834952901954
358 0.9230415011144717
359 0.9231909092771954
360 0.9232878855146893
361 0.9233970715687652
362 0.9235084906670126
363 0.9236888914338869
364 0.9238968735636227
365 0.924001179448178
366 0.9244246435975729
367 0.924515449489388
368 0.9246252990160211
369 0.9247720397136053
370 0.9249452884276096
371 0.9253052615586274
372 0.9253377633739189
373 0.9256628897374771
374 0.9261008039072508
375 0.9266113779340764
376 0.9266113779340764
377 0.9267176083430727
378 0.92687693784649
379 0.9271363086553974
380 0.9272052950590169
381 0.9274091923183903
382 0.9275701081403929
383 0.927630215932366
384 0.927773795998087
385 0.9278695758458951
386 0.9279808073722541
387 0.9280278916213167
388 0.9280940844511307
389 0.9283626133905506
390 0.9283914996158402
391 0.9285860391792833
392 0.9289270662248259
393 0.9289270662248259
394 0.9291343823402233
395 0.9291343823402233
396 0.9292855236873957
397 0.9293587202101381
398 0.9295402857489317
399 0.9298411022361628
400 0.9298411022361628
401 0.9301989042464542
402 0.930221281913092
403 0.930372494399429
404 0.930539054844276
405 0.9306554127660281
406 0.9310788586674343
407 0.9312003443852456
408 0.9313102759563205
409 0.9313102759563205
410 0.931409200734599
411 0.9314944588768965
412 0.9317047427938888
413 0.9317047427938888
414 0.9317047427938888
415 0.9317634794693719
416 0.9318329954069582
417 0.9319734335864519
418 0.9320598775683817
419 0.932193216590423
420 0.9323799629602126
421 0.9323799629602126
422 0.9323799629602126
423 0.9325745621201438
424 0.9327121986036985
425 0.9327480790526252
426 0.932913579056578
427 0.932978858413361
428 0.9332192263617863
429 0.933228228584988
430 0.9333255829621101
431 0.9334032785156352
432 0.9335846047694779
433 0.9337606970246608
434 0.9337839681644301
435 0.9339750034596817
436 0.9340351002613313
437 0.9341335932859381
438 0.9341940076022938
439 0.9342987903026481
440 0.9343643415599469
441 0.9344640386868928
442 0.9344805123599794
443 0.9345924288504898
444 0.9347657796989743
445 0.9347751637047036
446 0.9349197327673134
447 0.9349197327673134
448 0.9349483055546851
449 0.9350458919888015
450 0.9350458919888015
451 0.9351588170266374
452 0.9352223955279748
453 0.9352223955279748
454 0.9353373469031067
455 0.9353373469031067
456 0.935339159567272
457 0.9354246029730208
458 0.9355034927971294
459 0.9355652268212108
460 0.9355652268212108
461 0.9355899174825428
462 0.9357134124171933
463 0.9357271605786197
464 0.9358108459233895
465 0.9358108459233895
466 0.9358439475904169
467 0.9359070084039806
468 0.9359865712207015
469 0.9360599617786184
470 0.9360601633630647
471 0.9361193197315449
472 0.9361615400777509
473 0.9362192085833377
474 0.9362705460929479
475 0.9362705460929479
476 0.9363145281367113
477 0.9363408635028361
478 0.9363643383590563
479 0.936413405103184
480 0.936521324278609
481 0.936521324278609
482 0.9365856938634302
483 0.9365856938634302
484 0.936623611120008
485 0.9366904518852531
486 0.9367009596332673
487 0.9367697763929385
488 0.9368555117866901
489 0.9368630006994946
490 0.9368828677405135
491 0.9369128284049973
492 0.9369569512499076
493 0.9369640171454626
494 0.9370838284150865
495 0.9370838284150865
496 0.9371079655366152
497 0.9371079655366152
498 0.9371636735572725
499 0.9371805182210665
500 0.9372308684000021
501 0.9372674940002651
502 0.9373236558614332
503 0.9373302625524668
504 0.9373430577076611
505 0.9373826254415841
506 0.9374224645203618
507 0.9374365227200159
508 0.9374866203928862
509 0.9374866203928862
510 0.9374866203928862
511 0.9375231211804776
512 0.9375252152958821
513 0.9375698858796145
514 0.9375891790813377
515 0.9376242878337561
516 0.9377117201875227
517 0.9377299732979179
518 0.9377299732979179
519 0.9377409485373348
520 0.9377409485373348
521 0.9377509535792806
522 0.937775332796546
523 0.9377974466926096
524 0.9378323622252512
525 0.9378323622252512
526 0.9378392875202186
527 0.9378589141873637
528 0.9378805349670082
529 0.9378906888039626
530 0.9378981828676992
531 0.937922030721628
532 0.9379515135118996
533 0.9379719526219852
534 0.9379843781314804
535 0.9380078631893012
536 0.9380372664974687
537 0.9380476283330013
538 0.9380619666491367
539 0.9380619666491367
540 0.9380785822386009
541 0.9381185175715939
542 0.9381313537993181
543 0.9381313537993181
544 0.938137027007034
545 0.938173651746784
546 0.9381863300438408
547 0.9382053142336853
548 0.9382053142336853
549 0.9382053142336853
550 0.9382059366659057
551 0.9382441813624388
552 0.9382441813624388
553 0.9383044006561625
554 0.9383044006561625
555 0.9383044006561625
556 0.9383044006561625
557 0.9383127537785377
558 0.9383387324127895
559 0.938354771704848
560 0.9383652033160917
561 0.9383714804642747
562 0.9383893685858213
563 0.9383893685858213
564 0.9383910951460018
565 0.938413459521206
566 0.9384151564961716
567 0.9384193557626027
568 0.9384224930507076
569 0.9384381150083563
570 0.9384432139525996
571 0.938449804804641
572 0.9384837025201509
573 0.9384837025201509
574 0.9384868203465552
575 0.9385054689638732
576 0.9385237027185948
577 0.9385237027185948
578 0.9385237027185948
579 0.93854653192616
580 0.93854653192616
581 0.93854653192616
582 0.9385559723681703
583 0.938567267509871
584 0.938575710341336
585 0.9385860829034546
586 0.9386096878508444
587 0.9386099497493815
588 0.9386182986920587
589 0.9386182986920587
590 0.9386220144263833
591 0.9386555766439567
592 0.9386769746136373
593 0.9386838654024757
594 0.9386838654024757
595 0.9386838654024757
596 0.938685529310435
597 0.938692979932186
598 0.9387195799133438
599 0.9387195799133438
600 0.9387225511068273
601 0.9387259879965923
602 0.9387438776164763
603 0.9387438776164763
604 0.9387438776164763
605 0.9387591888171205
606 0.9387636605748286
607 0.9387636605748286
608 0.9387716741685582
609 0.9387800780247899
610 0.9387800780247899
611 0.9387800780247899
612 0.938782394864004
613 0.9387971272656505
614 0.9388001250765771
615 0.9388200253849199
616 0.9388200253849199
617 0.9388200253849199
618 0.9388200253849199
619 0.9388367959447306
620 0.9388379244594696
621 0.938853741659063
622 0.938853741659063
623 0.938853741659063
624 0.9388707319674351
625 0.9388766475083783
626 0.9388766475083783
627 0.9388818627239428
628 0.938898851745869
629 0.938898851745869
630 0.938898851745869
631 0.9389122351206175
632 0.9389122351206175
633 0.9389278628136742
634 0.9389278628136742
635 0.9389278628136742
636 0.9389278628136742
637 0.9389341047110127
638 0.9389497120574773
639 0.9389497120574773
640 0.9389617727864846
641 0.9389617727864846
642 0.9389617727864846
643 0.9389696484964865
644 0.9389745709458661
645 0.938983365356217
646 0.938983365356217
647 0.9389855398181272
648 0.9389870288375736
649 0.9389931374541727
650 0.93900040540171
651 0.93900040540171
652 0.9390052857474662
653 0.9390128047010184
654 0.9390154884218042
655 0.9390224012509784
656 0.9390224012509784
657 0.939034076386025
658 0.939034076386025
659 0.939034076386025
660 0.9390408606779151
661 0.9390408606779151
662 0.9390408606779151
663 0.9390413274766265
664 0.9390510245653021
665 0.9390510245653021
666 0.9390561852550744
667 0.9390611909086564
668 0.9390611909086564
669 0.9390611909086564
670 0.9390656233291914
671 0.9390761159481092
672 0.9390761159481092
673 0.9390776046674655
674 0.9390776046674655
675 0.9390776046674655
676 0.9390871457392277
677 0.9390871457392277
678 0.9390872380186065
679 0.9391088257490192
680 0.9391088257490192
681 0.9391088257490192
682 0.9391130870579695
683 0.9391130870579695
684 0.9391153345241385
685 0.9391246824241577
686 0.9391246824241577
687 0.9391261686146866
688 0.9391292115573769
689 0.9391366509301327
690 0.9391366509301327
691 0.9391366509301327
692 0.9391542386141571
693 0.9391542386141571
694 0.9391542386141571
695 0.9391542386141571
696 0.9391542386141571
697 0.9391542386141571
698 0.9391542386141571
699 0.9391542386141571
700 0.9391542386141571
701 0.9391593822627848
702 0.9391666933417403
703 0.9391824031332037
704 0.9391824031332037
705 0.9391824031332037
706 0.9391824031332037
707 0.9391824031332037
708 0.9391824031332037
709 0.9391824031332037
710 0.9392025177635709
711 0.9392025177635709
712 0.9392025177635709
713 0.9392025177635709
714 0.9392034228134307
715 0.9392034228134307
716 0.9392034228134307
717 0.9392042970284699
718 0.9392094864976874
719 0.9392094864976874
720 0.939219756657319
721 0.9392230988964453
722 0.9392230988964453
723 0.9392313360003425
724 0.9392313360003425
725 0.9392313360003425
726 0.9392380563257352
727 0.9392380563257352
728 0.9392380563257352
729 0.9392380563257352
730 0.9392431132744049
731 0.9392431132744049
732 0.9392431132744049
733 0.9392481072701836
734 0.9392481072701836
735 0.9392482063832854
736 0.9392482063832854
737 0.9392482063832854
738 0.9392551109278001
739 0.9392551109278001
740 0.9392551109278001
741 0.9392582853374439
742 0.9392715902838096
743 0.9392715902838096
744 0.9392715902838096
745 0.9392715902838096
746 0.9392715902838096
747 0.9392715902838096
748 0.9392715902838096
749 0.9392784675314791
750 0.9392784675314791
751 0.9392784675314791
752 0.9392784675314791
753 0.9392848579550542
754 0.9392848579550542
755 0.9392848579550542
756 0.9392848579550542
757 0.9392848579550542
758 0.9392874711229457
759 0.9392874711229457
760 0.9392921576428787
761 0.9392921576428787
762 0.9392936757905996
763 0.9392949401097325
764 0.939297256158456
765 0.9393004312652541
766 0.9393081551918532
767 0.9393081551918532
768 0.9393081551918532
769 0.9393095992900932
770 0.9393095992900932
771 0.9393114934203595
772 0.9393114934203595
773 0.939313829484175
774 0.9393182267010523
775 0.9393182267010523
776 0.9393182267010523
777 0.9393182267010523
778 0.9393186699445756
779 0.9393186699445756
780 0.9393186699445756
781 0.9393246440169083
782 0.9393246440169083
783 0.9393246440169083
784 0.9393304329020286
785 0.9393304329020286
786 0.9393304329020286
787 0.9393304329020286
788 0.9393304329020286
789 0.9393304329020286
790 0.9393304329020286
791 0.9393329200744671
792 0.9393329200744671
793 0.9393331066235864
794 0.9393331066235864
795 0.9393331066235864
796 0.9393350070722799
797 0.9393415433540849
798 0.9393417084718235
799 0.9393417084718235
800 0.9393460397608742
801 0.9393460397608742
802 0.9393460397608742
803 0.9393460397608742
804 0.9393497959332897
805 0.9393497959332897
806 0.9393558519306227
807 0.9393558519306227
808 0.9393558519306227
809 0.9393560101337982
810 0.9393560101337982
811 0.9393581530754869
812 0.9393603601718105
813 0.9393633108740668
814 0.9393655924182045
815 0.9393655924182045
816 0.9393695225632804
817 0.9393711339980866
818 0.9393711339980866
819 0.9393711339980866
820 0.9393711339980866
821 0.9393715893379911
822 0.9393729620866066
823 0.9393730552475855
824 0.9393731171948541
825 0.9393790269892253
826 0.9393790269892253
827 0.9393790269892253
828 0.9393790269892253
829 0.9393804715064343
830 0.9393870902431266
831 0.9393877023892204
832 0.9393877023892204
833 0.9393877023892204
834 0.9393877023892204
835 0.9393877023892204
836 0.9393889206350431
837 0.9393889206350431
838 0.9393889206350431
839 0.9393902113525996
840 0.9393902113525996
841 0.9393902113525996
842 0.9393931707771477
843 0.9393937131742366
844 0.9393968672988258
845 0.9393968672988258
846 0.9393968672988258
847 0.9393968672988258
848 0.9393974107936197
849 0.9393974107936197
850 0.9393974107936197
851 0.9393974107936197
852 0.9394004676525585
853 0.9394004676525585
854 0.9394019719175037
855 0.9394019719175037
856 0.9394019719175037
857 0.9394020814823819
858 0.9394020814823819
859 0.9394020814823819
860 0.9394044652356698
861 0.9394070294224733
862 0.9394070294224733
863 0.9394070294224733
864 0.9394070294224733
865 0.9394070294224733
866 0.9394070294224733
867 0.9394081964688473
868 0.9394119256168285
869 0.9394119256168285
870 0.9394119256168285
871 0.9394119256168285
872 0.9394119256168285
873 0.9394137435968706
874 0.9394137435968706
875 0.93941527950384
876 0.9394159582792995
877 0.9394159582792995
878 0.9394159582792995
879 0.9394159582792995
880 0.939418131753557
881 0.939418131753557
882 0.939418131753557
883 0.939418131753557
884 0.9394189958587772
885 0.9394210760011751
886 0.9394210760011751
887 0.9394213154751901
888 0.9394221125616774
889 0.9394231853924829
890 0.9394235590783753
891 0.9394235590783753
892 0.9394248889923678
893 0.9394248889923678
894 0.9394252164373897
895 0.9394253859483461
896 0.9394285784466148
897 0.9394293969842737
898 0.9394293969842737
899 0.9394293969842737
900 0.9394293969842737
901 0.9394293969842737
902 0.939430857941956
903 0.9394309011750789
904 0.9394309011750789
905 0.9394319415125689
906 0.9394331586473991
907 0.9394331586473991
908 0.9394354236268364
909 0.9394356952241875
910 0.9394356952241875
911 0.9394356952241875
912 0.9394367250042792
913 0.9394418060898692
914 0.9394418060898692
915 0.9394418060898692
916 0.9394418060898692
917 0.9394418060898692
918 0.9394418060898692
919 0.9394418060898692
920 0.9394427801635159
921 0.9394427801635159
922 0.9394427801635159
923 0.9394427801635159
924 0.9394427801635159
925 0.9394427801635159
926 0.9394427801635159
927 0.9394427801635159
928 0.9394427801635159
929 0.9394427801635159
930 0.9394427801635159
931 0.9394427801635159
932 0.9394427801635159
933 0.9394428506110538
934 0.939443148572837
935 0.939443148572837
936 0.939443148572837
937 0.939443148572837
938 0.9394473446723995
939 0.9394473446723995
940 0.9394473446723995
941 0.9394473446723995
942 0.9394473446723995
943 0.9394473446723995
944 0.9394473446723995
945 0.9394473446723995
946 0.9394473446723995
947 0.9394485392472093
948 0.9394485392472093
949 0.9394485392472093
950 0.9394495551892601
951 0.9394495551892601
952 0.9394495551892601
953 0.9394504066137741
954 0.9394504066137741
955 0.9394504066137741
956 0.9394504066137741
957 0.9394504066137741
958 0.9394504066137741
959 0.9394508180245673
960 0.9394508180245673
961 0.9394518622969688
962 0.9394518622969688
963 0.9394522566476097
964 0.9394527723265244
965 0.9394530130486626
966 0.9394530130486626
967 0.9394538437885274
968 0.9394538437885274
969 0.9394538437885274
970 0.9394538437885274
971 0.9394582489002322
972 0.9394582489002322
973 0.9394582489002322
974 0.9394582489002322
975 0.9394582489002322
976 0.9394582489002322
977 0.9394582489002322
978 0.9394582489002322
979 0.9394582489002322
980 0.9394582489002322
981 0.9394582489002322
982 0.9394582489002322
983 0.9394582489002322
984 0.9394582489002322
985 0.9394582489002322
986 0.9394590266009606
987 0.9394590266009606
988 0.939460052199367
989 0.939460052199367
990 0.9394603263096747
991 0.9394603263096747
992 0.9394603263096747
993 0.9394603263096747
994 0.9394612507377413
995 0.939461298725283
996 0.939461298725283
997 0.939461298725283
998 0.939461298725283
999 0.939461298725283
1000 0.939461298725283
1001 0.939461298725283
1002 0.939461298725283
1003 0.9394613541462111
1004 0.9394614071650381
1005 0.9394614071650381
1006 0.9394627231277691
1007 0.9394627231277691
1008 0.9394627231277691
1009 0.9394627231277691
1010 0.9394627231277691
1011 0.9394627231277691
1012 0.9394627231277691
1013 0.9394627231277691
1014 0.9394632314192843
1015 0.9394638868251084
1016 0.9394638868251084
1017 0.9394643768188684
1018 0.9394643768188684
1019 0.9394648741793218
1020 0.9394648741793218
1021 0.9394658805784748
1022 0.9394658805784748
1023 0.9394658805784748
1024 0.9394658805784748
1025 0.9394661870149588
1026 0.9394674268690174
1027 0.9394677293566244
1028 0.9394677293566244
1029 0.9394677293566244
1030 0.9394679624209054
1031 0.9394679624209054
1032 0.9394692470504149
1033 0.9394692470504149
1034 0.9394692470504149
1035 0.9394692470504149
1036 0.9394697521940498
1037 0.9394697521940498
1038 0.9394718175022881
1039 0.9394718175022881
1040 0.9394718175022881
1041 0.9394718175022881
1042 0.9394718175022881
1043 0.9394718175022881
1044 0.9394721779731524
1045 0.9394721779731524
1046 0.9394741217456896
1047 0.9394741217456896
1048 0.9394741217456896
1049 0.9394741217456896
1050 0.9394741217456896
1051 0.9394741217456896
1052 0.9394741217456896
1053 0.9394741217456896
1054 0.9394741217456896
1055 0.9394741217456896
1056 0.9394744278656949
1057 0.9394747581185832
1058 0.9394747581185832
1059 0.9394747581185832
1060 0.9394750817967065
1061 0.9394754042558969
1062 0.9394754042558969
1063 0.9394754042558969
1064 0.9394754042558969
1065 0.9394754042558969
1066 0.9394759532264115
1067 0.9394759532264115
1068 0.9394769535736556
1069 0.9394769535736556
1070 0.9394769535736556
1071 0.9394785270538227
1072 0.9394785270538227
1073 0.9394785270538227
1074 0.9394785270538227
1075 0.9394785270538227
1076 0.9394785270538227
1077 0.9394785270538227
1078 0.9394785270538227
1079 0.9394785270538227
1080 0.9394785270538227
1081 0.9394785270538227
1082 0.9394799359142127
1083 0.9394799359142127
1084 0.9394799359142127
1085 0.9394799359142127
1086 0.9394799359142127
1087 0.9394799359142127
1088 0.9394799359142127
1089 0.9394807576758983
1090 0.9394807576758983
1091 0.9394807576758983
1092 0.9394807576758983
1093 0.93948126872836
1094 0.93948126872836
1095 0.9394833309543424
1096 0.9394833309543424
1097 0.9394833309543424
1098 0.9394833309543424
1099 0.9394833309543424
1100 0.9394856648881262
1101 0.9394856648881262
1102 0.9394856648881262
1103 0.9394856648881262
1104 0.9394856648881262
1105 0.9394856648881262
1106 0.9394869143890936
1107 0.9394869143890936
1108 0.9394869143890936
1109 0.9394869143890936
1110 0.9394869143890936
1111 0.9394869143890936
1112 0.9394876373969816
1113 0.9394876373969816
1114 0.9394876373969816
1115 0.9394876373969816
1116 0.9394888785261154
1117 0.9394888785261154
1118 0.9394888785261154
1119 0.9394888785261154
1120 0.9394889122644311
1121 0.9394889122644311
1122 0.9394889122644311
1123 0.9394889122644311
1124 0.9394893669429694
1125 0.9394894363805008
1126 0.9394894363805008
1127 0.9394896895670732
1128 0.9394896895670732
1129 0.9394896895670732
1130 0.9394907098622723
1131 0.9394907098622723
1132 0.9394907098622723
1133 0.9394907098622723
1134 0.9394918858375636
1135 0.9394918858375636
1136 0.9394918858375636
1137 0.9394918858375636
1138 0.9394924266942627
1139 0.9394924266942627
1140 0.9394924659485386
1141 0.9394926464101633
1142 0.9394931097726196
1143 0.9394931097726196
1144 0.9394931097726196
1145 0.9394931097726196
1146 0.9394938911157859
1147 0.9394938911157859
1148 0.939493951489085
1149 0.939493951489085
1150 0.9394942443305357
1151 0.9394942443305357
1152 0.9394942443305357
1153 0.9394942443305357
1154 0.939494552628395
1155 0.939494552628395
1156 0.9394948281000749
1157 0.9394948281000749
1158 0.9394962836603092
1159 0.939497232292383
1160 0.939497232292383
1161 0.939497232292383
1162 0.9394973714963933
1163 0.9394973714963933
1164 0.9394973714963933
1165 0.9394973714963933
1166 0.9394973714963933
1167 0.9394973714963933
1168 0.9394973714963933
1169 0.9394973714963933
1170 0.9394973714963933
1171 0.9394973714963933
1172 0.9394973714963933
1173 0.9394973714963933
1174 0.9394977487373635
1175 0.9394977487373635
1176 0.9394977487373635
1177 0.9394977487373635
1178 0.9394977487373635
1179 0.9394984386397437
1180 0.9394984446541648
1181 0.9394986483432676
1182 0.9394988845107247
1183 0.9394988845107247
1184 0.9394991849515737
1185 0.9394991849515737
1186 0.9394995829215205
1187 0.9395001216079528
1188 0.9395001216079528
1189 0.9395001216079528
1190 0.9395001216079528
1191 0.9395001216079528
1192 0.9395001216079528
1193 0.9395001216079528
1194 0.9395001216079528
1195 0.9395007466403558
1196 0.9395007466403558
1197 0.9395007466403558
1198 0.9395007466403558
1199 0.9395007466403558
1200 0.9395007466403558
1201 0.9395007466403558
1202 0.9395007466403558
1203 0.9395010290078365
1204 0.9395012910093342
1205 0.9395012910093342
1206 0.9395012910093342
1207 0.9395012910093342
1208 0.9395021401775115
1209 0.9395021401775115
1210 0.9395021401775115
1211 0.9395021401775115
1212 0.9395021401775115
1213 0.9395021401775115
1214 0.9395022804365909
1215 0.9395022804365909
1216 0.9395022804365909
1217 0.9395022804365909
1218 0.9395024880227966
1219 0.9395025915737782
1220 0.9395025915737782
1221 0.939502949163154
1222 0.939502949163154
1223 0.939502949163154
1224 0.939502949163154
1225 0.9395035286387338
1226 0.9395035286387338
1227 0.9395035286387338
1228 0.9395035286387338
1229 0.9395039684416769
1230 0.9395039684416769
1231 0.9395039684416769
1232 0.9395039684416769
1233 0.9395041821692939
1234 0.9395041821692939
1235 0.9395041821692939
1236 0.939504383455131
1237 0.939504383455131
1238 0.939504383455131
1239 0.939504383455131
1240 0.9395046097346037
1241 0.9395046097346037
1242 0.9395048834422883
1243 0.9395048834422883
1244 0.9395066379597803
1245 0.9395066379597803
1246 0.9395066379597803
1247 0.9395066379597803
1248 0.9395066379597803
1249 0.9395066379597803
1250 0.9395066379597803
1251 0.9395066379597803
1252 0.9395067129145498
1253 0.9395067129145498
1254 0.9395067129145498
1255 0.9395067129145498
1256 0.9395067129145498
1257 0.9395070529594216
1258 0.9395070529594216
1259 0.9395070529594216
1260 0.9395070529594216
1261 0.9395070529594216
1262 0.9395075484169461
1263 0.9395075484169461
1264 0.9395078317838416
1265 0.9395078317838416
1266 0.9395078317838416
1267 0.9395078317838416
1268 0.9395078317838416
1269 0.9395078317838416
1270 0.9395078317838416
1271 0.9395078317838416
1272 0.9395078317838416
1273 0.9395078317838416
1274 0.9395078317838416
1275 0.9395080392186795
1276 0.9395080392186795
1277 0.9395080392186795
1278 0.9395080392186795
1279 0.9395080392186795
1280 0.9395080704249565
1281 0.9395096209405327
1282 0.9395096209405327
1283 0.9395096209405327
1284 0.9395096209405327
1285 0.9395096209405327
1286 0.9395096209405327
1287 0.9395096209405327
1288 0.9395096209405327
1289 0.9395096209405327
1290 0.9395096209405327
1291 0.9395096209405327
1292 0.9395096209405327
1293 0.9395096209405327
1294 0.9395096209405327
1295 0.939510364014342
1296 0.939510364014342
1297 0.939510364014342
1298 0.939510364014342
1299 0.9395105809655108
1300 0.9395105809655108
1301 0.9395105809655108
1302 0.9395106260746755
1303 0.939511015353651
1304 0.939511015353651
1305 0.939511015353651
1306 0.939511015353651
1307 0.939511015353651
1308 0.939511015353651
1309 0.9395116370148422
1310 0.9395116370148422
1311 0.9395116370148422
1312 0.9395116370148422
1313 0.9395116370148422
1314 0.9395116841643325
1315 0.9395116841643325
1316 0.9395116841643325
1317 0.9395116841643325
1318 0.9395118327935355
1319 0.9395120096889326
1320 0.9395120103549955
1321 0.9395120103549955
1322 0.9395120103549955
1323 0.9395120103549955
1324 0.9395126090882908
1325 0.9395126090882908
1326 0.9395126090882908
1327 0.9395126090882908
1328 0.9395126090882908
1329 0.9395129990084296
1330 0.9395129990084296
1331 0.9395129990084296
1332 0.9395129990084296
1333 0.9395134236244785
1334 0.9395134236244785
1335 0.9395134236244785
1336 0.9395134236244785
1337 0.9395134236244785
1338 0.9395134410658992
1339 0.9395134410658992
1340 0.9395134410658992
1341 0.9395134410658992
1342 0.939513524166392
1343 0.939513524166392
1344 0.939513524166392
1345 0.939513524166392
1346 0.9395140067133452
1347 0.9395140067133452
1348 0.9395140067133452
1349 0.9395140067133452
1350 0.9395140067133452
1351 0.9395146391797876
1352 0.9395146391797876
1353 0.9395150430040708
1354 0.9395150430040708
1355 0.9395150430040708
1356 0.9395150430040708
1357 0.9395150430040708
1358 0.9395150430040708
1359 0.9395150762234222
1360 0.9395150762234222
1361 0.9395150762234222
1362 0.9395159380918838
1363 0.9395159380918838
1364 0.9395159380918838
1365 0.9395159380918838
1366 0.9395159380918838
1367 0.9395159380918838
1368 0.9395159380918838
1369 0.9395159380918838
1370 0.9395159380918838
1371 0.9395159380918838
1372 0.9395159380918838
1373 0.9395159380918838
1374 0.9395159380918838
1375 0.9395159380918838
1376 0.9395159380918838
1377 0.9395160319978534
1378 0.9395160319978534
1379 0.9395164164591914
1380 0.9395164164591914
1381 0.9395167672003799
1382 0.9395167672003799
1383 0.9395170829215318
1384 0.9395170829215318
1385 0.9395170901554967
1386 0.9395170901554967
1387 0.9395170901554967
1388 0.9395170901554967
1389 0.9395170901554967
1390 0.9395170901554967
1391 0.9395171648873677
1392 0.9395171648873677
1393 0.9395171648873677
1394 0.9395179459633648
1395 0.9395179459633648
1396 0.9395179459633648
1397 0.9395179459633648
1398 0.9395179459633648
1399 0.9395179459633648
1400 0.9395179459633648
1401 0.9395180150626095
1402 0.9395181638428292
1403 0.9395181638428292
1404 0.9395181638428292
1405 0.9395181638428292
1406 0.9395181961632934
1407 0.9395181961632934
1408 0.9395181961632934
1409 0.9395181961632934
1410 0.9395182004477759
1411 0.9395182004477759
1412 0.9395184685145455
1413 0.9395185457456272
1414 0.9395185457456272
1415 0.9395187132270695
1416 0.9395187132270695
1417 0.9395187132270695
1418 0.939518954389441
1419 0.939518954389441
1420 0.939518954389441
1421 0.939518954389441
1422 0.939518954389441
1423 0.939518954389441
1424 0.939518954389441
1425 0.939518954389441
1426 0.9395190668045743
1427 0.9395190668045743
1428 0.9395190668045743
1429 0.9395190668045743
1430 0.9395192344801201
1431 0.9395192344801201
1432 0.9395192715623586
1433 0.9395195770363105
1434 0.939519752271061
1435 0.939519752271061
1436 0.939519752271061
1437 0.9395198103172661
1438 0.9395198103172661
1439 0.9395198103172661
1440 0.9395198103172661
1441 0.9395198103172661
1442 0.9395202301775334
1443 0.9395202301775334
1444 0.9395202301775334
1445 0.9395202301775334
1446 0.9395202301775334
1447 0.9395202301775334
1448 0.9395202301775334
1449 0.9395202301775334
1450 0.9395202301775334
1451 0.9395202301775334
1452 0.9395202301775334
1453 0.9395202301775334
1454 0.9395202301775334
1455 0.9395206919751884
1456 0.9395206919751884
1457 0.9395206919751884
1458 0.9395206919751884
1459 0.9395206919751884
1460 0.9395206919751884
1461 0.9395206919751884
1462 0.9395206919751884
1463 0.9395206919751884
1464 0.9395206919751884
1465 0.9395206919751884
1466 0.9395206919751884
1467 0.9395207290549411
1468 0.9395210275608129
1469 0.9395210275608129
1470 0.9395210275608129
1471 0.9395210275608129
1472 0.9395210275608129
1473 0.9395210275608129
1474 0.9395210275608129
1475 0.9395210275608129
1476 0.9395210275608129
1477 0.9395210275608129
1478 0.9395210275608129
1479 0.9395211851651702
1480 0.9395211851651702
1481 0.9395211851651702
1482 0.9395211851651702
1483 0.9395211851651702
1484 0.9395211851651702
1485 0.9395211851651702
1486 0.9395216137784851
1487 0.9395216137784851
1488 0.9395216137784851
1489 0.9395216137784851
1490 0.9395216137784851
1491 0.9395216137784851
1492 0.9395216137784851
1493 0.9395216137784851
1494 0.9395216137784851
1495 0.9395216137784851
1496 0.9395216137784851
1497 0.9395222085052352
1498 0.9395222085052352
1499 0.9395222085052352
1500 0.9395222085052352
1501 0.9395222085052352
1502 0.9395222085052352
1503 0.9395222085052352
1504 0.9395222085052352
1505 0.9395222085052352
1506 0.9395222085052352
1507 0.9395222085052352
1508 0.9395222085052352
1509 0.9395222085052352
1510 0.9395222085052352
1511 0.9395222085052352
1512 0.9395222085052352
1513 0.9395222963591887
1514 0.939522350484094
1515 0.9395224170021653
1516 0.939522656650329
1517 0.939522656650329
1518 0.939522656650329
1519 0.939522656650329
1520 0.939522656650329
1521 0.939522656650329
1522 0.939522656650329
1523 0.9395227265131888
1524 0.9395227265131888
1525 0.9395227265131888
1526 0.9395227265131888
1527 0.9395227833523432
1528 0.9395227833523432
1529 0.9395227833523432
1530 0.9395227833523432
1531 0.9395227833523432
1532 0.9395227833523432
1533 0.9395228080183419
1534 0.9395228080183419
1535 0.9395228080183419
1536 0.9395228080183419
1537 0.9395228080183419
1538 0.9395228325608849
1539 0.9395228325608849
1540 0.9395228325608849
1541 0.9395228325608849
1542 0.9395230837979367
1543 0.9395230837979367
1544 0.9395230837979367
1545 0.9395230837979367
1546 0.9395230837979367
1547 0.9395230837979367
1548 0.9395230837979367
1549 0.9395230837979367
1550 0.9395230837979367
1551 0.9395230837979367
1552 0.9395230837979367
1553 0.9395230837979367
1554 0.9395231423771185
1555 0.9395231423771185
1556 0.9395231423771185
1557 0.9395232827319464
1558 0.9395232827319464
1559 0.9395232827319464
1560 0.9395232827319464
1561 0.9395232827319464
1562 0.9395232827319464
1563 0.9395232827319464
1564 0.9395232827319464
1565 0.9395232827319464
1566 0.9395232827319464
1567 0.9395232827319464
1568 0.939523311659084
1569 0.939523311659084
1570 0.9395236970807186
1571 0.9395236970807186
1572 0.9395236970807186
1573 0.9395237135979678
1574 0.9395237135979678
1575 0.9395237135979678
1576 0.9395237135979678
1577 0.9395237135979678
1578 0.9395237135979678
1579 0.9395237135979678
1580 0.9395237135979678
1581 0.9395237135979678
1582 0.9395237135979678
1583 0.9395237135979678
1584 0.9395237135979678
1585 0.9395237135979678
1586 0.9395237135979678
1587 0.9395237135979678
1588 0.9395237135979678
1589 0.9395237135979678
1590 0.9395237135979678
1591 0.9395237135979678
1592 0.9395237844967929
1593 0.9395237844967929
1594 0.9395237844967929
1595 0.9395237844967929
1596 0.9395239581518633
1597 0.9395243320674342
1598 0.9395243320674342
1599 0.9395243320674342
1600 0.9395243320674342
1601 0.9395243320674342
1602 0.9395243320674342
1603 0.9395243587906632
1604 0.9395243587906632
1605 0.9395245305756529
1606 0.9395245305756529
1607 0.9395245305756529
1608 0.9395245305756529
1609 0.9395245305756529
1610 0.9395245305756529
1611 0.9395245305756529
1612 0.9395245305756529
1613 0.9395245305756529
1614 0.9395245305756529
1615 0.9395245305756529
1616 0.9395245305756529
1617 0.9395245305756529
1618 0.9395245682992575
1619 0.9395245682992575
1620 0.939524599579765
1621 0.939524599579765
1622 0.939524599579765
1623 0.939524599579765
1624 0.9395248992118969
1625 0.9395248992118969
1626 0.9395248992118969
1627 0.9395248992118969
1628 0.9395248992118969
1629 0.9395248992118969
1630 0.9395248992118969
1631 0.9395248992118969
1632 0.9395248992118969
1633 0.9395248992118969
1634 0.9395248992118969
1635 0.9395248992118969
1636 0.9395248992118969
1637 0.9395248992118969
1638 0.9395248992118969
1639 0.9395248992118969
1640 0.9395248992118969
1641 0.9395248992118969
1642 0.9395248992118969
1643 0.9395252437524783
1644 0.9395252437524783
1645 0.9395252437524783
1646 0.9395252437524783
1647 0.9395253783287876
1648 0.9395255170522074
1649 0.9395255170522074
1650 0.9395255170522074
1651 0.9395255170522074
1652 0.9395255170522074
1653 0.9395255170522074
1654 0.9395255170522074
1655 0.9395255170522074
1656 0.9395255170522074
1657 0.9395255170522074
1658 0.9395260960676568
1659 0.9395260960676568
1660 0.9395260960676568
1661 0.9395260960676568
1662 0.9395260960676568
1663 0.9395260960676568
1664 0.9395260960676568
1665 0.9395260960676568
1666 0.9395260960676568
1667 0.9395260960676568
1668 0.9395260960676568
1669 0.9395261592883486
1670 0.9395261592883486
1671 0.9395261592883486
1672 0.9395261592883486
1673 0.9395261592883486
1674 0.9395261592883486
1675 0.9395261592883486
1676 0.9395261592883486
1677 0.9395265317426672
1678 0.9395265317426672
1679 0.9395265317426672
1680 0.9395265317426672
1681 0.9395265317426672
1682 0.9395265317426672
1683 0.9395265317426672
1684 0.9395265317426672
1685 0.9395265317426672
1686 0.9395265317426672
1687 0.9395265317426672
1688 0.9395265317426672
1689 0.9395266104572637
1690 0.9395266104572637
1691 0.9395266104572637
1692 0.9395266104572637
1693 0.9395266104572637
1694 0.9395266559540473
1695 0.9395266559540473
1696 0.9395266559540473
1697 0.9395266559540473
1698 0.9395266559540473
1699 0.9395266559540473
1700 0.9395267965790972
1701 0.9395267965790972
1702 0.9395267965790972
1703 0.9395268733999392
1704 0.9395268868116633
1705 0.9395268868116633
1706 0.9395268868116633
1707 0.9395268868116633
1708 0.9395268868116633
1709 0.9395269329797106
1710 0.9395269329797106
1711 0.9395269329797106
1712 0.9395269329797106
1713 0.9395269329797106
1714 0.9395269329797106
1715 0.9395269446248191
1716 0.9395269446248191
1717 0.9395270507178571
1718 0.9395270507178571
1719 0.9395270507178571
1720 0.9395270507178571
1721 0.9395270507178571
1722 0.9395270507178571
1723 0.9395270906268782
1724 0.9395273602122655
1725 0.9395273602122655
1726 0.9395273602122655
1727 0.9395275296224219
1728 0.9395275296224219
1729 0.9395275296224219
1730 0.9395275296224219
1731 0.9395275296224219
1732 0.9395275296224219
1733 0.9395275296224219
1734 0.9395275296224219
1735 0.9395275296224219
1736 0.9395275296224219
1737 0.9395275296224219
1738 0.9395275296224219
1739 0.9395275296224219
1740 0.9395275296224219
1741 0.9395275296224219
1742 0.9395275296224219
1743 0.9395275296224219
1744 0.9395275296224219
1745 0.9395276356350181
1746 0.9395276356350181
1747 0.9395276356350181
1748 0.9395276356350181
1749 0.9395276356350181
1750 0.9395276356350181
1751 0.9395279425407717
1752 0.9395279425407717
1753 0.9395279425407717
1754 0.9395279425407717
1755 0.9395279425407717
1756 0.9395279425407717
1757 0.9395279425407717
1758 0.9395279425407717
1759 0.9395279425407717
1760 0.9395279818422028
1761 0.9395279818422028
1762 0.9395279818422028
1763 0.9395279818422028
1764 0.9395279818422028
1765 0.9395279818422028
1766 0.9395279818422028
1767 0.9395279818422028
1768 0.9395279818422028
1769 0.9395279818422028
1770 0.9395280770879939
1771 0.9395280770879939
1772 0.9395280770879939
1773 0.9395280770879939
1774 0.9395280770879939
1775 0.9395280770879939
1776 0.9395280770879939
1777 0.9395281013232287
1778 0.9395281013232287
1779 0.9395281013232287
1780 0.9395281013232287
1781 0.9395281104386237
1782 0.9395281104386237
1783 0.9395281324285463
1784 0.9395281324285463
1785 0.9395281324285463
1786 0.9395281698872168
1787 0.9395281698872168
1788 0.9395281698872168
1789 0.9395282248683459
1790 0.9395282248683459
1791 0.9395282483687154
1792 0.9395282483687154
1793 0.9395283102285579
1794 0.9395283102285579
1795 0.9395284112960763
1796 0.9395284112960763
1797 0.9395284112960763
1798 0.9395284112960763
1799 0.9395284112960763
1800 0.9395284112960763
1801 0.9395284112960763
1802 0.9395284112960763
1803 0.9395284112960763
1804 0.9395285736628436
1805 0.9395285736628436
1806 0.9395285736628436
1807 0.9395285736628436
1808 0.9395285736628436
1809 0.9395285736628436
1810 0.9395285736628436
1811 0.9395285736628436
1812 0.9395285736628436
1813 0.9395285736628436
1814 0.9395286088450105
1815 0.9395286088450105
1816 0.9395286088450105
1817 0.9395286088450105
1818 0.9395289574443357
1819 0.9395289574443357
1820 0.9395289574443357
1821 0.9395289574443357
1822 0.9395289574443357
1823 0.9395289574443357
1824 0.9395289574443357
1825 0.9395290170942245
1826 0.9395290170942245
1827 0.9395293246194709
1828 0.9395293246194709
1829 0.9395293246194709
1830 0.9395293246194709
1831 0.9395293246194709
1832 0.9395293246194709
1833 0.9395293246194709
1834 0.9395293246194709
1835 0.9395293246194709
1836 0.9395293246194709
1837 0.9395293246194709
1838 0.9395293246194709
1839 0.9395293246194709
1840 0.9395293246194709
1841 0.9395293246194709
1842 0.9395293246194709
1843 0.9395293246194709
1844 0.9395293246194709
1845 0.9395293246194709
1846 0.9395293246194709
1847 0.9395293246194709
