000 0.1598487040671366
001 0.1598487040671366
002 0.22952891349312188
003 0.26568912261745725
004 0.37263219275618936
005 0.4002510347128707
006 0.4060447365723082
007 0.4825121074719878
008 0.5105593403672897
009 0.5524740072389287
010 0.5907551423183802
011 0.6581856125073764
012 0.6766162580805636
013 0.67890474512189
014 0.7218465833816252
015 0.7535929828463902
016 0.7648665583583956
017 0.7793834987101879
018 0.8083730162157869
019 0.8350470843916505
020 0.8406437242141981
021 0.8485008733893703
022 0.851069499011021
023 0.8558341301980761
024 0.8616984479709535
025 0.8620712800721599
026 0.8629347865562987
027 0.8633723147758022
028 0.8633934058799052
029 0.8633934058799052
030 0.8633934058799052
031 0.8643070184125307
032 0.8643169475628683
033 0.8643169475628683
034 0.8643169475628683
035 0.8645710948512285
036 0.8679912975176788
037 0.8691555125376437
038 0.8695002875413238
039 0.8706600764537668
040 0.8707158507423968
041 0.8715604573250709
042 0.8721847668282727
043 0.872699598036083
044 0.8728594394004402
045 0.8731284254033169
046 0.8732152024488532
047 0.873220022612645
048 0.873241178611896
049 0.8732471566992595
050 0.8732497473383186
051 0.8736244138764966
052 0.8764461992429133
053 0.8764824922614464
054 0.8770486134885858
055 0.8773239842005749
056 0.8776870435270048
057 0.8779585317524231
058 0.8781563257704993
059 0.8782687348326537
060 0.8783915679839615
061 0.8789940887971738
062 0.8789940887971738
063 0.879178727100623
064 0.8792384618774599
065 0.8793070368124686
066 0.8809768019180652
067 0.8812728408938699
068 0.8816365066020295
069 0.8817184960239978
070 0.8822456732108014
071 0.882349131632489
072 0.8825331309282468
073 0.8826265019629527
074 0.8827098497594108
075 0.8827855318872978
076 0.882805131349563
077 0.8842610536028186
078 0.8847115241169928
079 0.8847115241169928
080 0.8848273465020399
081 0.8849000774614951
082 0.8849341715003561
083 0.8850947300642652
084 0.8852043979997336
085 0.8853207131248696
086 0.8854351571824874
087 0.885740417963833
088 0.8864271632117887
089 0.8866461729514385
090 0.8870518239483078
091 0.8872953900686883
092 0.8876147424006653
093 0.8879166454559234
094 0.8881049635695323
095 0.8883881968489677
096 0.8887946267669485
097 0.88930817989519
098 0.8894926171257078
099 0.8896427742117891
100 0.8898291414987601
101 0.8898291414987601
102 0.8898629271540902
103 0.8898989521357857
104 0.8899243290517856
105 0.8899365404431935
106 0.8902726762060179
107 0.8905394251415475
108 0.8907172043905681
109 0.8909973840144767
110 0.8915635284453308
111 0.8917707864445037
112 0.8920456281531505
113 0.8924358113159716
114 0.8926602661695242
115 0.8930765944772673
116 0.8935298119533465
117 0.8935887935775461
118 0.8938375497738732
119 0.8940488510916251
120 0.8942065423282141
121 0.8942597834812145
122 0.8944145827332747
123 0.8944733312439698
124 0.8945273160701039
125 0.8949073054052716
126 0.8950363548748795
127 0.8952172486366246
128 0.8954157276615718
129 0.8957187746364771
130 0.8959182343847257
131 0.8962633957195103
132 0.8965117982469186
133 0.8967742686912088
134 0.8970458591967924
135 0.8971928267182719
136 0.8975764000723487
137 0.8977525498320402
138 0.8981343685759602
139 0.8982856716742461
140 0.8983887966944041
141 0.8987916673021011
142 0.8988374863648994
143 0.8990869203461703
144 0.8991898875980442
145 0.8993005947474056
146 0.8994527628177095
147 0.899505605393865
148 0.8996449202957603
149 0.8999333864643715
150 0.9001496173605126
151 0.9005533725585868
152 0.9007698113356258
153 0.9009029927113076
154 0.901077050030572
155 0.9014701736850996
156 0.901756380222848
157 0.9020713248570094
158 0.9021416453801975
159 0.9021445181087373
160 0.9022913313254535
161 0.9024469875220497
162 0.9027269054287643
163 0.9029988904098373
164 0.9031285067602307
165 0.903381813676869
166 0.9036203056017735
167 0.9037922735398896
168 0.9037970046866401
169 0.904152207223547
170 0.9043163104028207
171 0.9045357683532688
172 0.9047887954723187
173 0.904991298665223
174 0.9051265703045493
175 0.9052394425399444
176 0.9054955989439639
177 0.9057510376759671
178 0.9057971720792184
179 0.9061374615895151
180 0.9063052011115917
181 0.9064481947313604
182 0.9065115388240838
183 0.9066899519927389
184 0.9068774531884184
185 0.9071265280869137
186 0.9071265280869137
187 0.9073317993833938
188 0.907413321252208
189 0.9075219023287463
190 0.9076002120248893
191 0.9078294797501891
192 0.9081169998241146
193 0.9081169998241146
194 0.9083316540615001
195 0.9084187038474486
196 0.908620428910378
197 0.9086387170528764
198 0.9087685860660507
199 0.9089548949824173
200 0.9091115115441027
201 0.9091517415723533
202 0.9093427769577622
203 0.9093748619594907
204 0.9096417808527988
205 0.9096417808527988
206 0.9099525177526929
207 0.9100448653267109
208 0.9100917640334223
209 0.9100917640334223
210 0.9102957037010695
211 0.9104364729637684
212 0.9104591573225019
213 0.9106744725252193
214 0.9107161878040484
215 0.9108903471171357
216 0.9108903471171357
217 0.9110305433782813
218 0.9110333985503112
219 0.9111652228051101
220 0.9112896689105279
221 0.9113817734065269
222 0.91145671856911
223 0.9115479477373455
224 0.9116462247939935
225 0.9118843967892228
226 0.9118843967892228
227 0.9118843967892228
228 0.9119380885157646
229 0.9120492107493096
230 0.9121713089506578
231 0.9121713089506578
232 0.9122545154659283
233 0.9122545154659283
234 0.9122981022726429
235 0.912408704593884
236 0.9125071736022754
237 0.9125071736022754
238 0.9125455856802852
239 0.9126582211992961
240 0.9127782622476845
241 0.9129460047487564
242 0.9129460047487564
243 0.9129460047487564
244 0.9130125668515445
245 0.9130522532126375
246 0.9130522532126375
247 0.9130727627051225
248 0.9131981147828924
249 0.91322630726871
250 0.9132435598160298
251 0.9132936568467315
252 0.9133544372189845
253 0.9133787058334641
254 0.9134273574040708
255 0.9135194041749211
256 0.9135311990225321
257 0.9135407947936999
258 0.9135577344865708
259 0.9136130894591666
260 0.9136707042447751
261 0.9136870291194112
262 0.9136990125514443
263 0.9137133672080356
264 0.9137282143490677
265 0.9138122245454843
266 0.9138523233295451
267 0.9138608673133465
268 0.9138859249057472
269 0.9139026729779673
270 0.9139076190947442
271 0.9139490632981596
272 0.9139970706619492
273 0.9140336374705643
274 0.9140680366704381
275 0.9141117494439015
276 0.9141464782384888
277 0.9141464782384888
278 0.9141592647686567
279 0.9141808006078532
280 0.9142029899949208
281 0.9142292108709352
282 0.9142589777999657
283 0.9142589777999657
284 0.9143002417802678
285 0.9143070638040531
286 0.914348337788554
287 0.914348337788554
288 0.9143676324487426
289 0.9143927041632387
290 0.914405800986646
291 0.9144386383999381
292 0.9144636990302658
293 0.9144636990302658
294 0.9144766093889806
295 0.9145084144880841
296 0.9145245403075092
297 0.9145690790112097
298 0.9145690790112097
299 0.9145752152677513
300 0.9146338616414591
301 0.9146338616414591
302 0.9146442774793009
303 0.9146954598225695
304 0.9146954598225695
305 0.9147034631605686
306 0.9147034631605686
307 0.9147263842704038
308 0.9147263842704038
309 0.9147482452172417
310 0.9147802857609463
311 0.9147802857609463
312 0.9147802857609463
313 0.9147841756200062
314 0.9148177680347277
315 0.9148177680347277
316 0.9148368509257021
317 0.9148396744294208
318 0.9148563721830398
319 0.9148654366160339
320 0.9149031202309557
321 0.9149031202309557
322 0.9149031202309557
323 0.9149214456941687
324 0.9149238867933842
325 0.9149346371782564
326 0.9149504371319476
327 0.9150022138993791
328 0.9150022138993791
329 0.9150138337778434
330 0.9150138337778434
331 0.915022987304009
332 0.9150280709953592
333 0.9150283378282323
334 0.9150318807942227
335 0.9150478640298609
336 0.9150478640298609
337 0.9150478640298609
338 0.915067359815281
339 0.9150698307347109
340 0.915104618409747
341 0.915104618409747
342 0.915104618409747
343 0.915104618409747
344 0.9151174337558523
345 0.9151174337558523
346 0.9151305849369568
347 0.9151338887398941
348 0.9151559283500362
349 0.9151559283500362
350 0.9151584879021871
351 0.9151584879021871
352 0.9151827129293577
353 0.9151827129293577
354 0.9151827129293577
355 0.9151948098242685
356 0.9151948098242685
357 0.9152014216267083
358 0.9152033633260505
359 0.9152044122804175
360 0.915211561544475
361 0.9152227330155257
362 0.9152510166907509
363 0.9152510166907509
364 0.9152510166907509
365 0.9152510166907509
366 0.9152510166907509
367 0.9152534069558846
368 0.9152676448301604
369 0.9152676448301604
370 0.9152701549114286
371 0.9152808951420744
372 0.9152808951420744
373 0.915281839415507
374 0.9152821055231302
375 0.9153019854011718
376 0.9153019854011718
377 0.9153048672711767
378 0.9153048672711767
379 0.9153081732356833
380 0.9153227201509797
381 0.9153227201509797
382 0.9153227201509797
383 0.9153250815144166
384 0.9153335401034219
385 0.9153457792967374
386 0.9153457792967374
387 0.9153464920860571
388 0.9153480607137878
389 0.9153504984684258
390 0.9153538068271225
391 0.9153606120849977
392 0.915360723476764
393 0.915369434003302
394 0.9153735682054552
395 0.915381349425871
396 0.915381349425871
397 0.9153855273054434
398 0.9153883044029918
399 0.9153962962819588
400 0.9153962962819588
401 0.9153969826278804
402 0.9153978340837156
403 0.9153995987718686
404 0.9154074151216723
405 0.915408307822438
406 0.9154129080018313
407 0.9154223014568973
408 0.91542881222408
409 0.9154311779178946
410 0.9154311779178946
411 0.9154343246358511
412 0.9154452343910535
413 0.9154534529100689
414 0.9154534529100689
415 0.9154534529100689
416 0.9154580040733803
417 0.9154586908422375
418 0.9154600301475454
419 0.915462187048548
420 0.9154635871298185
421 0.915470024889596
422 0.9154753633420522
423 0.9154820306707663
424 0.9154871479705113
425 0.9154950263755005
426 0.9155018888982118
427 0.9155018888982118
428 0.9155018888982118
429 0.9155018888982118
430 0.9155018888982118
431 0.9155087314136707
432 0.9155087314136707
433 0.9155087314136707
434 0.9155122160792457
435 0.9155171856860395
436 0.915524384643542
437 0.915524384643542
438 0.915524384643542
439 0.9155300577260077
440 0.9155300577260077
441 0.9155310601315486
442 0.9155382434436921
443 0.9155477570797225
444 0.9155523705578801
445 0.9155523705578801
446 0.9155523705578801
447 0.9155564168440466
448 0.9155564168440466
449 0.9155582284600118
450 0.9155586160860637
451 0.9155615636657505
452 0.915567363623103
453 0.915567363623103
454 0.915567363623103
455 0.915567363623103
456 0.9155693951411137
457 0.9155700835248198
458 0.9155740029001438
459 0.9155740029001438
460 0.9155766282559701
461 0.9155774641974711
462 0.9155826942448828
463 0.9155826942448828
464 0.9155826942448828
465 0.9155835189566761
466 0.9155858879704598
467 0.9155858879704598
468 0.9155894485332217
469 0.9155894485332217
470 0.9155896685744157
471 0.9155922909900465
472 0.9155922909900465
473 0.9155922909900465
474 0.9155975843129349
475 0.9155975843129349
476 0.9155996166484481
477 0.9155996166484481
478 0.9155997219363331
479 0.9156045981190423
480 0.9156045981190423
481 0.9156045981190423
482 0.9156066167692747
483 0.9156090809838764
484 0.9156090809838764
485 0.915611443945233
486 0.915611443945233
487 0.9156152255808164
488 0.9156167027497343
489 0.9156167027497343
490 0.9156167027497343
491 0.9156224931403719
492 0.9156224931403719
493 0.9156224931403719
494 0.9156224931403719
495 0.9156224931403719
496 0.9156234227430887
497 0.9156263019857472
498 0.9156263019857472
499 0.9156280159446474
500 0.9156333923240386
501 0.9156333923240386
502 0.9156333923240386
503 0.9156333923240386
504 0.9156333923240386
505 0.915639733863232
506 0.915639733863232
507 0.915639733863232
508 0.9156485621435453
509 0.9156485621435453
510 0.9156485621435453
511 0.9156485621435453
512 0.9156485621435453
513 0.915649553916889
514 0.915649553916889
515 0.9156505510839855
516 0.9156505510839855
517 0.9156505510839855
518 0.9156562652981346
519 0.9156562652981346
520 0.9156562652981346
521 0.9156562652981346
522 0.9156562652981346
523 0.9156574425601993
524 0.9156580335070406
525 0.9156593103710039
526 0.9156593103710039
527 0.9156598143828097
528 0.9156598143828097
529 0.9156621587685029
530 0.9156621587685029
531 0.9156659864857547
532 0.9156659864857547
533 0.9156738519190937
534 0.9156738519190937
535 0.9156738519190937
536 0.9156738519190937
537 0.9156745805646066
538 0.9156757524456776
539 0.9156757524456776
540 0.9156757524456776
541 0.9156799197996578
542 0.9156850104826562
543 0.9156850104826562
544 0.9156850104826562
545 0.9156850104826562
546 0.9156850104826562
547 0.9156850104826562
548 0.9156850104826562
549 0.9156850104826562
550 0.915688930909673
551 0.915688930909673
552 0.915688930909673
553 0.915688930909673
554 0.9156898960595341
555 0.9156926928421019
556 0.9156926928421019
557 0.9156926928421019
558 0.9156926928421019
559 0.9156934487279611
560 0.9156939919804865
561 0.9156953979175824
562 0.9157009366937007
563 0.9157009366937007
564 0.9157009366937007
565 0.9157009366937007
566 0.9157009366937007
567 0.9157009366937007
568 0.9157041043270999
569 0.9157041043270999
570 0.9157041043270999
571 0.9157041560544217
572 0.9157041560544217
573 0.9157041560544217
574 0.9157041560544217
575 0.9157041560544217
576 0.91570631450664
577 0.9157075591113211
578 0.9157075591113211
579 0.9157081052122934
580 0.9157081052122934
581 0.9157098480579737
582 0.9157098480579737
583 0.9157115106755573
584 0.9157115106755573
585 0.9157124371215901
586 0.9157124371215901
587 0.9157146323063579
588 0.9157146323063579
589 0.9157146323063579
590 0.9157146323063579
591 0.9157146323063579
592 0.9157146323063579
593 0.9157173675251606
594 0.9157173675251606
595 0.9157199966243063
596 0.9157199966243063
597 0.9157199966243063
598 0.9157199966243063
599 0.915723098837282
600 0.915723098837282
601 0.915723098837282
602 0.915723098837282
603 0.915723098837282
604 0.915723098837282
605 0.915723098837282
606 0.915723098837282
607 0.915723098837282
608 0.9157242900884387
609 0.9157242900884387
610 0.9157242900884387
611 0.9157247446119562
612 0.9157254232207185
613 0.9157254232207185
614 0.9157254232207185
615 0.9157260926232038
616 0.9157272112059901
617 0.915727543963689
618 0.915727543963689
619 0.915727543963689
620 0.9157287500923729
621 0.9157301553634549
622 0.9157301553634549
623 0.9157301553634549
624 0.9157301553634549
625 0.9157301553634549
626 0.9157301553634549
627 0.9157324824618805
628 0.9157324824618805
629 0.9157324824618805
630 0.9157328647413694
631 0.9157328647413694
632 0.9157328647413694
633 0.9157328647413694
634 0.9157345029622826
635 0.9157345029622826
636 0.9157345029622826
637 0.9157345029622826
638 0.9157360835835915
639 0.9157360835835915
640 0.915736517469955
641 0.915737965285681
642 0.915737965285681
643 0.915737965285681
644 0.915737965285681
645 0.915737965285681
646 0.9157382159594809
647 0.9157382159594809
648 0.9157382159594809
649 0.9157382159594809
650 0.915739914746449
651 0.915739914746449
652 0.915739914746449
653 0.915739914746449
654 0.915739914746449
655 0.9157415417310957
656 0.9157415417310957
657 0.9157428917920571
658 0.9157430033011672
659 0.9157435026968306
660 0.9157435026968306
661 0.915743980159815
662 0.9157441581120542
663 0.9157448417212647
664 0.9157452276776481
665 0.9157452276776481
666 0.9157458142840157
667 0.9157458142840157
668 0.9157458142840157
669 0.9157458142840157
670 0.9157458142840157
671 0.9157458142840157
672 0.9157467216416635
673 0.915748257626208
674 0.915748257626208
675 0.915748257626208
676 0.915748257626208
677 0.9157496258446772
678 0.9157496258446772
679 0.9157496258446772
680 0.9157496258446772
681 0.9157496258446772
682 0.9157497496495945
683 0.9157497496495945
684 0.9157497496495945
685 0.9157500990326276
686 0.9157500990326276
687 0.9157505731816404
688 0.9157514333234057
689 0.9157514333234057
690 0.9157514333234057
691 0.915752505712312
692 0.915752505712312
693 0.915752505712312
694 0.915752505712312
695 0.915752505712312
696 0.9157540795797083
697 0.9157540795797083
698 0.9157540795797083
699 0.9157540795797083
700 0.9157540795797083
701 0.9157540795797083
702 0.9157542154971989
703 0.9157542154971989
704 0.9157542154971989
705 0.915754933690199
706 0.9157552605739938
707 0.9157553061633678
708 0.9157553061633678
709 0.9157553061633678
710 0.915756883526904
711 0.915756883526904
712 0.915756883526904
713 0.9157576617688492
714 0.9157576617688492
715 0.9157576644717078
716 0.9157576644717078
717 0.9157576644717078
718 0.9157588437100322
719 0.9157588437100322
720 0.9157588437100322
721 0.9157588437100322
722 0.9157593685868181
723 0.9157593685868181
724 0.9157593685868181
725 0.9157598321760607
726 0.9157603153129038
727 0.9157608427929602
728 0.9157608427929602
729 0.9157608427929602
730 0.9157608427929602
731 0.9157608427929602
732 0.9157609970201188
733 0.9157609970201188
734 0.9157611796068579
735 0.9157620120373791
736 0.9157620120373791
737 0.9157627652831953
738 0.9157627652831953
739 0.9157633835181559
740 0.9157634807252516
741 0.9157634807252516
742 0.9157634807252516
743 0.9157634807252516
744 0.9157634807252516
745 0.9157634807252516
746 0.9157647265818699
747 0.9157647265818699
748 0.9157647265818699
749 0.9157647265818699
750 0.9157647265818699
751 0.9157652577741593
752 0.9157652577741593
753 0.9157655640666752
754 0.9157655640666752
755 0.9157655640666752
756 0.9157666217469238
757 0.915767253196901
758 0.915767253196901
759 0.915767253196901
760 0.9157675648308068
761 0.9157675648308068
762 0.9157675648308068
763 0.9157675648308068
764 0.9157675648308068
765 0.9157678483852378
766 0.9157678483852378
767 0.9157678483852378
768 0.9157689846470594
769 0.9157689846470594
770 0.9157689846470594
771 0.9157689846470594
772 0.9157689846470594
773 0.9157689846470594
774 0.9157689846470594
775 0.9157698716247404
776 0.9157698750960858
777 0.9157698750960858
778 0.9157698750960858
779 0.9157698750960858
780 0.9157698750960858
781 0.9157698750960858
782 0.9157705111291871
783 0.9157706738495919
784 0.9157706738495919
785 0.9157706738495919
786 0.9157708948481849
787 0.9157714125873746
788 0.9157714125873746
789 0.9157714125873746
790 0.9157714125873746
791 0.9157723468586514
792 0.9157723468586514
793 0.9157723468586514
794 0.9157723468586514
795 0.9157723468586514
796 0.9157723468586514
797 0.9157723468586514
798 0.9157727751845652
799 0.9157727751845652
800 0.9157727751845652
801 0.9157727751845652
802 0.9157727751845652
803 0.9157727751845652
804 0.9157732424566117
805 0.9157739217309534
806 0.9157739217309534
807 0.9157739217309534
808 0.9157739217309534
809 0.9157739217309534
810 0.9157741156098542
811 0.9157741156098542
812 0.9157741156098542
813 0.9157745758250402
814 0.9157748946955484
815 0.9157748946955484
816 0.9157748946955484
817 0.9157752151612614
818 0.9157752151612614
819 0.9157752151612614
820 0.9157752151612614
821 0.9157752151612614
822 0.9157752151612614
823 0.9157752151612614
824 0.9157752151612614
825 0.9157753037649614
826 0.9157753037649614
827 0.9157753037649614
828 0.9157758487753822
829 0.9157761725950836
830 0.9157761725950836
831 0.9157762544566476
832 0.9157777894305564
833 0.9157777894305564
834 0.9157777894305564
835 0.9157777894305564
836 0.9157777894305564
837 0.9157777894305564
838 0.9157777894305564
839 0.9157779272705783
840 0.9157779272705783
841 0.9157779272705783
842 0.9157779272705783
843 0.9157779272705783
844 0.9157782071309224
845 0.9157782071309224
846 0.9157782071309224
847 0.9157782071309224
848 0.9157782071309224
849 0.9157782071309224
850 0.9157782071309224
851 0.9157789297965708
852 0.9157789297965708
853 0.9157789297965708
854 0.9157797331817085
855 0.9157797331817085
856 0.9157797331817085
857 0.9157797331817085
858 0.9157797331817085
859 0.9157797331817085
860 0.9157797331817085
861 0.9157803501566221
862 0.9157803501566221
863 0.9157814921322035
864 0.9157814921322035
865 0.9157814921322035
866 0.9157814921322035
867 0.9157814921322035
868 0.9157814921322035
869 0.9157814921322035
870 0.9157814921322035
871 0.9157814921322035
872 0.9157814921322035
873 0.9157817443630663
874 0.9157817443630663
875 0.9157817443630663
876 0.9157817443630663
877 0.9157817443630663
878 0.9157817443630663
879 0.9157817443630663
880 0.9157817443630663
881 0.9157817443630663
882 0.9157817443630663
883 0.915781791605691
884 0.915781791605691
885 0.915781791605691
886 0.915781791605691
887 0.9157819584699981
888 0.9157820541285971
889 0.9157820541285971
890 0.9157821314715362
891 0.9157826220377121
892 0.9157826220377121
893 0.9157826220377121
894 0.9157826220377121
895 0.9157826220377121
896 0.9157826220377121
897 0.915782790954092
898 0.9157830516678727
899 0.9157835308302368
900 0.9157835308302368
901 0.9157835308302368
902 0.915783677987169
903 0.915783677987169
904 0.915783677987169
905 0.915784685790396
906 0.915784685790396
907 0.915784685790396
908 0.915784685790396
909 0.915784685790396
910 0.915784685790396
911 0.915784685790396
912 0.915784685790396
913 0.915784685790396
914 0.9157853557362107
915 0.9157853557362107
916 0.9157853557362107
917 0.9157853557362107
918 0.9157853557362107
919 0.9157853557362107
920 0.9157853557362107
921 0.9157853557362107
922 0.9157853557362107
923 0.9157853557362107
924 0.9157853557362107
925 0.9157856669584984
926 0.9157856669584984
927 0.9157856669584984
928 0.9157861632496066
929 0.9157862577335445
930 0.9157862577335445
931 0.9157862577335445
932 0.9157862577335445
933 0.9157862577335445
934 0.9157862577335445
935 0.9157862577335445
936 0.9157862577335445
937 0.9157862577335445
938 0.9157862577335445
939 0.9157868128137626
940 0.9157868128137626
941 0.9157868128137626
942 0.9157868128137626
943 0.9157868128137626
944 0.9157868128137626
945 0.9157868128137626
946 0.9157868697627105
947 0.9157872195115241
948 0.9157873765380586
949 0.9157873765380586
950 0.9157873765380586
951 0.9157873765380586
952 0.9157873765380586
953 0.9157873765380586
954 0.9157873765380586
955 0.9157874988987583
956 0.9157874988987583
957 0.91578752178297
958 0.9157876138677025
959 0.9157876138677025
960 0.9157879062781527
961 0.9157879062781527
962 0.9157879276199519
963 0.9157880283194235
964 0.9157880283194235
965 0.9157880283194235
966 0.9157880283194235
967 0.9157884293474151
968 0.9157888488950408
969 0.9157888488950408
970 0.9157893302293919
971 0.9157893302293919
972 0.9157893302293919
973 0.9157893302293919
974 0.9157893302293919
975 0.9157893302293919
976 0.9157893302293919
977 0.9157893302293919
978 0.9157893302293919
979 0.9157893302293919
980 0.9157893302293919
981 0.9157893302293919
982 0.9157893302293919
983 0.9157893302293919
984 0.9157893302293919
985 0.9157894880738746
986 0.9157894880738746
987 0.9157904338392179
988 0.9157904338392179
989 0.9157904338392179
990 0.9157904338392179
991 0.9157904338392179
992 0.9157904338392179
993 0.9157904338392179
994 0.9157904338392179
995 0.9157904338392179
996 0.9157904338392179
997 0.9157904338392179
998 0.9157905200284483
999 0.9157905200284483
1000 0.9157905317039879
1001 0.9157905317039879
1002 0.9157905317039879
1003 0.9157905317039879
1004 0.9157905317039879
1005 0.9157905317039879
1006 0.915791016754556
1007 0.915791016754556
1008 0.915791016754556
1009 0.915791016754556
1010 0.915791016754556
1011 0.915791016754556
1012 0.915791016754556
1013 0.9157911408698293
1014 0.9157913481470917
1015 0.9157914543114356
1016 0.9157914543114356
1017 0.9157917381502992
1018 0.9157917381502992
1019 0.9157917381502992
1020 0.9157917381502992
1021 0.9157917381502992
1022 0.9157917381502992
1023 0.9157917381502992
1024 0.9157922380618737
1025 0.9157922380618737
1026 0.9157922380618737
1027 0.9157922380618737
1028 0.9157922380618737
1029 0.9157922848293534
1030 0.9157922848293534
1031 0.9157931015844623
1032 0.9157931015844623
1033 0.9157931015844623
1034 0.9157931015844623
1035 0.9157931015844623
1036 0.9157931015844623
1037 0.9157931015844623
1038 0.9157931015844623
1039 0.9157931015844623
1040 0.9157931015844623
1041 0.9157931015844623
1042 0.9157931015844623
1043 0.9157931015844623
1044 0.9157931015844623
1045 0.9157931015844623
1046 0.9157931015844623
1047 0.9157933098265867
1048 0.9157933098265867
1049 0.9157933098265867
1050 0.9157933098265867
1051 0.9157933098265867
1052 0.9157933098265867
1053 0.9157933098265867
1054 0.9157933489255627
1055 0.9157933489255627
1056 0.9157933489255627
1057 0.9157933489255627
1058 0.9157937312032528
1059 0.9157937312032528
1060 0.9157937312032528
1061 0.9157941132855613
1062 0.9157941132855613
1063 0.9157941132855613
1064 0.9157941132855613
1065 0.9157941132855613
1066 0.9157941132855613
1067 0.9157941132855613
1068 0.9157941132855613
1069 0.9157942776868526
1070 0.9157942776868526
1071 0.9157947745924951
1072 0.9157947745924951
1073 0.9157947745924951
1074 0.9157947745924951
1075 0.9157947745924951
1076 0.9157947745924951
1077 0.9157951807507219
1078 0.9157951807507219
1079 0.9157951807507219
1080 0.9157951807507219
1081 0.9157951807507219
1082 0.9157951807507219
1083 0.9157951807507219
1084 0.9157951807507219
1085 0.9157951807507219
1086 0.9157951807507219
1087 0.9157951807507219
1088 0.9157951807507219
1089 0.9157951859945413
1090 0.9157951859945413
1091 0.9157954631016323
1092 0.9157955592110207
1093 0.9157955592110207
1094 0.9157955592110207
1095 0.9157955592110207
1096 0.9157955592110207
1097 0.9157955592110207
1098 0.9157955592110207
1099 0.9157955592110207
1100 0.9157955592110207
1101 0.9157955592110207
1102 0.9157956486248329
1103 0.9157957417548616
1104 0.9157957417548616
1105 0.9157957417548616
1106 0.9157957811590268
1107 0.9157957811590268
1108 0.9157959778173277
1109 0.9157959778173277
1110 0.9157961394017079
1111 0.9157961394017079
1112 0.9157961394017079
1113 0.9157963396016913
1114 0.9157963396016913
1115 0.9157963396016913
1116 0.9157963396016913
1117 0.9157963396016913
1118 0.9157963396016913
1119 0.9157963396016913
1120 0.9157963470451121
1121 0.9157963470451121
1122 0.9157963470451121
1123 0.9157963675022636
1124 0.9157963675022636
1125 0.9157965984555215
1126 0.9157965984555215
1127 0.9157966673387274
1128 0.9157969689017579
1129 0.9157969689017579
1130 0.9157969689017579
1131 0.9157969689017579
1132 0.9157969689017579
1133 0.9157969689017579
1134 0.9157971033443859
1135 0.9157971033443859
1136 0.9157971033443859
1137 0.9157971033443859
1138 0.9157971033443859
1139 0.9157971033443859
1140 0.9157971033443859
1141 0.9157971033443859
1142 0.9157971033443859
1143 0.9157971033443859
1144 0.9157977284117301
1145 0.9157977284117301
1146 0.9157977284117301
1147 0.9157977284117301
1148 0.9157977284117301
1149 0.9157977284117301
1150 0.9157977284117301
1151 0.9157977284117301
1152 0.9157977284117301
1153 0.9157977284117301
1154 0.9157977284117301
1155 0.9157977708820765
1156 0.9157977708820765
1157 0.9157977708820765
1158 0.9157977708820765
1159 0.9157977708820765
1160 0.9157977708820765
1161 0.9157979333424163
1162 0.9157980404715621
1163 0.9157980404715621
1164 0.9157982236484807
1165 0.9157982236484807
1166 0.9157982236484807
1167 0.9157982236484807
1168 0.9157982236484807
1169 0.9157982236484807
1170 0.9157982236484807
1171 0.9157982236484807
1172 0.915798224310591
1173 0.915798224310591
1174 0.915798224310591
1175 0.915798224310591
1176 0.9157982481898053
1177 0.9157982481898053
1178 0.9157985372837856
1179 0.9157986871357029
1180 0.9157986871357029
1181 0.9157986871357029
1182 0.9157986871357029
1183 0.9157986871357029
1184 0.9157986871357029
1185 0.9157986871357029
1186 0.9157986871357029
1187 0.9157987170410584
1188 0.9157989389451123
1189 0.9157989389451123
1190 0.9157989389451123
1191 0.9157989389451123
1192 0.9157989389451123
1193 0.9157989389451123
1194 0.9157989389451123
1195 0.9157989389451123
1196 0.9157989928778945
1197 0.9157989928778945
1198 0.9157989928778945
1199 0.9157989928778945
1200 0.9157989928778945
1201 0.9157989928778945
1202 0.9157989928778945
1203 0.9157989928778945
1204 0.9157990770930445
1205 0.9157990770930445
1206 0.9157990770930445
1207 0.9157990770930445
1208 0.9157990770930445
1209 0.9157990770930445
1210 0.9157990770930445
1211 0.915799358214526
1212 0.915799358214526
1213 0.915799358214526
1214 0.915799358214526
1215 0.915799358214526
1216 0.915799358214526
1217 0.915799358214526
1218 0.915799358214526
1219 0.915799358214526
1220 0.915799358214526
1221 0.915799358214526
1222 0.915799358214526
1223 0.915799358214526
1224 0.915799358214526
1225 0.915799358214526
1226 0.915799358214526
1227 0.915799358214526
1228 0.9157993669626822
1229 0.9157993669626822
1230 0.9157993669626822
1231 0.9157993669626822
1232 0.9157993669626822
1233 0.9157993669626822
1234 0.9157993669626822
1235 0.9157994381050167
1236 0.9157994381050167
1237 0.9157994381050167
1238 0.9157994381050167
1239 0.9157996489596378
1240 0.9157996489596378
1241 0.9157996489596378
1242 0.9157996489596378
1243 0.9157996489596378
1244 0.9157996489596378
1245 0.9157996489596378
1246 0.9157997310253553
1247 0.9157997310253553
1248 0.9157997310253553
1249 0.9157997310253553
1250 0.9157997310253553
1251 0.9157998048064855
1252 0.9157998048064855
1253 0.9157998048064855
1254 0.9157998048064855
1255 0.9157998048064855
1256 0.9157998048064855
1257 0.9157998048064855
1258 0.9157998048064855
1259 0.9157998048064855
1260 0.9157998048064855
1261 0.9157998048064855
1262 0.9157998048064855
1263 0.9157998048064855
1264 0.9157998048064855
1265 0.9157998048064855
1266 0.9157998048064855
1267 0.9157998048064855
1268 0.9157998048064855
1269 0.9157999695529019
1270 0.9157999695529019
1271 0.9157999695529019
1272 0.9157999695529019
1273 0.9157999695529019
1274 0.9157999695529019
1275 0.9157999695529019
1276 0.9157999971348704
1277 0.9157999971348704
1278 0.9158001121982677
1279 0.9158001121982677
1280 0.9158001121982677
1281 0.9158001121982677
1282 0.9158001121982677
1283 0.9158001121982677
1284 0.9158002043442538
1285 0.9158002043442538
1286 0.9158002043442538
1287 0.9158002043442538
1288 0.9158002521144578
1289 0.9158002521144578
1290 0.91580048602862
1291 0.91580048602862
1292 0.91580048602862
1293 0.91580048602862
1294 0.91580048602862
1295 0.91580048602862
1296 0.91580048602862
1297 0.91580048602862
1298 0.91580048602862
1299 0.91580048602862
1300 0.915800499068864
1301 0.915800499068864
1302 0.915800499068864
1303 0.915800499068864
1304 0.915800499068864
1305 0.915800499068864
1306 0.915800499068864
1307 0.915800499068864
1308 0.915800499068864
1309 0.915800499068864
1310 0.915800499068864
1311 0.915800499068864
1312 0.915800499068864
1313 0.915800499068864
1314 0.915800499068864
1315 0.915800499068864
1316 0.915800499068864
1317 0.915800499068864
1318 0.915800499068864
1319 0.9158005004042798
1320 0.9158005004042798
1321 0.9158005004042798
1322 0.91580068794993
1323 0.9158007124794618
1324 0.9158007124794618
1325 0.9158007124794618
1326 0.9158007124794618
1327 0.9158007124794618
1328 0.9158007124794618
1329 0.9158007124794618
1330 0.9158007124794618
1331 0.9158007124794618
1332 0.9158007124794618
1333 0.9158007500174362
1334 0.9158007500174362
1335 0.9158007500174362
1336 0.9158011459979795
1337 0.9158011459979795
1338 0.9158011459979795
1339 0.9158011459979795
1340 0.9158011459979795
1341 0.9158011459979795
1342 0.9158011459979795
1343 0.9158011459979795
1344 0.9158011459979795
1345 0.9158011459979795
1346 0.9158011459979795
1347 0.9158011459979795
1348 0.9158011459979795
1349 0.9158011459979795
1350 0.9158011459979795
1351 0.9158011459979795
1352 0.9158012126599224
1353 0.915801269396758
1354 0.915801269396758
1355 0.915801269396758
1356 0.9158013122265947
1357 0.9158013122265947
1358 0.9158013122265947
1359 0.9158013300057817
1360 0.9158013300057817
1361 0.9158013300057817
1362 0.9158013300057817
1363 0.915801445495344
1364 0.915801445495344
1365 0.915801445495344
1366 0.915801445495344
1367 0.915801445495344
1368 0.9158018432769259
1369 0.9158018432769259
1370 0.9158018432769259
1371 0.9158018432769259
1372 0.9158018432769259
1373 0.9158018432769259
1374 0.9158018432769259
1375 0.9158018432769259
1376 0.9158018432769259
1377 0.9158018432769259
1378 0.9158018432769259
1379 0.9158018432769259
1380 0.9158018432769259
1381 0.9158018432769259
1382 0.9158018432769259
1383 0.9158018432769259
1384 0.9158020255761348
1385 0.9158022899161249
1386 0.9158022899161249
1387 0.9158022899161249
1388 0.9158022899161249
1389 0.9158022899161249
1390 0.9158022899161249
1391 0.9158022899161249
1392 0.9158022899161249
1393 0.9158022899161249
1394 0.9158022899161249
1395 0.9158022899161249
1396 0.9158022899161249
1397 0.9158022899161249
1398 0.9158022899161249
1399 0.9158022899161249
1400 0.9158022899161249
1401 0.9158022899161249
1402 0.9158022899161249
1403 0.9158022899161249
1404 0.9158022899161249
1405 0.9158022899161249
