000 0.05897960497266078
001 0.10755444079741068
002 0.13051025047071887
003 0.1703804710685864
004 0.1703804710685864
005 0.3124415196993623
006 0.3124415196993623
007 0.3811910598541307
008 0.3811910598541307
009 0.4913972776491327
010 0.4913972776491327
011 0.5724500241970385
012 0.580614961436601
013 0.630176980334656
014 0.6769248663527067
015 0.7048269097698521
016 0.7287791265035348
017 0.7429554687851284
018 0.7774388431723408
019 0.7774388431723408
020 0.8075347224793064
021 0.8075347224793064
022 0.8138845839949568
023 0.8184498002105883
024 0.8215140527340062
025 0.8215140527340062
026 0.8221098107988225
027 0.8228703842012223
028 0.8228703842012223
029 0.8228703842012223
030 0.8228703842012223
031 0.8228703842012223
032 0.8234064197964841
033 0.8234064197964841
034 0.8263044648917867
035 0.8263044648917867
036 0.8263044648917867
037 0.8263044648917867
038 0.8263044648917867
039 0.8269703392056398
040 0.8269703392056398
041 0.8269703392056398
042 0.826975351839544
043 0.826975351839544
044 0.8332232206666035
045 0.8351143118059101
046 0.839126153577525
047 0.8428059690533082
048 0.8435194530565673
049 0.844141993543825
050 0.8449280616529239
051 0.8463060955353987
052 0.8474579678353591
053 0.8474579678353591
054 0.8478094404691248
055 0.8478094404691248
056 0.847818253210325
057 0.847818253210325
058 0.8479909291416344
059 0.8482731191671892
060 0.8482731191671892
061 0.848435918086228
062 0.8514592868769914
063 0.8524422490951344
064 0.8549650088863148
065 0.8556846575105972
066 0.8571935676127601
067 0.857448495354177
068 0.8583592132466189
069 0.8592369180744638
070 0.8592908620274922
071 0.8595124087919007
072 0.8602643561153032
073 0.8602643561153032
074 0.8603199816319008
075 0.8609432434114893
076 0.862608679299616
077 0.8633918557516216
078 0.8634466113828043
079 0.8634606555221044
080 0.8634606555221044
081 0.8634606555221044
082 0.8640550785261284
083 0.8640550785261284
084 0.8640550785261284
085 0.8640550785261284
086 0.8666468699380168
087 0.8686104975122894
088 0.8698378644705094
089 0.8701398991411486
090 0.8707145757695158
091 0.8716337172078178
092 0.8720290431004425
093 0.8723893931114026
094 0.8726667858443101
095 0.8729399122357863
096 0.8733204056737056
097 0.8734348661593588
098 0.8735981613335865
099 0.8737050935973312
100 0.8748969477123288
101 0.8750320930444581
102 0.8750320930444581
103 0.8752563557327224
104 0.8752563557327224
105 0.8752563557327224
106 0.8774994320595427
107 0.8774994320595427
108 0.8774994320595427
109 0.8775070057231433
110 0.8775070057231433
111 0.8775623637457616
112 0.8776983699640357
113 0.8777176532967067
114 0.8777176532967067
115 0.8777176532967067
116 0.8792570202726825
117 0.8794411391747369
118 0.8803781599498405
119 0.8815261066729528
120 0.8823556622370133
121 0.8826656612001884
122 0.8831509724595545
123 0.8835368531570439
124 0.8838699077668378
125 0.8840469559367141
126 0.8841597319668497
127 0.8841597319668497
128 0.8841651816168483
129 0.8841651816168483
130 0.8841651816168483
131 0.8841651816168483
132 0.8855707882867738
133 0.8858628400122293
134 0.8867250293531643
135 0.8874091859610155
136 0.8875585293592952
137 0.8878298752698257
138 0.888054396703759
139 0.8881517283522434
140 0.8882607220778218
141 0.8884940908779764
142 0.8885470594928339
143 0.8885470594928339
144 0.8888088102642794
145 0.8894410826934822
146 0.8895578729677001
147 0.8905450362515277
148 0.8908315028327509
149 0.8913592443228383
150 0.8917719438557696
151 0.8921370531646715
152 0.8923479850858845
153 0.8925390058797109
154 0.89264115151161
155 0.8926928652188166
156 0.8927768766171562
157 0.8927798950173294
158 0.8927917482476925
159 0.8927917482476925
160 0.8931216348306658
161 0.8935310980103656
162 0.8935638094125381
163 0.8937604376116244
164 0.8939302286419453
165 0.8941147592129359
166 0.8941451681464267
167 0.894328400151834
168 0.89436404729728
169 0.8946340010566922
170 0.8946340010566922
171 0.8947516596779314
172 0.8949218730877198
173 0.894993332295389
174 0.8952889643154062
175 0.8953322086355765
176 0.8954038527970555
177 0.8954086436544858
178 0.8956172274549362
179 0.8957260834928711
180 0.8958557340242893
181 0.8960727474956504
182 0.896174485565898
183 0.8963754856252897
184 0.8966780698760926
185 0.8970851984981277
186 0.8973004157390485
187 0.8976350053589272
188 0.8979781300967031
189 0.8983127235374189
190 0.8983772873574324
191 0.8985303873856578
192 0.89861605659384
193 0.8987236206164353
194 0.8987770190742879
195 0.8988307417719915
196 0.8989469866531336
197 0.8992529015492302
198 0.8993332293424514
199 0.8994405745289489
200 0.8995679162525856
201 0.899644806216658
202 0.8997548830419547
203 0.8998691163727666
204 0.8998748287088106
205 0.9000156005978186
206 0.9002243009303131
207 0.9002411722133841
208 0.9003184043124209
209 0.9005024749520076
210 0.9005224250635995
211 0.9006525226827238
212 0.900702151966111
213 0.9008514118312834
214 0.9008848457852371
215 0.9010155054569114
216 0.9010155054569114
217 0.9010291293194763
218 0.9010381699349954
219 0.9010921140548876
220 0.9010921140548876
221 0.90117070888447
222 0.9011730960817221
223 0.9011943410236447
224 0.9012613167230542
225 0.9012786414258516
226 0.9013253279008866
227 0.9013296109056842
228 0.9013924614918684
229 0.9013924614918684
230 0.9014155679345632
231 0.9014385267273719
232 0.9014572586499353
233 0.9014785063845997
234 0.9015021358764905
235 0.901525023748194
236 0.901525023748194
237 0.9015690681767534
238 0.9015952702846596
239 0.9015952702846596
240 0.9016069222136079
241 0.901644364134352
242 0.9016699849832469
243 0.9016699849832469
244 0.9016844606661326
245 0.9016844606661326
246 0.9017066340900025
247 0.9017276038634112
248 0.9017328592930534
249 0.9017328592930534
250 0.9017417128997341
251 0.9017683964151477
252 0.9017743220845537
253 0.9017743220845537
254 0.9017820372692303
255 0.9017837747957824
256 0.9018081705986173
257 0.9018081705986173
258 0.9018081705986173
259 0.9018081705986173
260 0.9018175862111639
261 0.9018175862111639
262 0.9018198142804014
263 0.9018345355582658
264 0.9018345355582658
265 0.901834604105292
266 0.9018416252509031
267 0.9018460681159344
268 0.901849489566236
269 0.901849489566236
270 0.9018517648243998
271 0.901857511403168
272 0.9018651429860819
273 0.9018810108533338
274 0.9018810108533338
275 0.9018810108533338
276 0.9018810108533338
277 0.9018810108533338
278 0.9018810108533338
279 0.9018853555623411
280 0.9018853555623411
281 0.9018928848089585
282 0.9018984290986367
283 0.9018984290986367
284 0.9018984290986367
285 0.9018984290986367
286 0.9019023556010913
287 0.9019025574027894
288 0.9019025574027894
289 0.9019045501293844
290 0.9019076710138915
291 0.9019076710138915
292 0.9019076710138915
293 0.9019102026026082
294 0.9019102026026082
295 0.9019109364832428
296 0.9019131839708431
297 0.9019179860812478
298 0.9019188955081764
299 0.9019188955081764
300 0.9019214453815868
301 0.901922090403404
302 0.901926761140368
303 0.9019286350304263
304 0.9019286350304263
305 0.9019347846740117
306 0.9019350090371407
307 0.9019372246805909
308 0.9019422270611901
309 0.9019422270611901
310 0.9019487571407074
311 0.9019487571407074
312 0.9019563575677073
313 0.9019563575677073
314 0.9019563575677073
315 0.9019575587352463
316 0.9019624608118681
317 0.9019628099677187
318 0.9019628099677187
319 0.9019658675616631
320 0.901966365832313
321 0.9019715468495553
322 0.9019768703787368
323 0.9019813541008502
324 0.9019813541008502
325 0.9019813580640303
326 0.9019827065936395
327 0.9019859805192076
328 0.9019893842270349
329 0.9019893842270349
330 0.90199579360846
331 0.9020004033985743
332 0.9020004033985743
333 0.9020004033985743
334 0.9020071401602824
335 0.9020094984440827
336 0.9020094984440827
337 0.9020094984440827
338 0.9020094984440827
339 0.9020177572132224
340 0.9020177572132224
341 0.9020177572132224
342 0.9020185535286325
343 0.9020229003405805
344 0.9020263452578979
345 0.9020263452578979
346 0.9020274157839502
347 0.902033002186516
348 0.9020396789299998
349 0.9020396789299998
350 0.9020396789299998
351 0.9020396789299998
352 0.9020416898309499
353 0.9020443485139981
354 0.9020443485139981
355 0.9020443485139981
356 0.9020450964964581
357 0.9020450964964581
358 0.9020462553034523
359 0.9020485555180133
360 0.9020485555180133
361 0.9020490211665806
362 0.902052261729305
363 0.9020529567260085
364 0.9020569825244913
365 0.9020569825244913
366 0.9020569825244913
367 0.9020636576143101
368 0.9020636576143101
369 0.9020636576143101
370 0.9020636576143101
371 0.9020688224983048
372 0.9020688224983048
373 0.9020688224983048
374 0.9020715372119037
375 0.9020715372119037
376 0.9020739799510036
377 0.9020739799510036
378 0.9020750022269889
379 0.9020773059030583
380 0.9020773059030583
381 0.9020773059030583
382 0.9020773059030583
383 0.9020775201154658
384 0.902077631411371
385 0.9020794224108355
386 0.9020807842940519
387 0.9020807842940519
388 0.9020807842940519
389 0.9020817476257044
390 0.9020817476257044
391 0.9020817476257044
392 0.902081987435732
393 0.9020836376630623
394 0.9020836376630623
395 0.9020843080630742
396 0.9020844425573576
397 0.9020844425573576
398 0.9020844425573576
399 0.9020855619001642
400 0.9020855619001642
401 0.9020855832278748
402 0.9020866247974273
403 0.9020866247974273
404 0.9020870952855424
405 0.902088751544809
406 0.902089785292675
407 0.902089785292675
408 0.9020900154185739
409 0.9020924887872057
410 0.9020924887872057
411 0.9020924887872057
412 0.9020924887872057
413 0.9020924887872057
414 0.9020924887872057
415 0.9020924887872057
416 0.9020938566856765
417 0.9020939274000196
418 0.9020939274000196
419 0.9020939274000196
420 0.9020961653811547
421 0.9020961653811547
422 0.9020997554833111
423 0.9020997554833111
424 0.9020997554833111
425 0.9020997554833111
426 0.9020997554833111
427 0.9021016798402217
428 0.9021016798402217
429 0.9021016798402217
430 0.9021016798402217
431 0.9021016798402217
432 0.9021016798402217
433 0.9021027430762857
434 0.9021038776133946
435 0.902105422208649
436 0.9021057836638302
437 0.9021094289228452
438 0.9021094289228452
439 0.9021094289228452
440 0.9021102466354303
441 0.9021102466354303
442 0.9021167420773475
443 0.9021167420773475
444 0.9021167420773475
445 0.9021167420773475
446 0.9021167420773475
447 0.9021167420773475
448 0.9021221717083935
449 0.9021252835213702
450 0.9021252835213702
451 0.9021252835213702
452 0.9021252835213702
453 0.9021252835213702
454 0.9021286984863436
455 0.9021286984863436
456 0.9021302493686146
457 0.9021302493686146
458 0.9021339829777181
459 0.9021339829777181
460 0.9021339829777181
461 0.9021376092934881
462 0.9021376092934881
463 0.9021382763271542
464 0.9021382763271542
465 0.9021425794704326
466 0.9021425794704326
467 0.9021425794704326
468 0.9021427024830602
469 0.9021435942957003
470 0.9021440975249992
471 0.90214427879959
472 0.9021449835148077
473 0.9021471931992252
474 0.9021482746240103
475 0.9021482746240103
476 0.9021482746240103
477 0.9021504379100321
478 0.9021504379100321
479 0.9021505566851085
480 0.9021505566851085
481 0.9021516391537803
482 0.9021531367533583
483 0.9021531367533583
484 0.9021531367533583
485 0.9021531367533583
486 0.9021531367533583
487 0.902153391378432
488 0.9021538641695419
489 0.9021538641695419
490 0.9021538641695419
491 0.9021538641695419
492 0.9021546463987501
493 0.9021557859236402
494 0.9021573572099124
495 0.9021573572099124
496 0.9021573572099124
497 0.9021573572099124
498 0.9021573572099124
499 0.9021573572099124
500 0.9021573572099124
501 0.9021573572099124
502 0.9021573572099124
503 0.9021598102831737
504 0.9021598102831737
505 0.9021598102831737
506 0.9021598102831737
507 0.9021598102831737
508 0.9021598102831737
509 0.9021598102831737
510 0.9021598102831737
511 0.9021598102831737
512 0.9021598102831737
513 0.9021598102831737
514 0.9021598102831737
515 0.9021598102831737
516 0.9021598102831737
517 0.9021598102831737
518 0.9021598102831737
519 0.9021598102831737
520 0.9021599543557512
521 0.9021599543557512
522 0.9021603097325267
523 0.9021603097325267
524 0.9021603097325267
525 0.9021605829251254
526 0.9021610220369054
527 0.9021610220369054
528 0.9021610220369054
529 0.9021610220369054
530 0.9021610220369054
531 0.9021610220369054
532 0.9021613178077871
533 0.9021613178077871
534 0.9021613178077871
535 0.9021618537697564
536 0.9021618537697564
537 0.9021627000482407
538 0.9021627000482407
539 0.9021627000482407
540 0.9021627000482407
541 0.9021627000482407
542 0.9021627000482407
543 0.9021629600642741
544 0.9021629600642741
545 0.9021630321822419
546 0.9021630321822419
547 0.9021630321822419
548 0.9021631430679214
549 0.9021631430679214
550 0.9021632774394063
551 0.9021650674608714
552 0.9021650674608714
553 0.9021650674608714
554 0.9021650674608714
555 0.9021650674608714
556 0.9021650674608714
557 0.9021650674608714
558 0.9021650674608714
559 0.9021650674608714
560 0.9021650674608714
561 0.9021650674608714
562 0.9021651250628956
563 0.9021651250628956
564 0.9021651250628956
565 0.9021651250628956
566 0.9021651250628956
567 0.902165220422507
568 0.902165220422507
569 0.9021653201891436
570 0.9021657577661577
571 0.9021657577661577
572 0.9021657577661577
573 0.9021657577661577
574 0.9021657577661577
575 0.9021657577661577
576 0.9021658402725671
577 0.9021658402725671
578 0.9021658702862383
579 0.9021658702862383
580 0.9021663220125925
581 0.9021675896479974
582 0.9021675896479974
583 0.9021675896479974
584 0.902167847578266
585 0.902167847578266
586 0.902167847578266
587 0.902167847578266
588 0.902167847578266
589 0.902167847578266
590 0.902167847578266
591 0.902167847578266
592 0.902167847578266
593 0.902167847578266
594 0.902167847578266
595 0.902167847578266
596 0.9021680225452836
597 0.9021680225452836
598 0.9021680225452836
599 0.9021681897732133
600 0.9021681897732133
601 0.9021681897732133
602 0.9021681897732133
603 0.9021681897732133
604 0.9021681897732133
605 0.9021681897732133
606 0.9021681897732133
607 0.9021682299356276
608 0.9021682299356276
609 0.9021682299356276
610 0.9021682450957457
611 0.9021684793445556
612 0.9021684793445556
613 0.9021684793445556
614 0.9021684793445556
615 0.9021685181061978
616 0.9021685818106313
617 0.9021685818106313
618 0.9021686991827416
619 0.9021686991827416
620 0.9021686991827416
621 0.9021686991827416
622 0.9021686991827416
623 0.9021686991827416
624 0.9021691705021241
625 0.9021691705021241
626 0.9021691705021241
627 0.9021691705021241
628 0.9021691943442135
629 0.9021691943442135
630 0.9021691943442135
631 0.9021691943442135
632 0.9021692386454201
633 0.9021692386454201
634 0.9021692386454201
635 0.9021692386454201
636 0.9021692386454201
637 0.9021692525891286
638 0.9021692525891286
639 0.9021693823735052
640 0.9021693938439745
641 0.9021694054636566
642 0.9021695649892479
643 0.9021695649892479
644 0.9021695649892479
645 0.9021695649892479
646 0.9021695649892479
647 0.9021695649892479
648 0.9021695649892479
649 0.9021697314806643
650 0.9021697314806643
651 0.9021697716211344
652 0.9021697716211344
653 0.9021699041392044
654 0.9021699609507761
655 0.9021699609507761
656 0.9021702458974081
657 0.9021702458974081
658 0.9021702458974081
659 0.9021702458974081
660 0.9021702458974081
661 0.9021703045486477
662 0.9021703045486477
663 0.9021703045486477
664 0.9021703045486477
665 0.9021703045486477
666 0.9021703045486477
667 0.9021703045486477
668 0.9021703045486477
669 0.9021703045486477
670 0.9021703045486477
671 0.9021703045486477
672 0.9021704217568489
673 0.9021704217568489
674 0.9021704217568489
675 0.9021705042161483
676 0.9021705042161483
677 0.9021705042161483
678 0.9021705042161483
679 0.9021705042161483
680 0.9021706210405194
681 0.9021706210405194
682 0.9021706210405194
683 0.9021706210405194
684 0.9021706210405194
685 0.9021706210405194
686 0.9021706210405194
687 0.902170674530709
688 0.902170674530709
689 0.902170674530709
690 0.902170674530709
691 0.9021707410676725
692 0.9021707536981319
693 0.9021707536981319
694 0.9021707536981319
695 0.9021707536981319
696 0.9021707989387157
697 0.9021707989387157
698 0.9021707989387157
699 0.9021708968912656
700 0.9021708968912656
701 0.9021709209222473
702 0.9021709209222473
703 0.9021709848580544
704 0.9021709848580544
705 0.9021709848580544
706 0.9021709848580544
707 0.9021709848580544
708 0.9021709848580544
709 0.9021709848580544
710 0.9021709848580544
711 0.9021709884845001
712 0.9021709884845001
713 0.9021709884845001
714 0.9021709884845001
715 0.9021709884845001
716 0.9021709884845001
717 0.9021709884845001
718 0.9021709884845001
719 0.9021709884845001
720 0.9021709884845001
721 0.9021709884845001
722 0.9021710560953624
723 0.9021710560953624
724 0.9021711723126214
725 0.9021711723126214
726 0.9021711723126214
727 0.9021711723126214
728 0.9021711723126214
729 0.9021711723126214
730 0.9021711723126214
731 0.9021711723126214
732 0.9021711723126214
733 0.9021711723126214
734 0.9021712152614043
735 0.9021712152614043
736 0.9021712626394456
737 0.9021712626394456
738 0.9021712626394456
739 0.9021712626394456
740 0.9021712626394456
741 0.9021712626394456
742 0.9021712626394456
743 0.9021712626394456
744 0.9021713004498891
745 0.9021713004498891
746 0.9021713004498891
747 0.9021713004498891
748 0.9021713004498891
749 0.9021713004498891
750 0.9021713004498891
751 0.9021713004498891
752 0.9021713004498891
753 0.9021713004498891
754 0.9021713004498891
755 0.9021713004498891
756 0.9021713004498891
757 0.902171303957109
758 0.902171303957109
759 0.9021714647558869
760 0.9021714647558869
761 0.9021714647558869
762 0.9021714647558869
763 0.9021714647558869
764 0.9021714647558869
765 0.9021714647558869
766 0.9021714647558869
767 0.9021715782960716
768 0.9021715782960716
769 0.9021715782960716
770 0.9021715782960716
771 0.9021715782960716
772 0.9021715782960716
773 0.9021715782960716
774 0.9021715782960716
775 0.9021715782960716
776 0.9021715782960716
777 0.9021717651172468
778 0.9021717651172468
779 0.9021717651172468
780 0.9021717651172468
781 0.9021717651172468
782 0.9021717651172468
783 0.9021718306007135
784 0.9021718306007135
785 0.9021718306007135
786 0.9021718306007135
787 0.9021718306007135
788 0.9021718306007135
789 0.9021718306007135
790 0.9021718306007135
791 0.9021718984265509
792 0.9021718984265509
793 0.9021718984265509
794 0.9021718984265509
795 0.9021718984265509
796 0.9021719023962244
797 0.9021719055118976
798 0.9021719055118976
799 0.9021719055118976
800 0.9021719055118976
801 0.9021719554140657
802 0.9021719554140657
803 0.9021719554140657
804 0.9021719626886014
805 0.9021719626886014
806 0.9021719626886014
807 0.9021719626886014
808 0.902171992709797
809 0.902171992709797
810 0.902171992709797
811 0.902171992709797
812 0.902171992709797
813 0.902171992709797
814 0.902171992709797
815 0.902171992709797
816 0.902171992709797
817 0.902171992709797
818 0.902171992709797
819 0.902171992709797
820 0.902171992709797
821 0.902171992709797
822 0.902171992709797
823 0.902171992709797
824 0.902171992709797
825 0.902171992709797
826 0.902171992709797
827 0.902171992709797
828 0.9021720183064388
