000 0.39580978190207156
001 0.39580978190207156
002 0.4527422498805031
003 0.5253899948893621
004 0.6711891735607729
005 0.7020196288072943
006 0.7020196288072943
007 0.7529017071845984
008 0.7683741788313658
009 0.7823249428180283
010 0.8181897852520497
011 0.8210533681052608
012 0.8478548636367351
013 0.8494140606492555
014 0.8639683158983434
015 0.8659242133953513
016 0.872491163603049
017 0.8735936939298339
018 0.8735936939298339
019 0.8735936939298339
020 0.8735936939298339
021 0.8735936939298339
022 0.8735936939298339
023 0.8750350554140851
024 0.8750350554140851
025 0.8750350554140851
026 0.8750350554140851
027 0.8764073908688719
028 0.8771105338240478
029 0.8778631131878181
030 0.8783392768761498
031 0.8790017009431137
032 0.8791680370165567
033 0.8792590717142807
034 0.8795110119644419
035 0.8797145595776485
036 0.879774675521886
037 0.8801310104361941
038 0.8801960245710462
039 0.8802105145326798
040 0.8802105145326798
041 0.8809536842955538
042 0.8809536842955538
043 0.8815881797326393
044 0.8815881797326393
045 0.8816344713764552
046 0.8818316069915109
047 0.8818744842632277
048 0.8819430230866158
049 0.88198834429967
050 0.8820220018866195
051 0.8820849706052593
052 0.8821142392162409
053 0.8821142392162409
054 0.8821987969685449
055 0.8822076045069911
056 0.8822386828052186
057 0.8822386828052186
058 0.8822386828052186
059 0.8822593289420744
060 0.8822600126751825
061 0.8823426381812285
062 0.8823426381812285
063 0.8823609208322603
064 0.8823809967646478
065 0.8824133500726368
066 0.8824133500726368
067 0.8824397506338767
068 0.8824397506338767
069 0.8824444288276169
070 0.8824477854022046
071 0.8824572312993036
072 0.8824743593358059
073 0.8824853253739472
074 0.8824858398069406
075 0.882486537540821
076 0.882486537540821
077 0.8825065013752095
078 0.8825170330764364
079 0.8825170330764364
080 0.8825208247584091
081 0.8825222370836515
082 0.8825309605023427
083 0.882531840986239
084 0.882531840986239
085 0.8825413287102982
086 0.8825413287102982
087 0.8825475091678155
088 0.8825475091678155
089 0.8825519265861997
090 0.8825603201758838
091 0.8825603201758838
092 0.8825635305120568
093 0.8825687043578517
094 0.8825687043578517
095 0.8825738793808986
096 0.8825738793808986
097 0.8825807140683082
098 0.8825807140683082
099 0.8825810681875557
100 0.8825830603250735
101 0.8825848989906375
102 0.8825859710344021
103 0.8825965513007479
104 0.8825965513007479
105 0.8825965513007479
106 0.8826067894480585
107 0.8826067894480585
108 0.8826125865678826
109 0.8826129956713405
110 0.8826129956713405
111 0.8826129956713405
112 0.8826129956713405
113 0.8826129956713405
114 0.8826143031983974
115 0.8826149631805136
116 0.8826232521500535
117 0.8826232521500535
118 0.8826240216099426
119 0.8826253575926281
120 0.8826253575926281
121 0.8826287870057992
122 0.8826287870057992
123 0.882631720479241
124 0.882631720479241
125 0.882631720479241
126 0.8826320299005022
127 0.8826328973151345
128 0.8826333773141372
129 0.8826390796500032
130 0.8826390796500032
131 0.8826390796500032
132 0.8826395504529411
133 0.8826395504529411
134 0.8826463237337623
135 0.8826463237337623
136 0.8826463237337623
137 0.8826463237337623
138 0.8826496950618878
139 0.8826500932379404
140 0.8826500932379404
141 0.8826506392559327
142 0.8826506392559327
143 0.8826506392559327
144 0.882651189874469
145 0.8826539298727542
146 0.8826539298727542
147 0.8826539298727542
148 0.8826539298727542
149 0.8826539298727542
150 0.8826554141008061
151 0.8826554141008061
152 0.8826558224188888
153 0.8826558224188888
154 0.8826563853974154
155 0.8826563853974154
156 0.882657184583653
157 0.882657184583653
158 0.882657184583653
159 0.8826592550597104
160 0.8826592550597104
161 0.8826604232618249
162 0.8826604232618249
163 0.8826606577733327
164 0.8826613487900807
165 0.8826613487900807
166 0.8826630100250286
167 0.8826630100250286
168 0.8826630184821891
169 0.8826630184821891
170 0.8826641439953661
171 0.8826641439953661
172 0.8826641439953661
173 0.8826641439953661
174 0.8826641439953661
175 0.8826644651420499
176 0.8826644651420499
177 0.8826662697127772
178 0.8826662697127772
179 0.8826662697127772
180 0.8826662697127772
181 0.8826662697127772
182 0.8826671203898895
183 0.8826671203898895
184 0.8826671203898895
185 0.8826671203898895
186 0.8826671203898895
187 0.8826671203898895
188 0.8826673808335496
189 0.8826673808335496
190 0.8826673808335496
191 0.8826682706286281
192 0.8826682706286281
193 0.8826682706286281
194 0.8826682706286281
195 0.882668630745531
196 0.882668630745531
197 0.882668630745531
198 0.8826688856096924
199 0.8826688856096924
200 0.8826688856096924
201 0.8826688856096924
202 0.8826688856096924
203 0.8826688856096924
204 0.8826695453972176
205 0.8826695453972176
206 0.8826695453972176
207 0.8826695453972176
208 0.8826719634123193
209 0.8826719634123193
210 0.8826719634123193
211 0.8826719634123193
212 0.8826719634123193
213 0.8826719634123193
214 0.8826719634123193
215 0.8826719634123193
216 0.8826723350829071
217 0.8826723350829071
218 0.8826723350829071
219 0.8826723350829071
220 0.8826723350829071
221 0.8826723350829071
222 0.8826723350829071
223 0.8826723350829071
224 0.8826728624225785
225 0.8826728624225785
226 0.8826728624225785
227 0.8826728624225785
228 0.8826728624225785
229 0.8826728624225785
230 0.8826732229107995
231 0.8826732229107995
232 0.8826737203882664
233 0.8826737203882664
234 0.8826737203882664
235 0.8826737203882664
236 0.882673782996586
237 0.882673782996586
238 0.8826743763507009
239 0.8826743763507009
240 0.8826743763507009
241 0.8826747157109585
242 0.8826747157109585
243 0.8826747157109585
244 0.8826751357417167
245 0.8826751357417167
246 0.8826751357417167
247 0.8826751357417167
248 0.8826751357417167
249 0.8826751357417167
250 0.8826751357417167
251 0.8826751357417167
252 0.8826751357417167
253 0.8826756317612713
254 0.8826756317612713
255 0.8826756317612713
256 0.8826756317612713
257 0.8826756317612713
258 0.8826756317612713
259 0.8826756317612713
260 0.8826763348894091
261 0.8826763348894091
262 0.8826763348894091
263 0.8826763348894091
264 0.8826763348894091
265 0.8826763348894091
266 0.8826763348894091
267 0.8826763348894091
268 0.8826763348894091
269 0.8826763348894091
270 0.8826763348894091
271 0.8826763348894091
272 0.8826763348894091
273 0.8826763348894091
274 0.8826763348894091
275 0.8826763348894091
276 0.8826763348894091
277 0.8826763348894091
278 0.8826766470321504
279 0.8826766470321504
280 0.8826767103646224
281 0.8826767103646224
282 0.8826771158618197
283 0.8826771158618197
284 0.8826771158618197
285 0.8826772177071288
286 0.8826772177071288
287 0.8826772177071288
288 0.8826772364832147
289 0.8826772364832147
290 0.882677262560058
291 0.882677262560058
292 0.8826773496571216
293 0.8826773496571216
294 0.8826773496571216
295 0.8826773496571216
296 0.8826773496571216
297 0.8826773496571216
298 0.8826773496571216
299 0.8826774960717662
300 0.8826774960717662
301 0.8826774960717662
302 0.8826777648790134
303 0.8826778136075992
304 0.8826778136075992
305 0.8826778136075992
306 0.8826778136075992
307 0.882677823375143
308 0.8826778485218642
309 0.8826778485218642
310 0.8826780423643884
311 0.8826780423643884
312 0.8826780423643884
313 0.8826780423643884
314 0.8826783096365494
315 0.8826783096365494
316 0.8826783277466458
317 0.8826783277466458
318 0.8826783277466458
319 0.8826783277466458
320 0.8826783277466458
321 0.8826783277466458
322 0.8826783277466458
323 0.8826783277466458
324 0.8826783277466458
325 0.8826783341074389
326 0.8826783341074389
327 0.8826783854228938
328 0.8826785578880052
329 0.8826785578880052
330 0.8826785578880052
331 0.8826785578880052
332 0.8826785578880052
333 0.8826785578880052
334 0.8826785578880052
335 0.8826785578880052
336 0.8826785578880052
337 0.8826785762348341
338 0.8826785762348341
339 0.8826786278138026
340 0.8826786278138026
341 0.8826786278138026
342 0.8826786278138026
343 0.8826786278138026
344 0.8826786278138026
345 0.8826786278138026
346 0.8826786278138026
347 0.8826786278138026
348 0.8826786727782912
349 0.8826787635035367
350 0.8826787635035367
351 0.8826787635035367
352 0.882678938125134
353 0.882678938125134
354 0.882678938125134
355 0.882678938125134
356 0.8826790792476503
357 0.8826790792476503
358 0.8826790792476503
359 0.8826790792476503
360 0.8826790792476503
361 0.8826790792476503
362 0.8826790792476503
363 0.8826790792476503
364 0.8826790792476503
365 0.8826790970100848
366 0.8826791486936857
367 0.8826791486936857
368 0.8826791486936857
369 0.8826791486936857
370 0.8826791486936857
371 0.8826791486936857
372 0.8826791486936857
373 0.8826792574958763
374 0.8826792574958763
375 0.8826792574958763
376 0.8826792574958763
377 0.8826795145391482
378 0.8826795145391482
379 0.8826795145391482
380 0.8826795145391482
381 0.8826795145391482
382 0.8826795145391482
383 0.8826795145391482
384 0.8826795145391482
385 0.8826795145391482
386 0.8826795145391482
387 0.8826795145391482
388 0.8826795145391482
389 0.8826795145391482
390 0.8826795145391482
391 0.8826795145391482
392 0.8826795145391482
393 0.8826795145391482
394 0.8826795145391482
395 0.8826795324971255
396 0.8826795324971255
397 0.8826795324971255
398 0.8826795324971255
399 0.8826796445081037
400 0.8826796445081037
401 0.8826796445081037
402 0.8826796445081037
403 0.8826796445081037
404 0.8826796445081037
405 0.8826796445081037
406 0.8826796445081037
407 0.8826796445081037
408 0.8826796445081037
409 0.8826796445081037
410 0.8826796445081037
411 0.8826796445081037
412 0.8826796445081037
413 0.8826796981856495
414 0.8826796981856495
415 0.8826796981856495
416 0.8826796981856495
417 0.8826796981856495
418 0.8826796981856495
419 0.8826797975008484
420 0.8826797975008484
421 0.8826797975008484
422 0.8826797975008484
423 0.8826797975008484
424 0.8826797975008484
425 0.8826797975008484
426 0.882679858146283
427 0.882679858146283
428 0.882679858146283
429 0.882679858146283
430 0.882679858146283
431 0.882679858146283
432 0.882679858146283
433 0.882679858146283
434 0.882679858146283
435 0.882679858146283
436 0.882679858146283
437 0.882679858146283
438 0.882679858146283
439 0.882679858146283
440 0.882679858146283
441 0.882679858146283
442 0.882679858146283
443 0.882679858146283
444 0.882679858146283
445 0.882679858146283
446 0.882679858146283
