000 0.10865141060317708
001 0.13613917378780527
002 0.2332597656915312
003 0.2508135424005152
004 0.3623870224163011
005 0.46684222987624757
006 0.5977677434185158
007 0.5977677434185158
008 0.6471358405892776
009 0.6816632079747339
010 0.6816632079747339
011 0.6948021143659205
012 0.7505505394454114
013 0.7780764445495063
014 0.8193678696309101
015 0.8249634579248627
016 0.8391598376443488
017 0.850057199835485
018 0.8553394151652269
019 0.8675464728740638
020 0.8717675747506488
021 0.8828253226571517
022 0.8890209350238201
023 0.8944401235662545
024 0.8944401235662545
025 0.8965606053082836
026 0.8978959086198055
027 0.8988492227009518
028 0.8993051675558951
029 0.8998659472030212
030 0.8998659472030212
031 0.9000319293127274
032 0.9000409660496165
033 0.9000686145583703
034 0.9007019207492085
035 0.9007019207492085
036 0.9013029692270275
037 0.9013029692270275
038 0.90140901869509
039 0.9064494145750792
040 0.9070673382029455
041 0.9089668312171245
042 0.9104263876678657
043 0.9108648258649928
044 0.9120786212162281
045 0.9122767040428711
046 0.9129632070317549
047 0.9135556118461141
048 0.9139322144557424
049 0.9141765687925212
050 0.9142845481641375
051 0.9143840309595719
052 0.9144192603074476
053 0.9146628875159557
054 0.9149565037836359
055 0.9150251926293042
056 0.915042749714825
057 0.9166360983171654
058 0.918127041595664
059 0.9189348083184966
060 0.919239640771709
061 0.9201781321118508
062 0.9206064312560033
063 0.9207314347625156
064 0.9212657501500576
065 0.9215926720029172
066 0.9216430688177764
067 0.9217620794929204
068 0.9218631739025852
069 0.921958977458862
070 0.9220168532341891
071 0.9220302719913352
072 0.9234085858249448
073 0.9235015314740691
074 0.9239156877700399
075 0.9241381464870339
076 0.9247094053346575
077 0.9250810642324125
078 0.925676146141159
079 0.9264365143071932
080 0.926667964378135
081 0.9266926001429221
082 0.9269551850890763
083 0.9270004826785792
084 0.927041565441906
085 0.9272254223369788
086 0.9272796767242312
087 0.9273142429533042
088 0.9273304314240999
089 0.9279004265411338
090 0.9281347921476615
091 0.9285715493004187
092 0.9290736915931261
093 0.9292285715001642
094 0.9298255264406126
095 0.9300809842113039
096 0.9306511163281059
097 0.930964915449709
098 0.9313063563747711
099 0.931569862975562
100 0.9316885321156392
101 0.9317852669313098
102 0.9318711248755911
103 0.931994609803074
104 0.9321440814271188
105 0.9321492898580745
106 0.9327389246903622
107 0.9329742912599586
108 0.9332472071148697
109 0.9337263751922444
110 0.9339320486271254
111 0.9342384701598169
112 0.9345897048341905
113 0.9345963774893061
114 0.9349792083906622
115 0.9351522192102955
116 0.9351668022624028
117 0.9354013125056149
118 0.9354306517888814
119 0.9356905793431246
120 0.9358639602730325
121 0.9361724437267257
122 0.9363488532878841
123 0.9366592185026892
124 0.9368292280729845
125 0.9370014974769897
126 0.9371192273975795
127 0.9373755727682431
128 0.9375852002847587
129 0.937616416051644
130 0.9377250984953727
131 0.9378253444703664
132 0.9379861697134584
133 0.9381566813153575
134 0.9383151116776486
135 0.93852468472474
136 0.938730060066227
137 0.9389755855695375
138 0.9390599208908971
139 0.9390658004175817
140 0.9391678724447873
141 0.9393507246891771
142 0.9394524036223532
143 0.9395548632825536
144 0.9397790495798829
145 0.9397883429416404
146 0.9400246720737672
147 0.9400246720737672
148 0.9401467631080098
149 0.9402632952135832
150 0.9403749095598466
151 0.9404655723707417
152 0.9405661841782657
153 0.9406833031046737
154 0.9408092534153315
155 0.9408311024413436
156 0.9408841378247377
157 0.9410270002493005
158 0.9410418320024382
159 0.941145289610772
160 0.9412067317177243
161 0.9412885529235369
162 0.9413282140590248
163 0.9414430939790316
164 0.9414563262387138
165 0.9415566761295602
166 0.9416732669701668
167 0.9417335763557378
168 0.9417678494774004
169 0.941824462640905
170 0.9418604525716968
171 0.9419928932070829
172 0.9420143943826662
173 0.9420699242725499
174 0.9421675285768516
175 0.9421675285768516
176 0.942228055135897
177 0.9422443898979538
178 0.9423021731574437
179 0.9423771999974958
180 0.9424152768636133
181 0.9424448795927324
182 0.9424958747400098
183 0.9425547616357408
184 0.9426657191005061
185 0.9426657191005061
186 0.9426657191005061
187 0.9426974938516139
188 0.9427205227327208
189 0.9427895882523284
190 0.9427925285373772
191 0.9428969200606832
192 0.942898744358406
193 0.9429190934046298
194 0.9430159421643709
195 0.9430159421643709
196 0.9430159421643709
197 0.9430578377592798
198 0.9430721838771734
199 0.9431053593833953
200 0.9431439145046379
201 0.9431451425335431
202 0.9431771035271341
203 0.9432154000642413
204 0.9432373439782331
205 0.9433173582393516
206 0.9433173582393516
207 0.9433173582393516
208 0.9433595327492094
209 0.9433595327492094
210 0.9434042936060054
211 0.9434179077076801
212 0.9434529184904256
213 0.9434894254722177
214 0.9434894254722177
215 0.9434932726621171
216 0.9435264476029632
217 0.9435794413149314
218 0.9435985118433928
219 0.9436309904873835
220 0.9436431287762695
221 0.9436536344176266
222 0.9436737297384433
223 0.9436782101346045
224 0.9437070836727355
225 0.9437233363775782
226 0.9437515461083769
227 0.9437515461083769
228 0.9437676304913125
229 0.9437934242279142
230 0.9437934242279142
231 0.9438132947235005
232 0.9438657242483504
233 0.9438657242483504
234 0.9438704644433508
235 0.9438733658021005
236 0.94388167122808
237 0.9439094299013376
238 0.9439100537871843
239 0.9439369436747298
240 0.9439532184759682
241 0.9439612634063141
242 0.9439831861417223
243 0.9439941084262162
244 0.9440284153293256
245 0.9440284153293256
246 0.9440284153293256
247 0.9440444738656828
248 0.9440560442274659
249 0.9440751938458728
250 0.9440751938458728
251 0.9440799278675976
252 0.9441085238490666
253 0.9441148745664586
254 0.9441371421972049
255 0.9441442867791702
256 0.9441579153890355
257 0.9441673101249832
258 0.944178831948744
259 0.9441804419069657
260 0.9441915346386852
261 0.944223248101445
262 0.944223248101445
263 0.944223248101445
264 0.9442255413958633
265 0.9442255413958633
266 0.9442683631457289
267 0.9442683631457289
268 0.9442683631457289
269 0.9442889744453841
270 0.9442948742367103
271 0.9442974123049496
272 0.9443004701307472
273 0.9443258481108354
274 0.9443258481108354
275 0.9443386612422227
276 0.9443386612422227
277 0.9443404134991449
278 0.944349226923723
279 0.944349226923723
280 0.9443728306044876
281 0.9443728306044876
282 0.944373972827269
283 0.944383118428317
284 0.9444033002297468
285 0.9444244492183352
286 0.9444244492183352
287 0.9444265747225825
288 0.9444409956030745
289 0.9444415145331146
290 0.9444415145331146
291 0.9444699261698938
292 0.9444699261698938
293 0.9444780662270578
294 0.944488928276175
295 0.9445004055535042
296 0.9445004055535042
297 0.9445154521401377
298 0.9445216319129949
299 0.9445216319129949
300 0.9445216319129949
301 0.9445272668704441
302 0.9445298555465297
303 0.9445356127453568
304 0.9445419233793594
305 0.9445570859466976
306 0.9445626525989022
307 0.9445626525989022
308 0.9445673144127745
309 0.9445673144127745
310 0.9445678539657828
311 0.9445823629491431
312 0.9445881749127341
313 0.9445914931876158
314 0.9445914931876158
315 0.9445914931876158
316 0.9445955700191813
317 0.9446039974395382
318 0.9446191988345706
319 0.9446191988345706
320 0.9446191988345706
321 0.9446228178364056
322 0.9446228178364056
323 0.9446257126145319
324 0.9446294000583403
325 0.9446312057091617
326 0.9446324125291278
327 0.9446424963777995
328 0.9446424963777995
329 0.9446430188878139
330 0.9446501318676409
331 0.9446633884533858
332 0.9446633884533858
333 0.9446633884533858
334 0.9446649612857925
335 0.9446723416675574
336 0.944680680916806
337 0.944680680916806
338 0.944680680916806
339 0.9446822341845503
340 0.9446939884746133
341 0.9446939884746133
342 0.9446985637400113
343 0.9446985637400113
344 0.9447137866197838
345 0.9447137866197838
346 0.9447137866197838
347 0.9447179899459833
348 0.9447179899459833
349 0.9447267490183515
350 0.9447267490183515
351 0.9447301164665973
352 0.9447301164665973
353 0.9447301164665973
354 0.9447445322201264
355 0.9447445322201264
356 0.9447445322201264
357 0.9447498399840748
358 0.9447498399840748
359 0.9447498399840748
360 0.9447544950983323
361 0.9447554995462719
362 0.9447613489696952
363 0.9447613489696952
364 0.9447655219830692
365 0.9447729917335181
366 0.9447729917335181
367 0.9447729917335181
368 0.9447753019845112
369 0.944782217433482
370 0.9447867332806477
371 0.9447878670651159
372 0.9447900600200023
373 0.9447912158301923
374 0.9447971154436025
375 0.9448012329435801
376 0.9448019573429127
377 0.9448051515367493
378 0.9448051515367493
379 0.9448057661959256
380 0.9448064092908143
381 0.9448207576006981
382 0.9448207576006981
383 0.9448207576006981
384 0.9448207576006981
385 0.9448217300095005
386 0.9448217300095005
387 0.9448217300095005
388 0.9448338019005584
389 0.9448338019005584
390 0.9448338019005584
391 0.9448338019005584
392 0.9448338019005584
393 0.9448338019005584
394 0.9448358861423282
395 0.9448425458887176
396 0.9448425458887176
397 0.9448450466632411
398 0.9448559786195362
399 0.9448559786195362
400 0.9448559786195362
401 0.9448559786195362
402 0.9448567185542042
403 0.9448567185542042
404 0.9448567185542042
405 0.944857635592486
406 0.9448616450559207
407 0.9448648537030132
408 0.9448679870404612
409 0.9448679870404612
410 0.9448679870404612
411 0.9448683366407277
412 0.9448715210194031
413 0.9448715210194031
414 0.9448720848942465
415 0.9448720848942465
416 0.9448754565544258
417 0.9448754565544258
418 0.9448754565544258
419 0.9448827510747771
420 0.9448827510747771
421 0.9448831693913696
422 0.9448831693913696
423 0.9448831693913696
424 0.9448846971586644
425 0.9448846971586644
426 0.9448846971586644
427 0.9448860428279301
428 0.9448860428279301
429 0.944887903990482
430 0.944887903990482
431 0.9448899996816298
432 0.9448907594631895
433 0.9448915948382149
434 0.9448933960582367
435 0.9448933960582367
436 0.9448933960582367
437 0.9448933960582367
438 0.9449001591377862
439 0.9449001591377862
440 0.9449001591377862
441 0.9449001591377862
442 0.9449026719583851
443 0.9449041283699318
444 0.9449041283699318
445 0.9449051574110869
446 0.9449051574110869
447 0.9449079256779511
448 0.9449079256779511
449 0.9449079256779511
450 0.9449079256779511
451 0.9449087329936537
452 0.9449110083878355
453 0.9449110083878355
454 0.9449142076952798
455 0.9449142076952798
456 0.9449159685400862
457 0.944918887799064
458 0.9449192412270505
459 0.9449192412270505
460 0.9449192412270505
461 0.9449205745670722
462 0.9449209121605701
463 0.9449209121605701
464 0.944923739274383
465 0.944923739274383
466 0.944923739274383
467 0.944923739274383
468 0.944923739274383
469 0.9449270157135139
470 0.9449272676644027
471 0.9449295420106567
472 0.9449295420106567
473 0.9449306327213298
474 0.9449308665919891
475 0.944932055923259
476 0.944932055923259
477 0.944932055923259
478 0.944932055923259
479 0.944932055923259
480 0.944932055923259
481 0.9449340853166319
482 0.9449340853166319
483 0.9449340853166319
484 0.9449372690628854
485 0.9449373467731568
486 0.9449380090589503
487 0.9449398837787159
488 0.9449398837787159
489 0.9449414153121543
490 0.9449414153121543
491 0.9449415422174937
492 0.9449415422174937
493 0.9449415422174937
494 0.9449419322304193
495 0.9449429947395076
496 0.9449432498158111
497 0.9449446268743782
498 0.9449446268743782
499 0.9449446268743782
500 0.9449449513142838
501 0.9449449513142838
502 0.9449470211506279
503 0.9449470211506279
504 0.9449486227536185
505 0.9449486227536185
506 0.9449498031876697
507 0.9449499405891286
508 0.9449500077932906
509 0.9449508663003946
510 0.9449515854516588
511 0.9449515854516588
512 0.9449544651641189
513 0.9449544651641189
514 0.9449544651641189
515 0.9449544651641189
516 0.9449544651641189
517 0.9449560170870285
518 0.9449560170870285
519 0.9449560170870285
520 0.9449560170870285
521 0.9449560170870285
522 0.9449589153356063
523 0.9449589153356063
524 0.9449589153356063
525 0.9449589153356063
526 0.9449594309741609
527 0.9449597943348528
528 0.9449597943348528
529 0.9449597943348528
530 0.9449597943348528
531 0.9449599822424872
532 0.9449607483858272
533 0.944961024714404
534 0.944961024714404
535 0.9449620447451598
536 0.9449620447451598
537 0.9449622542355522
538 0.9449622542355522
539 0.9449628981679987
540 0.9449648093516574
541 0.944965348135532
542 0.944965348135532
543 0.944965380025689
544 0.9449658103584725
545 0.9449658103584725
546 0.9449661920053279
547 0.9449670805003334
548 0.9449681112538365
549 0.9449681112538365
550 0.9449696945970616
551 0.9449710667395936
552 0.9449710667395936
553 0.9449710667395936
554 0.9449710667395936
555 0.9449718982175467
556 0.9449718982175467
557 0.944972410801179
558 0.944972410801179
559 0.944972410801179
560 0.944972410801179
561 0.944972410801179
562 0.944973611900673
563 0.944973611900673
564 0.944973611900673
565 0.944973611900673
566 0.944973611900673
567 0.9449742235877397
568 0.9449742235877397
569 0.9449751568258092
570 0.9449752251083428
571 0.9449752251083428
572 0.9449774877419486
573 0.9449789898838522
574 0.9449789898838522
575 0.9449789898838522
576 0.9449789898838522
577 0.9449801582365954
578 0.9449801582365954
579 0.9449801582365954
580 0.9449804137506044
581 0.9449804137506044
582 0.9449804137506044
583 0.9449804137506044
584 0.9449804137506044
585 0.9449804137506044
586 0.9449804137506044
587 0.944981580851656
588 0.9449828428534883
589 0.9449828428534883
590 0.9449828428534883
591 0.9449835125265459
592 0.9449835125265459
593 0.9449835125265459
594 0.9449836008265472
595 0.9449836008265472
596 0.9449836008265472
597 0.9449836008265472
598 0.9449836008265472
599 0.9449836008265472
600 0.9449845373980114
601 0.9449851403740137
602 0.9449851403740137
603 0.9449871332882067
604 0.9449871332882067
605 0.9449871332882067
606 0.9449871332882067
607 0.9449879669061363
608 0.9449879669061363
609 0.9449879669061363
610 0.9449879669061363
611 0.9449879669061363
612 0.9449879669061363
613 0.9449879698126111
614 0.944989306586586
615 0.944989306586586
616 0.944989306586586
617 0.944989306586586
618 0.944989306586586
619 0.944989306586586
620 0.944989306586586
621 0.9449893546902717
622 0.9449893546902717
623 0.9449893546902717
624 0.9449897218640824
625 0.9449897218640824
626 0.9449898522826534
627 0.9449898522826534
628 0.9449904103139288
629 0.9449908395736678
630 0.9449908395736678
631 0.9449908395736678
632 0.9449910525774896
633 0.9449910525774896
634 0.9449931573921596
635 0.944993778050229
636 0.944993778050229
637 0.944993778050229
638 0.944993778050229
639 0.944993778050229
640 0.944993778050229
641 0.944993778050229
642 0.9449954895619435
643 0.9449954895619435
644 0.9449954895619435
645 0.9449954895619435
646 0.9449954895619435
647 0.9449954895619435
648 0.9449954895619435
649 0.9449954895619435
650 0.9449955510001897
651 0.9449955510001897
652 0.9449963790677449
653 0.9449963790677449
654 0.9449963790677449
655 0.9449963790677449
656 0.9449963882821597
657 0.944996503070399
658 0.9449965401077929
659 0.9449965758687152
660 0.9449967108163944
661 0.9449970195459767
662 0.9449970195459767
663 0.9449970195459767
664 0.9449982486793908
665 0.9449982486793908
666 0.9449983043123813
667 0.9449983043123813
668 0.9449993273704765
669 0.9449993273704765
670 0.9449993273704765
671 0.9449993273704765
672 0.9449993273704765
673 0.9449993273704765
674 0.9449993273704765
675 0.9449993273704765
676 0.9449993273704765
677 0.9449993273704765
678 0.9450013034150406
679 0.9450013034150406
680 0.9450013034150406
681 0.9450013034150406
682 0.9450013034150406
683 0.9450013034150406
684 0.9450013034150406
685 0.9450014114405271
686 0.945002306394555
687 0.945002306394555
688 0.945002306394555
689 0.945002306394555
690 0.9450026349500379
691 0.9450026349500379
692 0.9450026349500379
693 0.9450026349500379
694 0.9450039082940174
695 0.9450039082940174
696 0.9450039082940174
697 0.9450042149898459
698 0.9450042149898459
699 0.9450042149898459
700 0.9450042149898459
701 0.9450042149898459
702 0.9450042149898459
703 0.9450042149898459
704 0.9450045182024087
705 0.9450048411608536
706 0.9450048411608536
707 0.9450048411608536
708 0.9450048411608536
709 0.94500538248626
710 0.94500538248626
711 0.9450058038009259
712 0.9450058038009259
713 0.945006566315341
714 0.945006566315341
715 0.945006566315341
716 0.945006566315341
717 0.945006566315341
718 0.945006566315341
719 0.945006566315341
720 0.9450070845619244
721 0.9450070845619244
722 0.945007496221152
723 0.945007496221152
724 0.945009104454407
725 0.945009186032065
726 0.945009186032065
727 0.945009186032065
728 0.945009186032065
729 0.945009186032065
730 0.945009186032065
731 0.9450096337653835
732 0.9450096887318903
733 0.9450096887318903
734 0.9450096887318903
735 0.9450098330102504
736 0.945010127373991
737 0.945010127373991
738 0.945010127373991
739 0.945010127373991
740 0.945010127373991
741 0.9450105983448067
742 0.9450105983448067
743 0.9450105983448067
744 0.9450107621938932
745 0.9450107621938932
746 0.9450107621938932
747 0.945011307068991
748 0.945011307068991
749 0.945011307068991
750 0.945011307068991
751 0.945011307068991
752 0.945011332586556
753 0.9450114395203388
754 0.9450124458588682
755 0.9450124458588682
756 0.9450124458588682
757 0.9450124458588682
758 0.9450124458588682
759 0.9450124458588682
760 0.9450124458588682
761 0.9450124458588682
762 0.9450124458588682
763 0.9450125297078154
764 0.9450125297078154
765 0.9450125297078154
766 0.9450125297078154
767 0.9450125297078154
768 0.9450125297078154
769 0.9450127967014982
770 0.9450127967014982
771 0.9450127967014982
772 0.9450127967014982
773 0.9450130994418181
774 0.9450137215093103
775 0.9450138884949376
776 0.9450138884949376
777 0.9450138884949376
778 0.9450138884949376
779 0.9450138884949376
780 0.9450138884949376
781 0.9450138884949376
782 0.9450138884949376
783 0.9450138884949376
784 0.9450138884949376
785 0.9450138884949376
786 0.9450138884949376
787 0.9450138884949376
788 0.9450148139724179
789 0.9450148139724179
790 0.9450148139724179
791 0.9450149544866774
792 0.9450149544866774
793 0.9450149544866774
794 0.9450149544866774
795 0.9450149546654196
796 0.9450149546654196
797 0.9450149546654196
798 0.9450149546654196
799 0.9450154380225544
800 0.9450154380225544
801 0.9450154380225544
802 0.9450154380225544
803 0.9450154380225544
804 0.9450154380225544
805 0.9450154380225544
806 0.9450154380225544
807 0.9450155328998918
808 0.9450155328998918
809 0.9450155328998918
810 0.9450158915096801
811 0.9450159110530755
812 0.9450159110530755
813 0.9450159110530755
814 0.9450159110530755
815 0.9450159110530755
816 0.945016091702768
817 0.9450169465387874
818 0.9450169465387874
819 0.9450169465387874
820 0.9450169465387874
821 0.9450169465387874
822 0.9450169465387874
823 0.9450169465387874
824 0.9450169465387874
825 0.9450169465387874
826 0.9450169465387874
827 0.9450169465387874
828 0.9450169465387874
829 0.9450169465387874
830 0.9450169596348873
831 0.9450170031432695
832 0.9450170031432695
833 0.9450170031432695
834 0.9450170031432695
835 0.9450171091597377
836 0.9450173513443264
837 0.9450173513443264
838 0.9450173513443264
839 0.9450173513443264
840 0.9450173513443264
841 0.9450173513443264
842 0.9450177133115063
843 0.9450177133115063
844 0.9450177892237633
845 0.9450180009442174
846 0.9450180009442174
847 0.9450184296679367
848 0.9450185078642208
849 0.9450185078642208
850 0.9450189252245084
851 0.9450189252245084
852 0.9450189252245084
853 0.9450189252245084
854 0.9450189252245084
855 0.945019182091071
856 0.945019182091071
857 0.945019182091071
858 0.945019182091071
859 0.945019182091071
860 0.945019182091071
861 0.9450198894275149
862 0.9450198894275149
863 0.9450198894275149
864 0.9450198894275149
865 0.9450198894275149
866 0.9450198894275149
867 0.9450198894275149
868 0.9450198894275149
869 0.9450198894275149
870 0.9450200043392832
871 0.9450201248472686
872 0.9450201248472686
873 0.9450201248472686
874 0.9450201248472686
875 0.9450201496644278
876 0.9450202047308506
877 0.9450205841368141
878 0.9450206144598566
879 0.9450206920033085
880 0.9450206920033085
881 0.9450206920033085
882 0.9450206920033085
883 0.9450206920033085
884 0.9450207448250102
885 0.9450207448250102
886 0.9450209056019837
887 0.9450211690997307
888 0.9450214095980176
889 0.9450214095980176
890 0.9450217886821252
891 0.945021835758927
892 0.945021835758927
893 0.945021835758927
894 0.945021835758927
895 0.945021835758927
896 0.945021835758927
897 0.9450222055499967
898 0.9450222055499967
899 0.9450222055499967
900 0.9450222055499967
901 0.9450228571525046
902 0.9450228571525046
903 0.9450228571525046
904 0.9450228571525046
905 0.9450228571525046
906 0.9450228571525046
907 0.9450228571525046
908 0.9450228571525046
909 0.9450228571525046
910 0.9450228571525046
911 0.9450228571525046
912 0.9450228571525046
913 0.9450228571525046
914 0.9450228571525046
915 0.9450228571525046
916 0.9450229158788106
917 0.9450229158788106
918 0.9450229158788106
919 0.9450229158788106
920 0.9450229158788106
921 0.9450229158788106
922 0.9450229158788106
923 0.9450230910430429
924 0.9450232286302571
925 0.9450232286302571
926 0.9450232286302571
927 0.9450232286302571
928 0.9450232286302571
929 0.9450232286302571
930 0.9450232286302571
931 0.9450232286302571
932 0.9450232286302571
933 0.9450234800103241
934 0.9450234800103241
935 0.9450234800103241
936 0.9450234800103241
937 0.9450234800103241
938 0.9450234800103241
939 0.945023680958743
940 0.945023680958743
941 0.945023680958743
942 0.945023680958743
943 0.945023680958743
944 0.945023680958743
945 0.9450237834119727
946 0.9450237834119727
947 0.9450237834119727
948 0.9450238843202553
949 0.9450238843202553
950 0.9450238843202553
951 0.9450238843202553
952 0.9450238843202553
953 0.9450241377403623
954 0.9450241377403623
955 0.9450241377403623
956 0.9450241377403623
957 0.9450241377403623
958 0.9450241377403623
959 0.9450244750058363
960 0.9450244750058363
961 0.9450244750058363
962 0.9450244750058363
963 0.9450244750058363
964 0.9450244750058363
965 0.9450246015562441
966 0.9450246780833106
967 0.9450246780833106
968 0.9450246780833106
969 0.9450248321603905
970 0.9450248321603905
971 0.9450248321603905
972 0.9450248321603905
973 0.9450248321603905
974 0.9450248321603905
975 0.9450248321603905
976 0.9450248321603905
977 0.9450248321603905
978 0.9450248321603905
979 0.9450248321603905
980 0.9450248321603905
981 0.9450248321603905
982 0.9450248321603905
983 0.9450250089494993
984 0.9450250089494993
985 0.9450250089494993
986 0.9450250686672074
987 0.9450250686672074
988 0.9450250686672074
989 0.9450253130584024
990 0.9450253130584024
991 0.9450253130584024
992 0.9450253130584024
993 0.9450253130584024
994 0.9450253130584024
995 0.9450253130584024
996 0.9450253130584024
997 0.9450257543457046
998 0.9450257543457046
999 0.9450257543457046
1000 0.9450257543457046
1001 0.9450257543457046
1002 0.9450257543457046
1003 0.9450257543457046
1004 0.9450257543457046
1005 0.9450257543457046
1006 0.9450257543457046
1007 0.9450257543457046
1008 0.9450260217822283
1009 0.9450260217822283
1010 0.9450261109175583
1011 0.9450261109175583
1012 0.9450261109175583
1013 0.9450261109175583
1014 0.9450261109175583
1015 0.9450266094108223
1016 0.9450266094108223
1017 0.9450266094108223
1018 0.9450266094108223
1019 0.9450266094108223
1020 0.9450266094108223
1021 0.9450266094108223
1022 0.9450266094108223
1023 0.9450266094108223
1024 0.9450266094108223
1025 0.9450266094108223
1026 0.9450266094108223
1027 0.9450266094108223
1028 0.9450266094108223
1029 0.9450266564915208
1030 0.9450266564915208
1031 0.9450266564915208
1032 0.9450267696045698
1033 0.9450267696045698
1034 0.9450267696045698
1035 0.9450267696045698
1036 0.9450267696045698
1037 0.9450269545850583
1038 0.9450269545850583
1039 0.9450269545850583
1040 0.9450269545850583
1041 0.9450272631660538
1042 0.9450273782154253
1043 0.9450273782154253
1044 0.9450273782154253
1045 0.9450273782154253
1046 0.9450273782154253
1047 0.9450273782154253
1048 0.9450273782154253
1049 0.9450273782154253
1050 0.9450273782154253
1051 0.9450274195820964
1052 0.9450274195820964
1053 0.9450274195820964
1054 0.9450274195820964
1055 0.9450274195820964
1056 0.9450274195820964
1057 0.9450274195820964
1058 0.9450274195820964
1059 0.9450274195820964
1060 0.9450274195820964
1061 0.9450275942345732
1062 0.9450275942345732
1063 0.9450275942345732
1064 0.9450275942345732
1065 0.9450280264078776
1066 0.9450280338714167
1067 0.9450280338714167
1068 0.9450280338714167
1069 0.9450280338714167
1070 0.9450280338714167
1071 0.9450280338714167
1072 0.9450280338714167
1073 0.9450280338714167
1074 0.9450280338714167
1075 0.9450281977546631
1076 0.9450281977546631
1077 0.9450284116047389
1078 0.9450284116047389
1079 0.9450284116047389
1080 0.9450284116047389
1081 0.9450284116047389
1082 0.9450284945807561
1083 0.9450284945807561
1084 0.9450286083650571
1085 0.9450286083650571
1086 0.9450286083650571
1087 0.9450286083650571
1088 0.9450286083650571
1089 0.9450286083650571
1090 0.9450286083650571
1091 0.9450286083650571
1092 0.9450289115433407
1093 0.9450289115433407
1094 0.9450289115433407
1095 0.9450289115433407
1096 0.9450289115433407
1097 0.9450289115433407
1098 0.9450289115433407
1099 0.9450289115433407
1100 0.9450289115433407
1101 0.9450289115433407
1102 0.945029400523076
1103 0.945029400523076
1104 0.945029400523076
1105 0.945029400523076
1106 0.945029400523076
1107 0.945029400523076
1108 0.945029400523076
1109 0.945029400523076
1110 0.945029400523076
1111 0.945029400523076
1112 0.945029400523076
1113 0.945029400523076
1114 0.945029400523076
1115 0.945029400523076
1116 0.9450294506626629
1117 0.9450294506626629
1118 0.9450294506626629
1119 0.9450294506626629
1120 0.9450294506626629
1121 0.9450294506626629
1122 0.9450294506626629
1123 0.9450298975861755
1124 0.9450299204906026
1125 0.9450299204906026
1126 0.9450299204906026
1127 0.9450299204906026
1128 0.9450299204906026
1129 0.9450299204906026
1130 0.9450299204906026
1131 0.9450299204906026
1132 0.9450299204906026
1133 0.9450299204906026
1134 0.9450299204906026
1135 0.9450299204906026
1136 0.9450299204906026
1137 0.9450299204906026
1138 0.9450299204906026
1139 0.9450299204906026
1140 0.9450299204906026
1141 0.9450299204906026
1142 0.9450299204906026
1143 0.9450299204906026
1144 0.9450299204906026
