000 0.2353319117133019
001 0.3565542512298011
002 0.5330619806861014
003 0.5438633862211759
004 0.6133047862054181
005 0.6696724136110153
006 0.7481010675163213
007 0.7681758115939629
008 0.787483472504271
009 0.8163112455703001
010 0.8354935624261483
011 0.8463589451520113
012 0.8466148066843815
013 0.8537591221401851
014 0.8551321146151384
015 0.8600603509253406
016 0.8638657522372377
017 0.8638657522372377
018 0.8638657522372377
019 0.8648249390929019
020 0.8690624004040743
021 0.8706948888046558
022 0.8746220128126919
023 0.8750976851438405
024 0.8750976851438405
025 0.8750976851438405
026 0.8751328612961556
027 0.8751328612961556
028 0.8751328612961556
029 0.8751328612961556
030 0.875189031437161
031 0.875189031437161
032 0.8763908653657602
033 0.8770323237687706
034 0.8779391414771829
035 0.8784692462144869
036 0.8787476520968627
037 0.8788476595689173
038 0.878941110818292
039 0.8789889327830642
040 0.8790424069410402
041 0.8791002175681226
042 0.8791390851831475
043 0.8791533852158061
044 0.8795082284083796
045 0.8798993237737854
046 0.8803454614941213
047 0.880643397957168
048 0.8806727257857531
049 0.8807542169488292
050 0.8809030582869822
051 0.8809316734445302
052 0.880960477169842
053 0.8810192992945794
054 0.881181975289455
055 0.8811982456598235
056 0.8812372430677815
057 0.8812772620791917
058 0.8813090380928793
059 0.8813649566828288
060 0.8814353228995654
061 0.8814865983915002
062 0.8815041393418682
063 0.8815456766728766
064 0.8815897058085065
065 0.881631507559674
066 0.8816797730572397
067 0.8816978343676842
068 0.8818256910629401
069 0.8818256910629401
070 0.8818667833187498
071 0.8818834256832215
072 0.8819422336400149
073 0.8820089684868131
074 0.882127480644812
075 0.8821538292558301
076 0.882190407544167
077 0.8822782282354747
078 0.8823597350247468
079 0.8823597350247468
080 0.8823670687843391
081 0.8823947294275395
082 0.8824127178913937
083 0.8824460031822382
084 0.8824802463736184
085 0.8824911829701949
086 0.8824911829701949
087 0.8825112717371519
088 0.8825226118927405
089 0.8825267669173926
090 0.8825427587009457
091 0.8825427587009457
092 0.88254287640297
093 0.8825749931989278
094 0.8825749931989278
095 0.8825749931989278
096 0.8825804940046554
097 0.882585953068543
098 0.882585953068543
099 0.8825896777500596
100 0.8825966903703187
101 0.8825979261920646
102 0.8826014002585584
103 0.8826037823846175
104 0.8826163411277687
105 0.8826163411277687
106 0.8826163411277687
107 0.8826163411277687
108 0.8826242264587013
109 0.8826242264587013
110 0.8826242264587013
111 0.8826242264587013
112 0.8826268533561002
113 0.8826268533561002
114 0.8826328473808206
115 0.8826328473808206
116 0.8826328473808206
117 0.8826328473808206
118 0.8826328473808206
119 0.8826352147397629
120 0.8826401644750212
121 0.8826401644750212
122 0.8826485142151292
123 0.8826485142151292
124 0.8826485142151292
125 0.8826485142151292
126 0.8826485142151292
127 0.8826485142151292
128 0.8826508613879875
129 0.8826508613879875
130 0.8826508613879875
131 0.8826508613879875
132 0.8826528084736692
133 0.8826528084736692
134 0.8826556467616038
135 0.8826556467616038
136 0.8826556467616038
137 0.8826576207725689
138 0.8826576207725689
139 0.8826576207725689
140 0.8826576207725689
141 0.8826576207725689
142 0.8826576207725689
143 0.8826586586494659
144 0.8826586586494659
145 0.8826586586494659
146 0.8826594508103738
147 0.882659964940349
148 0.882659964940349
149 0.8826605171768656
150 0.882661611721002
151 0.882661611721002
152 0.8826649723666439
153 0.8826652824733284
154 0.8826671183848842
155 0.8826671183848842
156 0.8826671183848842
157 0.8826671183848842
158 0.8826671183848842
159 0.8826671183848842
160 0.8826671183848842
161 0.8826671183848842
162 0.8826671183848842
163 0.8826671183848842
164 0.8826676449304761
165 0.8826721486900597
166 0.8826721486900597
167 0.8826721486900597
168 0.8826721486900597
169 0.8826721486900597
170 0.8826721486900597
171 0.8826721486900597
172 0.8826721486900597
173 0.8826721486900597
174 0.8826721486900597
175 0.8826721486900597
176 0.8826721486900597
177 0.8826721486900597
178 0.8826738161095764
179 0.8826738161095764
180 0.8826738161095764
181 0.8826738161095764
182 0.8826747127938913
183 0.8826747127938913
184 0.8826747127938913
185 0.8826747127938913
186 0.8826747127938913
187 0.8826747127938913
188 0.8826751535230085
189 0.882675642081204
190 0.882675642081204
191 0.882675792411767
192 0.882675792411767
193 0.882675792411767
194 0.882675792411767
195 0.882675792411767
196 0.8826762215534307
197 0.8826762657190897
198 0.8826762845442829
199 0.8826762845442829
200 0.8826762845442829
201 0.8826762845442829
202 0.8826766059590192
203 0.8826766059590192
204 0.8826766059590192
205 0.8826771520641858
206 0.8826771520641858
207 0.8826771520641858
208 0.8826771520641858
209 0.8826771520641858
210 0.8826771520641858
211 0.8826771520641858
212 0.8826771520641858
213 0.8826783097913068
214 0.8826783097913068
215 0.8826783097913068
216 0.8826783097913068
217 0.8826783097913068
218 0.8826783097913068
219 0.8826783097913068
220 0.8826783097913068
221 0.8826783097913068
222 0.8826788289552399
223 0.8826788289552399
224 0.8826788289552399
225 0.8826788289552399
226 0.8826788289552399
227 0.8826788289552399
228 0.8826788289552399
229 0.8826788289552399
230 0.8826788289552399
231 0.8826788289552399
232 0.8826788289552399
233 0.8826788289552399
234 0.8826788289552399
235 0.8826788289552399
236 0.8826788289552399
237 0.8826794312911866
238 0.8826794312911866
239 0.8826794312911866
240 0.8826794312911866
241 0.8826794312911866
242 0.8826794312911866
243 0.8826794312911866
244 0.8826794312911866
245 0.8826794312911866
246 0.8826794312911866
247 0.8826794312911866
248 0.8826794312911866
249 0.8826794312911866
250 0.8826794312911866
251 0.8826794312911866
252 0.8826794312911866
253 0.8826794312911866
254 0.8826794312911866
255 0.8826794312911866
256 0.8826794312911866
257 0.8826794312911866
