000 0.15866248583630663
001 0.2671081805063092
002 0.378068359098997
003 0.4181266517854838
004 0.5052687790057734
005 0.5584781212757232
006 0.7117991771847806
007 0.7119815223527066
008 0.8006232375323188
009 0.8006232375323188
010 0.8241289391306812
011 0.8563042867311506
012 0.8597961178075889
013 0.8753984125293758
014 0.8833889979570825
015 0.8833889979570825
016 0.8900684218573417
017 0.8914607021876383
018 0.8920600032555808
019 0.8933427756821228
020 0.8950375381490179
021 0.8950375381490179
022 0.8950375381490179
023 0.8959725809935823
024 0.8959725809935823
025 0.8959725809935823
026 0.8959725809935823
027 0.8959725809935823
028 0.8959725809935823
029 0.8959725809935823
030 0.8976340932016251
031 0.8982931551869261
032 0.8999441086877465
033 0.9004760071298312
034 0.9007651591978607
035 0.901135286538851
036 0.9011781290127678
037 0.9013927855788468
038 0.9014734841287246
039 0.9015798687615751
040 0.9016020686928478
041 0.9021706491924201
042 0.9023577421037546
043 0.9029670800435485
044 0.9031347600222137
045 0.9037068234947983
046 0.9042785536783452
047 0.9046943833883642
048 0.9051651449456249
049 0.9054226151415575
050 0.9054442861683588
051 0.9055161101128597
052 0.9055685335823596
053 0.9056765884684793
054 0.9057035910299616
055 0.9057511252661978
056 0.905763264585349
057 0.9064731841508811
058 0.9068374869350464
059 0.9072518086396832
060 0.9073153451957897
061 0.9074538235590047
062 0.907783331894125
063 0.9079837367393302
064 0.9082007208791376
065 0.9083188143458317
066 0.908483724848955
067 0.9085033119947077
068 0.9085965585340839
069 0.9087292035267619
070 0.9087292035267619
071 0.9089650944660161
072 0.9091372044627681
073 0.9092570835037339
074 0.9094063368405461
075 0.9094398125266389
076 0.9095559403628235
077 0.9096859448504745
078 0.9097022818036051
079 0.9098576530095165
080 0.9099462383360797
081 0.910041820446753
082 0.9101351559306874
083 0.9102006342050458
084 0.9102619619319138
085 0.9103920308006122
086 0.9104849996869123
087 0.9105076543375175
088 0.9105738073347938
089 0.9106520554869281
090 0.9107783486901059
091 0.9108212217313678
092 0.9108899951194473
093 0.9110332392568332
094 0.9110493093559332
095 0.9110774398155024
096 0.9111479189765285
097 0.9112075291315737
098 0.9112325503833271
099 0.9113521327290709
100 0.9113521327290709
101 0.9114272735315384
102 0.911555768876912
103 0.911555768876912
104 0.9115918818488168
105 0.9116286233809592
106 0.9116286233809592
107 0.9116286233809592
108 0.9116883524673118
109 0.911737142225581
110 0.911737142225581
111 0.9117566420867607
112 0.9117675746816302
113 0.9117966157510444
114 0.9118191019884386
115 0.9118496355526123
116 0.9118841873474909
117 0.9118952304432054
118 0.9119382151112086
119 0.9119382151112086
120 0.9119878302325655
121 0.9120079522768006
122 0.9120122328108395
123 0.9120394996056653
124 0.9120394996056653
125 0.912049106989821
126 0.912071886590336
127 0.9120824842944705
128 0.9120851523573278
129 0.912097771703673
130 0.9121212314240302
131 0.912125040806222
132 0.9121302072415658
133 0.9121506062862563
134 0.9121734395485263
135 0.9121734395485263
136 0.9121830195170751
137 0.9121944987620803
138 0.9121944987620803
139 0.9122064692999554
140 0.9122153305152318
141 0.9122181774935229
142 0.9122237114410113
143 0.9122457570584921
144 0.9122457570584921
145 0.9122511152493078
146 0.9122687551762323
147 0.9122687551762323
148 0.9122687551762323
149 0.9122687551762323
150 0.9122792904954494
151 0.9122830951872433
152 0.9122905408715214
153 0.9122978682615215
154 0.9122978682615215
155 0.9122978682615215
156 0.9122990339678517
157 0.9123084371062327
158 0.9123151027282971
159 0.9123151027282971
160 0.9123268693807224
161 0.9123333611566034
162 0.9123333611566034
163 0.9123377461310277
164 0.9123440979712802
165 0.9123552643110711
166 0.9123552643110711
167 0.9123588229052078
168 0.9123670713953517
169 0.9123670713953517
170 0.9123670713953517
171 0.9123683104469358
172 0.9123720143725504
173 0.9123741082925844
174 0.912377459587607
175 0.9123862609044268
176 0.9123862609044268
177 0.9123862609044268
178 0.9123862609044268
179 0.9123935560795705
180 0.912395490271323
181 0.9123973538739426
182 0.9123996270381649
183 0.9124046827903582
184 0.9124046827903582
185 0.9124091934011829
186 0.9124091934011829
187 0.9124091934011829
188 0.9124173809957311
189 0.9124173809957311
190 0.9124173809957311
191 0.9124173809957311
192 0.9124240804269229
193 0.9124240804269229
194 0.9124240804269229
195 0.9124263446882801
196 0.9124263446882801
197 0.9124326701625944
198 0.9124389973709045
199 0.9124400207862795
200 0.9124400207862795
201 0.9124400207862795
202 0.9124400230811319
203 0.9124428015038946
204 0.9124430126215269
205 0.9124430126215269
206 0.9124446339662183
207 0.9124464985669302
208 0.912449283453429
209 0.9124544879438041
210 0.9124544879438041
211 0.9124544879438041
212 0.9124564490881765
213 0.9124564490881765
214 0.9124567956543732
215 0.9124576757262571
216 0.9124580750081467
217 0.9124609950076938
218 0.9124609950076938
219 0.9124609950076938
220 0.9124616454257733
221 0.912466030344782
222 0.912466030344782
223 0.9124672748201134
224 0.9124677427760814
225 0.9124677427760814
226 0.9124677427760814
227 0.9124690811054934
228 0.9124729680636379
229 0.9124729680636379
230 0.9124729680636379
231 0.9124737095817229
232 0.9124761098669725
233 0.9124785942497969
234 0.9124785942497969
235 0.9124809631210368
236 0.9124809631210368
237 0.9124809631210368
238 0.9124809631210368
239 0.9124809631210368
240 0.912481753337082
241 0.912481753337082
242 0.9124851963645779
243 0.9124851963645779
244 0.9124874784437332
245 0.9124874784437332
246 0.9124874784437332
247 0.9124874784437332
248 0.9124879817623514
249 0.9124883922491396
250 0.9124899474809973
251 0.9124899474809973
252 0.9124899474809973
253 0.9124899474809973
254 0.9124917945726314
255 0.9124917945726314
256 0.9124917945726314
257 0.9124917945726314
258 0.912494072474141
259 0.912494072474141
260 0.9124945390173725
261 0.9124945390173725
262 0.9124957739553017
263 0.9124967579125949
264 0.9124967579125949
265 0.9124978279499274
266 0.9124978279499274
267 0.9124978279499274
268 0.9124978279499274
269 0.9125005045885863
270 0.9125005045885863
271 0.9125005045885863
272 0.9125005045885863
273 0.9125005045885863
274 0.9125008407802675
275 0.9125008407802675
276 0.9125011656278907
277 0.9125011656278907
278 0.9125011656278907
279 0.9125016580567272
280 0.9125020447815396
281 0.9125034905933628
282 0.9125034905933628
283 0.9125034905933628
284 0.9125034905933628
285 0.9125034905933628
286 0.9125045552073716
287 0.9125045552073716
288 0.9125065802773152
289 0.9125065802773152
290 0.9125065802773152
291 0.9125065802773152
292 0.9125065802773152
293 0.9125065802773152
294 0.9125065802773152
295 0.9125065802773152
296 0.9125066784617197
297 0.9125066784617197
298 0.9125068690204492
299 0.9125068690204492
300 0.9125068690204492
301 0.9125079924700548
302 0.9125079924700548
303 0.9125079924700548
304 0.9125086129871698
305 0.9125086129871698
306 0.9125086129871698
307 0.9125086129871698
308 0.9125086129871698
309 0.9125088030180736
310 0.9125095817623574
311 0.9125095817623574
312 0.9125095817623574
313 0.9125095817623574
314 0.9125095817623574
315 0.9125108810280481
316 0.9125108810280481
317 0.9125108810280481
318 0.9125108810280481
319 0.9125108810280481
320 0.9125108810280481
321 0.9125116504889033
322 0.9125116504889033
323 0.9125116504889033
324 0.9125116504889033
325 0.9125116504889033
326 0.9125116504889033
327 0.9125116504889033
328 0.9125116504889033
329 0.9125119783909392
330 0.9125119783909392
331 0.9125119783909392
332 0.9125122710395135
333 0.9125126878649634
334 0.9125129060182231
335 0.9125129060182231
336 0.9125129060182231
337 0.9125129060182231
338 0.9125129060182231
339 0.9125134532650012
340 0.9125134532650012
341 0.9125143891681178
342 0.9125143891681178
343 0.9125143891681178
344 0.9125143891681178
345 0.9125144555828709
346 0.9125144555828709
347 0.91251480659423
348 0.91251480659423
349 0.91251480659423
350 0.91251480659423
351 0.91251480659423
352 0.91251480659423
353 0.91251480659423
354 0.91251480659423
355 0.912515140874798
356 0.912515140874798
357 0.912515140874798
358 0.912515140874798
359 0.912515140874798
360 0.912515140874798
361 0.912515140874798
362 0.912515140874798
363 0.912515140874798
364 0.912515140874798
365 0.9125155436517935
366 0.9125157725954188
367 0.9125157725954188
368 0.912515911491304
369 0.912515911491304
370 0.912515911491304
371 0.912515911491304
372 0.912515911491304
373 0.912515911491304
374 0.912515911491304
375 0.912515911491304
376 0.912515911491304
377 0.912515911491304
378 0.912516824975266
379 0.912516824975266
380 0.912516824975266
381 0.9125169763922629
382 0.9125169763922629
383 0.9125169763922629
384 0.9125169763922629
385 0.9125170928372811
386 0.9125170928372811
387 0.9125171358570455
388 0.9125172298516887
389 0.9125172298516887
390 0.9125172298516887
391 0.9125173910881513
392 0.9125173910881513
393 0.9125173910881513
394 0.9125175143566066
395 0.9125177137030694
396 0.9125179728457161
397 0.9125179728457161
398 0.9125189316069031
399 0.9125189316069031
400 0.9125189316069031
401 0.9125189316069031
402 0.9125189316069031
403 0.9125189316069031
404 0.9125189316069031
405 0.9125189316069031
406 0.9125189316069031
407 0.9125189316069031
408 0.9125189316069031
409 0.9125189316069031
410 0.9125191541879858
411 0.9125191541879858
412 0.9125191541879858
413 0.9125191541879858
414 0.9125191541879858
415 0.9125193017870838
416 0.9125193017870838
417 0.9125193017870838
418 0.9125195964373544
419 0.9125195964373544
420 0.9125195964373544
421 0.9125197606455271
422 0.9125197606455271
423 0.9125197606455271
424 0.9125197606455271
425 0.9125197606455271
426 0.9125199870634815
427 0.9125199870634815
428 0.9125199870634815
429 0.9125204007102358
430 0.9125204007102358
431 0.9125204007102358
432 0.9125205453008255
433 0.9125205453008255
434 0.9125205453008255
435 0.9125206260832655
436 0.9125206260832655
437 0.9125208851900309
438 0.9125208851900309
439 0.9125208851900309
440 0.9125208851900309
441 0.9125208851900309
442 0.9125208851900309
443 0.9125208933056342
444 0.9125208933056342
445 0.9125208933056342
446 0.9125208933056342
447 0.9125215444066791
448 0.9125215444066791
449 0.9125215444066791
450 0.9125215444066791
451 0.9125219645410385
452 0.9125219645410385
453 0.9125219645410385
454 0.9125219645410385
455 0.9125219645410385
456 0.9125219645410385
457 0.9125219645410385
458 0.9125219645410385
459 0.9125219645410385
460 0.9125219645410385
461 0.9125219645410385
462 0.9125219645410385
463 0.9125219645410385
464 0.9125219645410385
465 0.9125219645410385
466 0.9125219645410385
467 0.9125219645410385
468 0.9125221108494321
469 0.9125221417539235
470 0.9125221417539235
471 0.9125221417539235
472 0.9125221417539235
473 0.912522177573415
474 0.912522177573415
475 0.912522216231123
476 0.912522216231123
477 0.912522216231123
478 0.912522216231123
479 0.9125222707524779
480 0.9125222707524779
481 0.9125222707524779
482 0.9125222707524779
483 0.9125222707524779
484 0.9125222707524779
485 0.9125222707524779
486 0.9125224534437145
487 0.9125224534437145
488 0.9125224534437145
489 0.9125224534437145
490 0.9125227735953808
491 0.9125227735953808
492 0.9125227735953808
493 0.9125227735953808
494 0.9125227735953808
495 0.9125227735953808
496 0.9125227735953808
497 0.9125229547713828
498 0.9125229547713828
499 0.9125229547713828
500 0.9125229547713828
501 0.9125229547713828
502 0.9125229547713828
503 0.9125229547713828
504 0.9125229547713828
505 0.9125229547713828
506 0.9125229646529787
507 0.9125229646529787
508 0.9125232810239322
509 0.9125232810239322
510 0.9125232810239322
511 0.9125232810239322
512 0.9125232810239322
513 0.9125233778104151
514 0.9125233778104151
515 0.9125233778104151
516 0.9125233778104151
517 0.9125233778104151
518 0.9125236604315056
519 0.9125236604315056
520 0.9125236604315056
521 0.9125236604315056
522 0.9125236604315056
523 0.9125236604315056
524 0.9125236604315056
525 0.9125236604315056
526 0.9125237784126475
527 0.9125237784126475
528 0.9125237784126475
529 0.9125237784126475
530 0.9125237784126475
531 0.9125237784126475
532 0.9125237784126475
533 0.9125237784126475
534 0.9125237784126475
535 0.9125237784126475
536 0.9125237784126475
537 0.9125237784126475
538 0.9125237784126475
539 0.9125238358802442
540 0.9125238828917787
541 0.9125238828917787
542 0.9125238828917787
543 0.9125238828917787
544 0.9125239649696701
545 0.9125239649696701
546 0.9125241162913978
547 0.9125241162913978
548 0.9125241162913978
549 0.9125241162913978
550 0.9125241162913978
551 0.9125241162913978
552 0.9125241246323508
553 0.9125242783942834
554 0.9125242783942834
555 0.9125242783942834
556 0.9125242783942834
557 0.9125242783942834
558 0.9125242783942834
559 0.9125243240728738
560 0.912524373723484
561 0.9125244892886983
562 0.9125244892886983
563 0.9125244892886983
564 0.9125244892886983
565 0.9125244892886983
566 0.9125244892886983
567 0.9125244892886983
568 0.9125244892886983
569 0.9125244892886983
570 0.9125244892886983
571 0.9125244892886983
572 0.9125244892886983
573 0.9125244892886983
574 0.9125244892886983
575 0.9125244892886983
576 0.9125244892886983
577 0.912524734587543
578 0.912524734587543
579 0.9125248410591718
580 0.9125248410591718
581 0.9125248410591718
582 0.9125248410591718
583 0.9125248410591718
584 0.9125248410591718
585 0.9125248410591718
586 0.9125248410591718
587 0.9125248410591718
588 0.9125248410591718
589 0.9125248410591718
590 0.9125248410591718
591 0.9125248410591718
592 0.9125248410591718
593 0.9125248410591718
594 0.9125248410591718
595 0.9125248410591718
596 0.9125248410591718
597 0.9125248410591718
598 0.9125248410591718
599 0.9125248410591718
