000 0.13284666947773582
001 0.2474837142845135
002 0.33806678346780034
003 0.4283651424864305
004 0.5081916333590388
005 0.7210517176875261
006 0.7210517176875261
007 0.7272436029047497
008 0.7372563819171861
009 0.7601824829971044
010 0.8141647134015363
011 0.8365972582060008
012 0.8524608807816852
013 0.852593485451587
014 0.8674479756041016
015 0.875476120148002
016 0.8824980750060557
017 0.8882244331128912
018 0.8928394879343663
019 0.8928394879343663
020 0.8938102756858003
021 0.8948912832730024
022 0.8952645067624365
023 0.8977851014631438
024 0.8981769671537004
025 0.8986557746759702
026 0.8986557746759702
027 0.8986740965035892
028 0.8986740965035892
029 0.8986740965035892
030 0.899389333401636
031 0.899645111715408
032 0.899645111715408
033 0.8997839731030085
034 0.901582639980679
035 0.9033492338203384
036 0.9040557546357055
037 0.9052694612199839
038 0.9054050527002123
039 0.9058594304424988
040 0.9064854046232091
041 0.90685635405333
042 0.9069244858436153
043 0.9070818224472781
044 0.9071690038166872
045 0.9072019890988133
046 0.9072019890988133
047 0.9072019890988133
048 0.9072019890988133
049 0.9073892986808348
050 0.9091964685434859
051 0.9102064287787699
052 0.9103971628424995
053 0.9104086322379287
054 0.910495500556279
055 0.9107218381932447
056 0.9110234263355399
057 0.9110278329127555
058 0.9110995931625603
059 0.9111061983767017
060 0.9111454054090208
061 0.9125507058767313
062 0.9128718504315284
063 0.9130065317888051
064 0.9130691485595467
065 0.9130934371721657
066 0.9130956819340958
067 0.9131715557974925
068 0.9131876869891493
069 0.9132161156543918
070 0.913242509862783
071 0.9142714081119507
072 0.9144336477914555
073 0.914567266773044
074 0.914673219443245
075 0.9151422702251697
076 0.9155242426072702
077 0.9157764725109532
078 0.9161769774930132
079 0.9161769774930132
080 0.916477779313164
081 0.9166059937051607
082 0.9170478513667041
083 0.9172197069046768
084 0.9174208946959094
085 0.9174751788484478
086 0.9178018658339482
087 0.9179583235762304
088 0.9185499407254085
089 0.9190168585881351
090 0.9195738920247928
091 0.920310271441033
092 0.9207794535240736
093 0.9207794535240736
094 0.921250284084808
095 0.921704237907624
096 0.921996059775613
097 0.9221741472057262
098 0.9222770008081014
099 0.9224686467920367
100 0.9228513966627527
101 0.9229172190881084
102 0.9230180009971746
103 0.9230180009971746
104 0.9230180009971746
105 0.9236494549417282
106 0.9244144662414407
107 0.92515219017305
108 0.9261505716198184
109 0.9268153477442401
110 0.9273529066362758
111 0.9273529066362758
112 0.9278005860708683
113 0.9281650436883917
114 0.928370133219004
115 0.9284580048136986
116 0.9286174199834752
117 0.9288162541080882
118 0.9288178929013192
119 0.9288822746846702
120 0.9292698508574897
121 0.9296232082448411
122 0.930007822598675
123 0.9304163720335101
124 0.9305433148079805
125 0.9306822183778768
126 0.9307600656418155
127 0.9309277700032391
128 0.9309924049044893
129 0.931108183312459
130 0.9312099046891466
131 0.9312660245178035
132 0.9313295546541367
133 0.9314012836213499
134 0.9314389802657829
135 0.9314864813762423
136 0.9314875395181912
137 0.9314875395181912
138 0.9315104925106523
139 0.9315290499219171
140 0.9315290499219171
141 0.9315290499219171
142 0.9315403335338774
143 0.9315556167018378
144 0.931559821307875
145 0.9315708358279307
146 0.9315708358279307
147 0.9315708358279307
148 0.9315713065328255
149 0.9315780263777134
150 0.9315780263777134
151 0.931581040525361
152 0.9315812001937892
153 0.9315883866632755
154 0.9315883866632755
155 0.9315946690829313
156 0.9315946690829313
157 0.9316033020622121
158 0.9316047664814543
159 0.9316087678433606
160 0.9316129180037335
161 0.9316150234546581
162 0.9316214358481303
163 0.9316214358481303
164 0.9316214358481303
165 0.9316214358481303
166 0.9316214358481303
167 0.9316263153596734
168 0.9316263153596734
169 0.9316295245141778
170 0.9316295245141778
171 0.9316311857156095
172 0.9316311857156095
173 0.9316318541269789
174 0.9316318541269789
175 0.9316318541269789
176 0.9316318541269789
177 0.9316318541269789
178 0.9316357339966257
179 0.9316357339966257
180 0.9316357339966257
181 0.9316357339966257
182 0.9316357339966257
183 0.9316357339966257
184 0.931637131496653
185 0.9316403752976516
186 0.9316403752976516
187 0.9316405910896552
188 0.9316405910896552
189 0.9316405910896552
190 0.9316422940246492
191 0.9316422940246492
192 0.9316422940246492
193 0.9316428451203699
194 0.9316442442196627
195 0.9316442442196627
196 0.9316458666618852
197 0.9316458666618852
198 0.9316458666618852
199 0.9316458666618852
200 0.9316458666618852
201 0.9316459731633088
202 0.9316459731633088
203 0.9316459731633088
204 0.931646941928817
205 0.9316473290391668
206 0.9316473290391668
207 0.9316473290391668
208 0.9316480105061172
209 0.9316480105061172
210 0.9316486154726465
211 0.9316518791100609
212 0.9316518791100609
213 0.9316518791100609
214 0.9316546775656793
215 0.9316546775656793
216 0.9316546775656793
217 0.9316546775656793
218 0.9316546775656793
219 0.9316546775656793
220 0.9316546775656793
221 0.9316557938789477
222 0.9316557938789477
223 0.9316557938789477
224 0.9316557938789477
225 0.9316566652733738
226 0.9316566652733738
227 0.9316582688878388
228 0.9316582688878388
229 0.9316582688878388
230 0.9316582688878388
231 0.9316582688878388
232 0.9316582688878388
233 0.9316582688878388
234 0.9316582688878388
235 0.9316598877649664
236 0.9316598877649664
237 0.9316598877649664
238 0.9316598877649664
239 0.9316598877649664
240 0.9316598877649664
241 0.9316602581111878
242 0.9316607058458931
243 0.9316607058458931
244 0.9316610750160264
245 0.9316610750160264
246 0.9316611860168129
247 0.9316611860168129
248 0.9316619808161541
249 0.9316621596610302
250 0.9316621596610302
251 0.9316632325309171
252 0.9316632325309171
253 0.9316633180099531
254 0.9316633180099531
255 0.9316633180099531
256 0.9316639215875557
257 0.9316639215875557
258 0.9316639347709622
259 0.9316648384459785
260 0.9316648384459785
261 0.9316648384459785
262 0.9316649228516161
263 0.9316649228516161
264 0.9316651678114405
265 0.9316651678114405
266 0.9316651678114405
267 0.9316653182883705
268 0.9316653683674547
269 0.9316653738792708
270 0.9316658223999157
271 0.9316658223999157
272 0.931665829970218
273 0.931665829970218
274 0.9316660660335349
275 0.9316667322045699
276 0.9316667322045699
277 0.9316667322045699
278 0.9316667322045699
279 0.9316673600021815
280 0.9316673600021815
281 0.9316678502935424
282 0.9316678502935424
283 0.9316678502935424
284 0.9316678502935424
285 0.9316684782525296
286 0.9316684782525296
287 0.9316684782525296
288 0.9316693055182672
289 0.9316693055182672
290 0.9316695169527879
291 0.9316699682699875
292 0.9316699682699875
293 0.9316699682699875
294 0.9316699682699875
295 0.9316699682699875
296 0.9316699682699875
297 0.9316702673199538
298 0.9316702673199538
299 0.9316702673199538
300 0.9316702673199538
301 0.9316702673199538
302 0.9316703637178719
303 0.93167108819409
304 0.93167108819409
305 0.93167108819409
306 0.9316711649552756
307 0.9316711649552756
308 0.9316711649552756
309 0.9316717000489969
310 0.9316717000489969
311 0.9316717000489969
312 0.9316717000489969
313 0.9316717000489969
314 0.9316717000489969
315 0.9316717000489969
316 0.9316717000489969
317 0.9316717376725429
318 0.9316717376725429
319 0.9316717376725429
320 0.9316717376725429
321 0.9316719975510008
322 0.9316719975510008
323 0.9316719975510008
324 0.9316721423805002
325 0.9316721423805002
326 0.9316721423805002
327 0.9316722111304528
328 0.9316722111304528
329 0.931672440501745
330 0.931672626514213
331 0.931672626514213
332 0.9316729187336235
333 0.931673288711502
334 0.931673288711502
335 0.931673288711502
336 0.931673288711502
337 0.9316733907694786
338 0.9316733907694786
339 0.9316734125288819
340 0.9316734125288819
341 0.9316734527547668
342 0.9316734527547668
343 0.9316736752961549
344 0.9316736752961549
345 0.9316736752961549
346 0.9316736752961549
347 0.9316736752961549
348 0.9316736752961549
349 0.9316736752961549
350 0.9316740264959514
351 0.9316740264959514
352 0.9316743419238711
353 0.9316743419238711
354 0.9316752122979736
355 0.9316752122979736
356 0.9316752122979736
357 0.9316752122979736
358 0.9316752122979736
359 0.9316752122979736
360 0.9316752122979736
361 0.9316752122979736
362 0.9316752122979736
363 0.9316752122979736
364 0.9316752122979736
365 0.9316752122979736
366 0.9316755121586314
367 0.9316755121586314
368 0.9316755121586314
369 0.9316755121586314
370 0.9316755121586314
371 0.9316757611821423
372 0.9316757611821423
373 0.9316757611821423
374 0.9316757975141821
375 0.9316759946889143
376 0.9316759946889143
377 0.931676001680718
378 0.9316761243676216
379 0.931676163707028
380 0.931676163707028
381 0.931676163707028
382 0.931676163707028
383 0.9316763822009098
384 0.9316764674169573
385 0.9316764674169573
386 0.9316764674169573
387 0.9316764674169573
388 0.9316764674169573
389 0.9316767337132444
390 0.9316767337132444
391 0.9316767337132444
392 0.9316767337132444
393 0.9316774103292607
394 0.9316774103292607
395 0.9316774103292607
396 0.9316774103292607
397 0.9316774103292607
398 0.9316774103292607
399 0.9316774103292607
400 0.9316774103292607
401 0.931677421676572
402 0.931677421676572
403 0.931677421676572
404 0.9316774389186271
405 0.9316774389186271
406 0.9316777028787526
407 0.9316777028787526
408 0.9316777028787526
409 0.9316777028787526
410 0.9316777028787526
411 0.9316784052934571
412 0.9316784052934571
413 0.9316784052934571
414 0.9316784052934571
415 0.9316784052934571
416 0.9316784052934571
417 0.9316784052934571
418 0.9316784052934571
419 0.9316784052934571
420 0.9316784052934571
421 0.9316784052934571
422 0.9316784052934571
423 0.9316784052934571
424 0.9316784052934571
425 0.9316784052934571
426 0.9316784052934571
427 0.9316784052934571
428 0.9316784052934571
429 0.9316784052934571
430 0.9316784052934571
431 0.9316785141328565
