000 0.12534180476102763
001 0.22494511347242177
002 0.35177871201096883
003 0.43182292233656155
004 0.48037278089479735
005 0.6041252907848201
006 0.6389340600784353
007 0.733617499469606
008 0.7876492558943606
009 0.8011793083718746
010 0.852035393588536
011 0.8895087415833689
012 0.8895087415833689
013 0.8970109828797116
014 0.898545690938131
015 0.9076065261724694
016 0.9084242007163081
017 0.9113529637326768
018 0.9130722680633685
019 0.9149605257600759
020 0.9153320166850594
021 0.9160537940875655
022 0.9167890773987754
023 0.9180423232738126
024 0.9180423232738126
025 0.9181633748657115
026 0.9188568150763121
027 0.9189658697424393
028 0.9189658697424393
029 0.9189658697424393
030 0.919236231159961
031 0.919236231159961
032 0.919236231159961
033 0.9208509922632607
034 0.921843036881077
035 0.9225968033877979
036 0.9234472137523543
037 0.9241536066023142
038 0.9246254518292215
039 0.9252740258761694
040 0.9256251191892652
041 0.9256784717209905
042 0.9257960548627646
043 0.9258313960181289
044 0.9258519518300479
045 0.9258623107457211
046 0.9260249398722253
047 0.9260807658286238
048 0.9260965215262602
049 0.9265408820979703
050 0.926885717165697
051 0.9272951113857241
052 0.9276994978238905
053 0.9281943233084147
054 0.9281943233084147
055 0.9283131921460352
056 0.9285795340016757
057 0.9285983000614418
058 0.9286509356443933
059 0.9287779004682083
060 0.9288947679998176
061 0.9290497994750254
062 0.929246988569916
063 0.9292765814590946
064 0.9293220630727781
065 0.929340314448383
066 0.9295073776183476
067 0.9295435122495275
068 0.9297397115368166
069 0.9298623875906652
070 0.9298623875906652
071 0.9299308386792408
072 0.9300410085527749
073 0.9300410085527749
074 0.9301593453246843
075 0.9301926041147547
076 0.9301926041147547
077 0.9302991114523086
078 0.930367783799824
079 0.9303948110198643
080 0.9303948110198643
081 0.9304231069601664
082 0.930433541775641
083 0.9305499710759486
084 0.9305499710759486
085 0.9305871324697679
086 0.9306253528183126
087 0.9306253528183126
088 0.9306253528183126
089 0.9306507070392323
090 0.9306658899665332
091 0.9307034421067587
092 0.930758345263448
093 0.9307627146681908
094 0.9308046507880905
095 0.9308046507880905
096 0.9308175953433667
097 0.9308438033135091
098 0.9308466783300193
099 0.9308685588409209
100 0.930910259235969
101 0.930924325677179
102 0.9309554917311115
103 0.9309865373022082
104 0.9310027159215956
105 0.9310199184674233
106 0.9310311336004733
107 0.931038989570026
108 0.931042626846484
109 0.931125212680222
110 0.931125212680222
111 0.931125212680222
112 0.931125212680222
113 0.931125212680222
114 0.931125212680222
115 0.9311473972242728
116 0.931158268537593
117 0.931158268537593
118 0.931185149486243
119 0.9312106465419842
120 0.9312106465419842
121 0.9312167547578897
122 0.9312289557737324
123 0.931257816573811
124 0.931257816573811
125 0.9312601105017694
126 0.9312703391190144
127 0.9312749997600881
128 0.9312814261441452
129 0.9313000619954737
130 0.9313166712742625
131 0.9313166712742625
132 0.9313211077003597
133 0.9313417663509674
134 0.9313451472114155
135 0.9313481059002255
136 0.9313575311000047
137 0.9313637706903161
138 0.9313719754988979
139 0.9313722377828352
140 0.9313759231915292
141 0.9313982262000239
142 0.9313982262000239
143 0.9313982368328999
144 0.9314054945465449
145 0.9314054945465449
146 0.9314251846642715
147 0.931432949066775
148 0.931432949066775
149 0.9314342066152747
150 0.9314466242822331
151 0.9314581872661724
152 0.9314581872661724
153 0.9314611587464626
154 0.9314611587464626
155 0.9314611587464626
156 0.9314676700204204
157 0.9314688652380922
158 0.9314779565805995
159 0.9314856241112246
160 0.9314856241112246
161 0.9314856241112246
162 0.9314856241112246
163 0.931490048942971
164 0.9314914841408596
165 0.9314914841408596
166 0.9314979937985859
167 0.931498888084194
168 0.9315081350940512
169 0.9315081350940512
170 0.931510654183144
171 0.9315107805253703
172 0.9315159595373718
173 0.9315167731471452
174 0.931517596244823
175 0.931517596244823
176 0.9315283800463614
177 0.9315343935195518
178 0.931538089826529
179 0.931538089826529
180 0.93154429035700
181 0.93154429035700
182 0.93154429035700
183 0.93154429035700
184 0.9315443149881463
185 0.9315550555360184
186 0.9315554280680173
187 0.9315554280680173
188 0.9315554280680173
189 0.9315580309753629
190 0.9315580309753629
191 0.9315604405460733
192 0.9315632665044172
193 0.9315632665044172
194 0.9315660173662164
195 0.9315718484306945
196 0.9315718484306945
197 0.9315718484306945
198 0.9315734315202078
199 0.9315734315202078
200 0.9315767552033428
201 0.9315816163840204
202 0.9315816163840204
203 0.9315816163840204
204 0.9315817523497504
205 0.9315855351815732
206 0.9315954893903731
207 0.9315954893903731
208 0.9315954893903731
209 0.9315954893903731
210 0.9315954893903731
211 0.9316002269445055
212 0.9316002269445055
213 0.9316006760323587
214 0.9316104852504249
215 0.9316104852504249
216 0.9316104852504249
217 0.9316104852504249
218 0.9316104852504249
219 0.9316104852504249
220 0.9316144035424551
221 0.9316144035424551
222 0.9316144035424551
223 0.9316144035424551
224 0.9316207892194278
225 0.9316207892194278
226 0.9316207892194278
227 0.9316229163464319
228 0.9316235585875484
229 0.9316235585875484
230 0.9316235585875484
231 0.9316245028261184
232 0.9316250817244974
233 0.93162856682853
234 0.9316292454728415
235 0.9316292454728415
236 0.9316292454728415
237 0.9316329982253968
238 0.9316329982253968
239 0.9316329982253968
240 0.9316339344274227
241 0.9316339344274227
242 0.9316339344274227
243 0.9316339344274227
244 0.9316365431516753
245 0.9316366092666039
246 0.931638944559618
247 0.9316398687397714
248 0.9316398687397714
249 0.9316398687397714
250 0.9316398687397714
251 0.9316398687397714
252 0.9316398687397714
253 0.9316398687397714
254 0.9316398687397714
255 0.9316398687397714
256 0.9316428753938544
257 0.9316428753938544
258 0.9316428753938544
259 0.9316428753938544
260 0.931643498054724
261 0.931643498054724
262 0.931643498054724
263 0.931643498054724
264 0.931643498054724
265 0.931643498054724
266 0.931647024503926
267 0.931647024503926
268 0.931647024503926
269 0.931647024503926
270 0.931647024503926
271 0.9316510048764779
272 0.9316510048764779
273 0.9316510048764779
274 0.9316510048764779
275 0.9316510048764779
276 0.9316510048764779
277 0.9316510048764779
278 0.9316510048764779
279 0.9316521576621181
280 0.9316521576621181
281 0.9316526678268912
282 0.9316526678268912
283 0.931653800474891
284 0.931653800474891
285 0.9316539534638615
286 0.9316554520170494
287 0.9316554520170494
288 0.9316560262620822
289 0.9316560433726958
290 0.9316560433726958
291 0.9316560433726958
292 0.9316560433726958
293 0.9316560433726958
294 0.9316560433726958
295 0.9316570362196878
296 0.9316574124422182
297 0.9316574124422182
298 0.9316585567847431
299 0.9316585567847431
300 0.9316585567847431
301 0.9316585567847431
302 0.931658783686472
303 0.9316603992138767
304 0.9316603992138767
305 0.9316603992138767
306 0.9316603992138767
307 0.9316603992138767
308 0.9316603992138767
309 0.9316607993187954
310 0.9316615981931946
311 0.9316615981931946
312 0.9316615981931946
313 0.9316615981931946
314 0.9316615981931946
315 0.9316616725307872
316 0.9316624195097089
317 0.9316624195097089
318 0.9316624195097089
319 0.9316630609620266
320 0.9316630609620266
321 0.9316630609620266
322 0.9316631107783204
323 0.9316637785246226
324 0.9316637785246226
325 0.9316637785246226
326 0.9316642647595541
327 0.9316643870579704
328 0.9316646400328384
329 0.9316646400328384
330 0.9316646400328384
331 0.9316663311807055
332 0.9316663311807055
333 0.931666546965164
334 0.931666546965164
335 0.931666546965164
336 0.931666546965164
337 0.9316674477945471
338 0.9316674477945471
339 0.9316674477945471
340 0.9316674477945471
341 0.9316674477945471
342 0.9316674477945471
343 0.9316674477945471
344 0.9316678787439154
345 0.9316678787439154
346 0.9316678787439154
347 0.9316679875838035
348 0.9316679875838035
349 0.9316682975894973
350 0.9316686171063112
351 0.9316686171063112
352 0.9316686171063112
353 0.9316686171063112
354 0.9316699653441315
355 0.9316699653441315
356 0.9316699653441315
357 0.9316699653441315
358 0.9316699653441315
359 0.9316699653441315
360 0.9316701001752187
361 0.9316701001752187
362 0.9316701001752187
363 0.9316701001752187
364 0.9316701001752187
365 0.9316701001752187
366 0.9316703348316124
367 0.9316704798263729
368 0.9316715697503114
369 0.9316715697503114
370 0.9316715697503114
371 0.9316715697503114
372 0.9316715697503114
373 0.9316721593638227
374 0.9316721593638227
375 0.9316721593638227
376 0.9316721593638227
377 0.9316722953364751
378 0.9316722953364751
379 0.9316722953364751
380 0.9316722953364751
381 0.9316722953364751
382 0.9316722953364751
383 0.9316722953364751
384 0.9316733106544747
385 0.9316733106544747
386 0.9316733106544747
387 0.9316733331417031
388 0.9316733331417031
389 0.9316733331417031
390 0.9316733331417031
391 0.9316733331417031
392 0.9316733331417031
393 0.9316733331417031
394 0.9316733331417031
395 0.9316733331417031
396 0.9316741334033928
397 0.9316744897757782
398 0.9316744897757782
399 0.9316744897757782
400 0.9316744897757782
401 0.9316744897757782
402 0.9316744897757782
403 0.9316744897757782
404 0.9316744897757782
405 0.9316744897757782
406 0.9316744897757782
407 0.931675063088712
408 0.931675063088712
409 0.931675063088712
410 0.931675063088712
411 0.931675063088712
412 0.931675063088712
413 0.931675063088712
414 0.931675063088712
415 0.9316763476534297
416 0.9316763476534297
417 0.9316763476534297
418 0.9316763476534297
419 0.9316763476534297
420 0.9316763476534297
421 0.9316763476534297
422 0.9316763476534297
423 0.9316763476534297
424 0.9316763476534297
425 0.9316763476534297
426 0.9316763476534297
427 0.9316763476534297
428 0.9316763476534297
429 0.9316763476534297
430 0.9316763476534297
431 0.9316763476534297
432 0.9316763476534297
433 0.9316763476534297
434 0.931676588317813
435 0.931676588317813
436 0.931676588317813
437 0.931676588317813
438 0.931676588317813
439 0.931676588317813
440 0.931676588317813
441 0.931676652158726
442 0.931676652158726
443 0.931676652158726
444 0.931676652158726
445 0.9316769782977963
446 0.9316769782977963
447 0.9316769782977963
448 0.9316769880158886
449 0.9316769880158886
450 0.9316769880158886
451 0.9316769880158886
452 0.9316769880158886
453 0.9316769880158886
454 0.9316769880158886
455 0.9316769880158886
456 0.9316769880158886
457 0.9316769880158886
458 0.9316772861080583
459 0.9316772861080583
460 0.9316772861080583
461 0.9316772861080583
462 0.9316772861080583
463 0.9316772861080583
464 0.9316772861080583
465 0.9316772861080583
466 0.9316778286681888
467 0.9316778286681888
468 0.9316778286681888
469 0.9316778286681888
470 0.9316778286681888
471 0.9316778286681888
472 0.9316778286681888
473 0.9316778286681888
474 0.9316778286681888
475 0.9316778286681888
476 0.9316778286681888
477 0.9316779077890461
478 0.9316779077890461
479 0.9316781856244649
480 0.9316781856244649
481 0.9316781856244649
482 0.9316781856244649
483 0.9316781856244649
484 0.9316781856244649
485 0.931678517648444
486 0.931678517648444
487 0.931678517648444
488 0.9316788088766549
489 0.9316788088766549
490 0.9316788088766549
491 0.9316788088766549
492 0.9316788088766549
493 0.9316788088766549
494 0.9316788088766549
495 0.9316788088766549
496 0.9316788088766549
497 0.9316788088766549
498 0.9316788088766549
499 0.9316788088766549
500 0.9316788088766549
501 0.9316788088766549
502 0.9316788088766549
503 0.9316788088766549
504 0.9316788088766549
505 0.9316788088766549
506 0.9316791037714195
507 0.9316791037714195
508 0.9316791037714195
509 0.9316791037714195
510 0.9316791037714195
511 0.9316791037714195
512 0.9316791037714195
513 0.9316791037714195
514 0.9316791037714195
515 0.9316791037714195
516 0.9316791037714195
517 0.9316791037714195
518 0.9316791037714195
519 0.9316791037714195
520 0.9316791037714195
521 0.9316796203456734
522 0.9316796203456734
523 0.9316796203456734
524 0.9316796203456734
525 0.9316796203456734
526 0.9316796203456734
527 0.9316796203456734
528 0.9316796203456734
529 0.9316796203456734
530 0.9316796203456734
531 0.9316796203456734
532 0.9316796203456734
533 0.9316796203456734
534 0.9316796203456734
535 0.9316796203456734
536 0.9316796203456734
537 0.9316796203456734
538 0.9316796203456734
539 0.9316796203456734
540 0.9316796203456734
541 0.9316796203456734
