000 0.12890313752803706
001 0.3256756520692726
002 0.3256756520692726
003 0.3432948325781999
004 0.49907341912265074
005 0.49907341912265074
006 0.6808494837525992
007 0.6808494837525992
008 0.7392088207380686
009 0.7669012738135447
010 0.8019584010859532
011 0.8141406258502717
012 0.8306054613580877
013 0.8355884712000878
014 0.853056043076671
015 0.8596952987110298
016 0.8675744667527158
017 0.870833660593931
018 0.8768484807978799
019 0.8807925078063983
020 0.8811838227721451
021 0.8858348076642227
022 0.88722460287854
023 0.8873036433709668
024 0.8873036433709668
025 0.8873885054310771
026 0.8873885054310771
027 0.8880666665254459
028 0.8880666665254459
029 0.8885390507832126
030 0.8886598305847535
031 0.8886598305847535
032 0.895983126195655
033 0.8969170417116166
034 0.8988042740690863
035 0.9005947981593602
036 0.9024044059075514
037 0.9025091054861204
038 0.9032893721578739
039 0.903638264853775
040 0.9039566348461765
041 0.9040872659605491
042 0.9040872659605491
043 0.9040872659605491
044 0.9040872659605491
045 0.9040872659605491
046 0.9040872659605491
047 0.9040872659605491
048 0.905807820208069
049 0.9071695236998453
050 0.9077784354129572
051 0.9084440392584594
052 0.9090472465706515
053 0.9092769589999137
054 0.909731095833635
055 0.90973473431892
056 0.90973473431892
057 0.90973473431892
058 0.90973473431892
059 0.90973473431892
060 0.9100488760128898
061 0.9100488760128898
062 0.9108437291239593
063 0.9113814128089579
064 0.9117576280849092
065 0.9120955074153694
066 0.9122829975732218
067 0.9128809881273462
068 0.9129448580555868
069 0.9133328421978613
070 0.9134927790855379
071 0.9136573644193106
072 0.9139983537399882
073 0.9140062325897159
074 0.9140976369093049
075 0.914136608413724
076 0.9141561005625419
077 0.9142392197473891
078 0.9144364592220641
079 0.914554182846639
080 0.9147062025827281
081 0.9148752366692646
082 0.9148781981232096
083 0.9150047731164769
084 0.9150801823481243
085 0.915211256856432
086 0.915211256856432
087 0.915288590627187
088 0.9152925795194344
089 0.9153966047252949
090 0.9153966047252949
091 0.9154512878822946
092 0.915453096374753
093 0.9154845755037647
094 0.9155014488386576
095 0.9155284669366844
096 0.9155284669366844
097 0.9155361174570112
098 0.9155457925697582
099 0.9155587001042497
100 0.9155616291420321
101 0.9155687644362472
102 0.9155950461759713
103 0.9155950461759713
104 0.9156014377626278
105 0.9156014377626278
106 0.9156096956997963
107 0.9156096956997963
108 0.915617542064913
109 0.9156211869594861
110 0.9156346921270833
111 0.9156346921270833
112 0.9156392339711145
113 0.9156407461837496
114 0.9156497460300641
115 0.9156497460300641
116 0.915659129524395
117 0.915659129524395
118 0.915659129524395
119 0.9156616660356671
120 0.9156665073185377
121 0.9156665073185377
122 0.9156669391351705
123 0.9156825882385611
124 0.9156842084887855
125 0.9156842084887855
126 0.9156842084887855
127 0.9156945839997929
128 0.9156945839997929
129 0.9156945839997929
130 0.9156945839997929
131 0.9157044904017113
132 0.9157048033891388
133 0.9157078589287038
134 0.9157115356556689
135 0.9157154297695915
136 0.9157154297695915
137 0.9157154297695915
138 0.9157154297695915
139 0.915728667870959
140 0.915728667870959
141 0.915730411058492
142 0.915730411058492
143 0.9157311846979851
144 0.9157353551411744
145 0.9157384107658193
146 0.915740288068882
147 0.915740288068882
148 0.915740288068882
149 0.9157414940687908
150 0.9157427636271641
151 0.9157452742016932
152 0.9157452742016932
153 0.9157465440705997
154 0.9157517502395864
155 0.9157525344469785
156 0.915760304428787
157 0.915760304428787
158 0.915760304428787
159 0.9157628758660389
160 0.9157628758660389
161 0.9157628758660389
162 0.9157628758660389
163 0.9157641722315217
164 0.9157641722315217
165 0.9157680634437217
166 0.9157680634437217
167 0.9157680634437217
168 0.9157750828262297
169 0.9157756725868258
170 0.9157756725868258
171 0.9157756725868258
172 0.9157756725868258
173 0.9157756725868258
174 0.9157798391632667
175 0.9157798391632667
176 0.9157805372554276
177 0.9157857635798475
178 0.9157857635798475
179 0.9157857635798475
180 0.9157857635798475
181 0.9157857953147769
182 0.9157885687799577
183 0.9157885687799577
184 0.9157885687799577
185 0.9157885687799577
186 0.9157887026898843
187 0.9157916760935897
188 0.9157916760935897
189 0.9157916760935897
190 0.9157916760935897
191 0.9157961692308753
192 0.9157961692308753
193 0.9157961692308753
194 0.9157976668319106
195 0.9157976668319106
196 0.9157976668319106
197 0.91579800194433
198 0.915798449026307
199 0.915798449026307
200 0.915798449026307
201 0.9157997068970302
202 0.9157997068970302
203 0.9158001542315587
204 0.9158044419176359
205 0.9158044419176359
206 0.9158044419176359
207 0.9158044419176359
208 0.9158044419176359
209 0.9158054336367351
210 0.9158054336367351
211 0.9158054336367351
212 0.9158054810419799
213 0.9158054810419799
214 0.9158103314976479
215 0.9158103314976479
216 0.9158103314976479
217 0.9158103314976479
218 0.9158103314976479
219 0.9158103314976479
220 0.9158103314976479
221 0.9158108168816164
222 0.9158115754186585
223 0.9158136483416134
224 0.9158136483416134
225 0.9158136483416134
226 0.9158136483416134
227 0.9158136483416134
228 0.9158136483416134
229 0.9158139931009932
230 0.9158155048540316
231 0.9158155048540316
232 0.9158160654313199
233 0.9158160654313199
234 0.9158160654313199
235 0.915816927912597
236 0.915817941512329
237 0.9158196987300118
238 0.9158196987300118
239 0.9158196987300118
240 0.9158196987300118
241 0.9158200497159211
242 0.9158200497159211
243 0.9158200497159211
244 0.9158200497159211
245 0.9158217576464461
246 0.9158217576464461
247 0.9158222091841656
248 0.9158227271900428
249 0.9158227271900428
250 0.9158227271900428
251 0.9158227271900428
252 0.9158237322588906
253 0.9158237322588906
254 0.9158246440971106
255 0.9158253421393462
256 0.9158255429944572
257 0.9158255429944572
258 0.9158255429944572
259 0.9158255429944572
260 0.9158267412014854
261 0.9158267412014854
262 0.9158269332638127
263 0.9158273456299446
264 0.9158287220893484
265 0.9158287220893484
266 0.9158303131063039
267 0.9158303131063039
268 0.9158303131063039
269 0.9158303131063039
270 0.9158303131063039
271 0.9158303131063039
272 0.9158303131063039
273 0.9158303131063039
274 0.9158303131063039
275 0.9158303131063039
276 0.9158303810289026
277 0.9158331938290897
278 0.9158333899698199
279 0.9158333899698199
280 0.9158333899698199
281 0.9158333899698199
282 0.9158341164034266
283 0.9158341164034266
284 0.9158341164034266
285 0.9158341164034266
286 0.9158341164034266
287 0.9158344299766554
288 0.9158347486019989
289 0.9158350884711218
290 0.9158350884711218
291 0.9158355685983721
292 0.9158356911189767
293 0.9158356911189767
294 0.9158356911189767
295 0.9158358966716158
296 0.9158358966716158
297 0.9158386674949708
298 0.9158386674949708
299 0.9158386674949708
300 0.9158386674949708
301 0.9158386674949708
302 0.9158386674949708
303 0.9158386674949708
304 0.9158386674949708
305 0.9158388758344632
306 0.9158388758344632
307 0.9158388758344632
308 0.9158388758344632
309 0.9158388758344632
310 0.9158396354364554
311 0.9158396354364554
312 0.9158396354364554
313 0.9158396354364554
314 0.9158396354364554
315 0.9158400292088322
316 0.9158408772781023
317 0.9158408772781023
318 0.9158408772781023
319 0.9158408772781023
320 0.9158408772781023
321 0.9158408772781023
322 0.9158408772781023
323 0.9158415687608082
324 0.9158415687608082
325 0.9158416241488854
326 0.9158421278000476
327 0.9158421278000476
328 0.9158421278000476
329 0.9158421278000476
330 0.9158421278000476
331 0.9158421278000476
332 0.9158424098341542
333 0.9158424098341542
334 0.9158424121734717
335 0.9158427877535915
336 0.9158433782623948
337 0.9158433782623948
338 0.9158433782623948
339 0.9158433782623948
340 0.9158433782623948
341 0.9158434281971943
342 0.9158434281971943
343 0.9158436175917113
344 0.9158436175917113
345 0.9158441602644875
346 0.9158441602644875
347 0.9158441602644875
348 0.9158441602644875
349 0.9158441602644875
350 0.9158441602644875
351 0.9158441602644875
352 0.9158441602644875
353 0.9158441602644875
354 0.9158441602644875
355 0.9158442226052064
356 0.9158460343266872
357 0.9158460343266872
358 0.9158460343266872
359 0.9158460343266872
360 0.9158460343266872
361 0.9158460343266872
362 0.9158460343266872
363 0.9158464396603857
364 0.9158464396603857
365 0.9158464396603857
366 0.9158464396603857
367 0.9158464396603857
368 0.9158464396603857
369 0.9158464396603857
370 0.9158464396603857
371 0.9158466672972796
372 0.9158472817814699
373 0.9158472817814699
374 0.9158472817814699
375 0.9158472817814699
376 0.9158472817814699
377 0.9158472817814699
378 0.9158472817814699
379 0.9158472817814699
380 0.9158472817814699
381 0.9158472817814699
382 0.9158472817814699
383 0.9158472817814699
384 0.9158472817814699
385 0.9158472817814699
386 0.9158473553476557
387 0.9158473553476557
388 0.9158473553476557
389 0.9158473553476557
390 0.9158481953362979
391 0.9158481953362979
392 0.9158481953362979
393 0.9158481953362979
394 0.9158484904080777
395 0.9158484904080777
396 0.9158484904080777
397 0.9158484904080777
398 0.9158484904080777
399 0.9158484904080777
400 0.9158484904080777
401 0.9158484904080777
402 0.9158496887017583
403 0.9158496887017583
404 0.9158496887017583
405 0.9158496887017583
406 0.9158496887017583
407 0.9158496887017583
408 0.9158496887017583
409 0.9158496887017583
410 0.9158496887017583
411 0.9158496887017583
412 0.9158496887017583
413 0.9158496887017583
414 0.9158496887017583
415 0.9158496887017583
416 0.9158496887017583
417 0.9158496887017583
418 0.9158496887017583
419 0.9158496887017583
420 0.9158497658719151
421 0.9158497658719151
422 0.9158503010466975
423 0.9158503010466975
424 0.9158503010466975
425 0.9158503010466975
426 0.9158503010466975
427 0.9158503010466975
428 0.9158503010466975
429 0.9158503010466975
430 0.9158503010466975
431 0.9158503010466975
432 0.9158503010466975
433 0.9158503010466975
434 0.9158503010466975
435 0.9158503010466975
436 0.9158503010466975
437 0.9158503010466975
438 0.9158504865775413
439 0.9158504865775413
440 0.9158504865775413
441 0.9158504865775413
442 0.9158504865775413
443 0.9158504865775413
444 0.9158504865775413
445 0.9158509201602784
446 0.9158509201602784
447 0.9158509201602784
448 0.9158509201602784
449 0.9158509201602784
450 0.9158509201602784
451 0.9158509201602784
452 0.9158509201602784
453 0.9158509201602784
454 0.9158509201602784
455 0.9158509201602784
456 0.9158509201602784
457 0.9158509201602784
458 0.9158509201602784
459 0.9158509201602784
460 0.9158509201602784
461 0.9158509201602784
462 0.9158509201602784
463 0.9158509201602784
464 0.9158509201602784
465 0.9158509201602784
