000 0.09871675412883402
001 0.1723523087581243
002 0.19676252842788158
003 0.19676252842788158
004 0.19676252842788158
005 0.3381881355320576
006 0.3381881355320576
007 0.3381881355320576
008 0.4071462661116912
009 0.4071462661116912
010 0.5274573089818699
011 0.5274573089818699
012 0.5532780032034031
013 0.5654429615196169
014 0.5841776845826184
015 0.6126420983151393
016 0.6166208244631356
017 0.6351685479580299
018 0.6413750071413561
019 0.6492955237428174
020 0.6603170943015068
021 0.6636633097342879
022 0.6690175575632725
023 0.6702450870952172
024 0.6717907815052994
025 0.6718107050256457
026 0.6722472682540817
027 0.6725210810718976
028 0.6762386161483535
029 0.6770027725621043
030 0.6775153716488679
031 0.6788430117966562
032 0.6788430117966562
033 0.6794587941645219
034 0.6794587941645219
035 0.6823332838295209
036 0.6823332838295209
037 0.6823332838295209
038 0.6828277757730117
039 0.6828277757730117
040 0.6828277757730117
041 0.6828277757730117
042 0.6828277757730117
043 0.6828277757730117
044 0.6828277757730117
045 0.688295002817954
046 0.6892163748533955
047 0.692503861670356
048 0.6937879018619193
049 0.6952502109408091
050 0.6964807675066799
051 0.6980449900545241
052 0.6983397344772714
053 0.7009675456765665
054 0.7012639853900714
055 0.7024128696930955
056 0.7024128696930955
057 0.702537429547198
058 0.7025958844012968
059 0.7029210960238964
060 0.702983383951585
061 0.702983383951585
062 0.702983383951585
063 0.702983383951585
064 0.702983383951585
065 0.7047888112774484
066 0.7056201721953271
067 0.707278984330055
068 0.709473481004769
069 0.7115000087151512
070 0.7128086369802302
071 0.7143946143224753
072 0.7150665105101505
073 0.7158812903892579
074 0.716993104472747
075 0.7172533593084862
076 0.7177908530476507
077 0.7180114466558133
078 0.7183761706050777
079 0.7186389698780123
080 0.7186489311103038
081 0.7186634530049809
082 0.718686610170178
083 0.718686610170178
084 0.7198021946970004
085 0.7203918995078055
086 0.7203918995078055
087 0.7213748133818902
088 0.7213748133818902
089 0.7213748133818902
090 0.7213748133818902
091 0.7213748133818902
092 0.721479937791713
093 0.721479937791713
094 0.721479937791713
095 0.7231706464956124
096 0.7243507119060691
097 0.724868588444513
098 0.726722387777163
099 0.7283163953600015
100 0.7285071058423671
101 0.7289792628670805
102 0.730074750038796
103 0.73094119587503
104 0.7311393777182693
105 0.7312968714648619
106 0.7314522405985017
107 0.7316209837359008
108 0.731769705055335
109 0.731769705055335
110 0.7320045029503324
111 0.7320045029503324
112 0.7320045029503324
113 0.7333506846917314
114 0.7338388801344831
115 0.7344813641232332
116 0.7354057648824321
117 0.736487317220939
118 0.7368727038511318
119 0.7377211113138232
120 0.7384143292210744
121 0.7387004026208774
122 0.7390863240978472
123 0.7390951694542386
124 0.739131345248877
125 0.7391585909699501
126 0.7391585909699501
127 0.7395760705553681
128 0.7395898601840394
129 0.7395910153531688
130 0.7410432350883565
131 0.7411892212002119
132 0.7419778699981268
133 0.7426408830093194
134 0.7434150641848029
135 0.7441015032728653
136 0.7447233695803857
137 0.7449129367478007
138 0.7456355060759885
139 0.7459196465053857
140 0.7463105800712354
141 0.7466878185732447
142 0.746691124863902
143 0.7468325190276495
144 0.7469466189684036
145 0.7469466189684036
146 0.7469515078428473
147 0.7469817128623562
148 0.7479197307758241
149 0.748511286197813
150 0.7493370953761229
151 0.7507253914918478
152 0.7514191488960611
153 0.75154389660278
154 0.7522784972637464
155 0.7527742282837404
156 0.7528322698630233
157 0.7531362176855844
158 0.7535800384743511
159 0.7535800384743511
160 0.7538198606197141
161 0.7538198606197141
162 0.7539588940627496
163 0.7539588940627496
164 0.7539588940627496
165 0.7556059072109002
166 0.7564162838293821
167 0.7569551011617822
168 0.7580551635360059
169 0.7585883981521319
170 0.7590920365181933
171 0.7594742312036646
172 0.7600064280613286
173 0.760092869067862
174 0.7601157946616958
175 0.7601282514661135
176 0.760164971101983
177 0.760164971101983
178 0.7606415953454496
179 0.7606415953454496
180 0.7613434032835734
181 0.7620373260237753
182 0.7634251943151494
183 0.7651978222644886
184 0.7657161725478855
185 0.7661080634892787
186 0.7665800197086164
187 0.7674860733391007
188 0.7681608828249865
189 0.7687392088679904
190 0.768830625162702
191 0.768830625162702
192 0.7688478656936886
193 0.7688478656936886
194 0.7708537131845977
195 0.7708583971274917
196 0.7708583971274917
197 0.7708583971274917
198 0.7719437676197437
199 0.7719437676197437
200 0.7719437676197437
201 0.77229792119695
202 0.77229792119695
203 0.77229792119695
204 0.7736268863617249
205 0.7742622441009377
206 0.7762681653508053
207 0.7776460103480046
208 0.7784017533970324
209 0.7797074503394202
210 0.7803862949825301
211 0.7820409074992914
212 0.7820758311031208
213 0.7823778413085918
214 0.7824395720806392
215 0.7825921390338313
216 0.7828016946687542
217 0.7828118115851397
218 0.7828118115851397
219 0.7828118115851397
220 0.7828118115851397
221 0.7840759809991732
222 0.7850839483657817
223 0.7858431429211404
224 0.7871935441171755
225 0.7884851834227876
226 0.7902786955723392
227 0.7909528671747991
228 0.7914598761900576
229 0.7920364889968116
230 0.7925853009183181
231 0.7932638476792259
232 0.7933692397669767
233 0.7941047691995777
234 0.7947553331574868
235 0.7947553331574868
236 0.7948016883217562
237 0.7948025386250888
238 0.7949402517464367
239 0.7949411654994117
240 0.7949411654994117
241 0.7949411654994117
242 0.7949411654994117
243 0.7961208946284658
244 0.7971392663135912
245 0.797523844613693
246 0.7993296842925238
247 0.7995639798641551
248 0.8007458196646748
249 0.801448933023962
250 0.8017326987969668
251 0.8019479185411804
252 0.8020707716882978
253 0.8021764534919644
254 0.8028566676598403
255 0.8029472080946396
256 0.8029706519109998
257 0.8029833891660151
258 0.8037195087550935
259 0.8037447138367602
260 0.8037447138367602
261 0.8047394983315894
262 0.805203439871236
263 0.8059471850241854
264 0.8068290317980861
265 0.8078244485289013
266 0.8085597655168476
267 0.809129439710574
268 0.8101434083195989
269 0.8103293882008763
270 0.8108698190104002
271 0.8109967609591872
272 0.8110906674516343
273 0.8111464802198822
274 0.8112199414777587
275 0.8113125012420248
276 0.811363435223141
277 0.811363435223141
278 0.8120472832679856
279 0.8127987281334108
280 0.8132582419088159
281 0.8145421574105086
282 0.8147430391204229
283 0.8156196406961967
284 0.8162594607907192
285 0.8171270689236105
286 0.8174711047585764
287 0.8185354030085666
288 0.8188979905139971
289 0.8192033950329994
290 0.8197147699315427
291 0.8199042229117334
292 0.8200234258298558
293 0.8201221193148367
294 0.8201659706934259
295 0.8202369457975189
296 0.8202646474321122
297 0.8203730011610463
298 0.8209591356047787
299 0.8217887436186573
300 0.8220164606159798
301 0.823091868078112
302 0.8238395130855248
303 0.8246301677887354
304 0.825348494240369
305 0.826160325453497
306 0.8268804077181566
307 0.8268952716069915
308 0.8271595972715824
309 0.8273897975117228
310 0.8276872563048203
311 0.8276897546051524
312 0.8277909433870534
313 0.8278404002614055
314 0.8278477779667958
315 0.8280398378386917
316 0.8283489091923256
317 0.8288711795053334
318 0.8299633501086852
319 0.8306671490730273
320 0.8314129400071723
321 0.8321869026308992
322 0.832535922706328
323 0.83334192517651
324 0.8338978479790177
325 0.834316899102926
326 0.834727685445859
327 0.835217617803817
328 0.8356899637060339
329 0.8356899637060339
330 0.8364119099091427
331 0.8364856733058512
332 0.8364856733058512
333 0.8364856733058512
334 0.8365010677510586
335 0.8365038784739798
336 0.8374986748123512
337 0.8375199673257157
338 0.8380971338158231
339 0.8382244839855147
340 0.8389045459535426
341 0.8393422558862407
342 0.8400206458378888
343 0.8404437992408461
344 0.8406767852619605
345 0.8408711759905739
346 0.8411439533827428
347 0.8414171504558597
348 0.8419504682514914
349 0.8423624887495759
350 0.842390312159905
351 0.8426163274452897
352 0.8426163274452897
353 0.842628518180691
354 0.842628518180691
355 0.8426788008639667
356 0.8426788008639667
357 0.8432876875746059
358 0.8439354368063715
359 0.8447386041932908
360 0.8459412422989512
361 0.846795839926607
362 0.8471415775994187
363 0.8483422282564652
364 0.8488304364809588
365 0.849552704574729
366 0.8501660513834379
367 0.8505266430628241
368 0.8509835997805788
369 0.8513892321277352
370 0.8513892321277352
371 0.8514567567575723
372 0.8515447894017567
373 0.8517063149276582
374 0.8518392500067022
375 0.8518392500067022
376 0.8518392500067022
377 0.8524764257716493
378 0.853145900077321
379 0.8536083143833367
380 0.8543699047425869
381 0.8551435538642131
382 0.8564069675094983
383 0.8570874852723217
384 0.8574195880599609
385 0.8578731605567341
386 0.8582591014756786
387 0.8588399277305186
388 0.8591423879087212
389 0.8594272021005946
390 0.8594773508320908
391 0.8596554330318005
392 0.8596747193651305
393 0.8598299058470661
394 0.8598390927385215
395 0.8598739594739887
396 0.8598828522533547
397 0.8606816493692024
398 0.8611761829801293
399 0.8619372182260318
400 0.8624010395574813
401 0.86311745017367
402 0.8641053265799805
403 0.865230471800525
404 0.8657205520273609
405 0.865978716792211
406 0.8664959005530464
407 0.8668490384169729
408 0.8671532339824484
409 0.8672977789124879
410 0.8678177863550343
411 0.8678372016828674
412 0.8679289237227292
413 0.8679814363601951
414 0.8681594948250393
415 0.8681779157165976
416 0.8682173002961349
417 0.8687897573132556
418 0.8693712160284194
419 0.8696632137041879
420 0.8701589728852429
421 0.8715967184103548
422 0.8718210585911167
423 0.8720013730550382
424 0.8727875739096604
425 0.8734575483213797
426 0.8740458675906719
427 0.8744584917673338
428 0.8744584917673338
429 0.874844644164527
430 0.8748787660045249
431 0.8748787660045249
432 0.8748787660045249
433 0.8748787660045249
434 0.8748787660045249
435 0.8748787660045249
436 0.8755379078080882
437 0.8761147469104237
438 0.876456927415056
439 0.876863156605172
440 0.8773210764061236
441 0.8779230379688346
442 0.8784718733733968
443 0.8786536441060748
444 0.8794847379571585
445 0.8795877646837741
446 0.8799124697746108
447 0.8802868666743863
448 0.8804612776470117
449 0.8805793364960226
450 0.8806657105487136
451 0.8806831560866057
452 0.8807006947487368
453 0.8807124165146365
454 0.8812281865954914
455 0.8818630130401058
456 0.8822747829478337
457 0.88266760539476
458 0.8834246325261239
459 0.883992253827014
460 0.8844747423228766
461 0.8845755251316928
462 0.88514921825580
463 0.8855906109071875
464 0.88585473607730
465 0.8864982771397922
466 0.8864982771397922
467 0.8866304797315588
468 0.8867280162907331
469 0.8867877423680552
470 0.8868219964737031
471 0.8868229525788165
472 0.8868257134376467
473 0.8875036945238016
474 0.888371051273516
475 0.8885583061756773
476 0.888849661237835
477 0.8895253457598317
478 0.8898049014243358
479 0.8903319656683418
480 0.8906022291451385
481 0.8908880252756854
482 0.8911354443995724
483 0.8915260786471695
484 0.891612299832928
485 0.8917198350461735
486 0.8917904352153692
487 0.8920137036833988
488 0.8922314275242411
489 0.8923229926871269
490 0.8925829570012912
491 0.8930037559819829
492 0.8933098729409659
493 0.8942080731569357
494 0.8946515495956601
495 0.8951959488052182
496 0.8954598721735456
497 0.8960004985125783
498 0.896220679143142
499 0.8965883345458213
500 0.8968490919573471
501 0.8971046182932337
502 0.8971046182932337
503 0.8971752399172978
504 0.8972303981327673
505 0.8973263283007696
506 0.8973444317789738
507 0.8978732441415375
508 0.8982324409845945
509 0.8988718909793519
510 0.8993915133480744
511 0.89989775659085
512 0.9006523789753986
513 0.9008730977072286
514 0.9011806490875287
515 0.9015378643304501
516 0.90187253254867
517 0.9023188343894499
518 0.9024059409630171
519 0.902573619722946
520 0.9027230158662232
521 0.9028316769939417
522 0.9028981184009123
523 0.9029128228897318
524 0.9029583493900751
525 0.9032963835469323
526 0.9037495869274549
527 0.9039424463163281
528 0.9046610663841743
529 0.904871146694313
530 0.9052759908543347
531 0.9057761021664567
532 0.9065496753464962
533 0.90688353770456
534 0.9079630397889792
535 0.9080536894267189
536 0.9085927315160851
537 0.9088816698078627
538 0.9092117328716137
539 0.9095014499197689
540 0.9098449857627462
541 0.9101727726374973
542 0.910204613534676
543 0.9104045475414615
544 0.9105494898956582
545 0.9105494898956582
546 0.9105544435887517
547 0.9105544435887517
548 0.9107584617345529
549 0.9110959665703993
550 0.9115755146053813
551 0.911820635578579
552 0.9123007258523339
553 0.9127102395185313
554 0.9132640718610938
555 0.9136876189153498
556 0.9139114427846871
557 0.9143870096011668
558 0.9147098267487767
559 0.9150918932830752
560 0.9152837789910452
561 0.9156042160838097
562 0.9157410880065074
563 0.9158117662471076
564 0.9158319765480202
565 0.9158348072265124
566 0.9158405378157857
567 0.9158405378157857
568 0.9166933542414399
569 0.9168904404739181
570 0.9172472833887639
571 0.9175277309280917
572 0.91773177339237
573 0.9181479242048928
574 0.9184011263411345
575 0.9189501901455998
576 0.9193508129219236
577 0.9196984742734826
578 0.9203230771381428
579 0.9203230771381428
580 0.9205684783768958
581 0.9208130440637667
582 0.9208541316241149
583 0.9209292123523726
584 0.9209298010321256
585 0.9209498767872212
586 0.9209498767872212
587 0.9213632467224953
588 0.921596238337343
589 0.9220008005344027
590 0.9222245422584802
591 0.9226706226990579
592 0.9230504555941867
593 0.9236031394261665
594 0.9241425368961558
595 0.9241425368961558
596 0.924638045622986
597 0.9248320467693146
598 0.9248643986497848
599 0.92516415142186
600 0.9253309936701318
601 0.925646679773741
602 0.9259517809609432
603 0.9260409518286769
604 0.9263498585411427
605 0.9266908544774907
606 0.9267669472412504
607 0.9268741290491851
608 0.9270744440738404
609 0.9272686302264816
610 0.9275382981658075
611 0.927849288241504
612 0.9279275635042897
613 0.9282318700330473
614 0.928552204769799
615 0.9287259926064872
616 0.9291555657885471
617 0.9294477041902668
618 0.9297124526980025
619 0.9299808336353587
620 0.9302162108857891
621 0.9304503777343132
622 0.9305724693334471
623 0.9306599752123967
624 0.9307387967854969
625 0.930807408074086
626 0.9308459713615872
627 0.9310963844008933
628 0.9312849491467882
629 0.9316715197185808
630 0.9317799744946196
631 0.9321889503625364
632 0.9328383025114242
633 0.9328738346548424
634 0.9330434240651881
635 0.933400818405427
636 0.9336955680708467
637 0.9338102900235631
638 0.9341983596318735
639 0.934473306469075
640 0.934473306469075
641 0.9347343058724592
642 0.9347679473846557
643 0.935024270251231
644 0.935114042075631
645 0.9352963259469195
646 0.9355370508691935
647 0.9358329179377795
648 0.9360651735593687
649 0.9364123551983267
650 0.936645308576543
651 0.9369003510121047
652 0.9370960436384791
653 0.9374758141368882
654 0.9377895527024325
655 0.9378981478143598
656 0.937946267233671
657 0.938220418709865
658 0.9383320028218847
659 0.9384074254449486
660 0.9385046018532424
661 0.9388170235794422
662 0.9389090886919302
663 0.939104576534363
664 0.9392422840284029
665 0.9394763579524444
666 0.939648654603384
667 0.9397857235567205
668 0.9400111443614038
669 0.940127177138946
670 0.9405119323728379
671 0.9405119323728379
672 0.9408576893146063
673 0.9409287704000793
674 0.9413957572229806
675 0.9415050347146277
676 0.9416772183236856
677 0.9419390464516474
678 0.9422243909226128
679 0.942226667883088
680 0.9423719159292536
681 0.9428047064151169
682 0.9428047064151169
683 0.9430108472728854
684 0.943212342254492
685 0.9434659054906517
686 0.9436585630173648
687 0.9438086964678757
688 0.9439797815168061
689 0.9442874451071094
690 0.9447349416291632
691 0.9447349416291632
692 0.9447349416291632
693 0.9448432600719031
694 0.9449283317835958
695 0.9451430331646656
696 0.9453155648884166
697 0.9455390837528103
698 0.9455585175754958
699 0.9455743852795649
700 0.9458043315794865
701 0.9458514532200201
702 0.9461328585414378
703 0.9462429372700617
704 0.9463676415123502
705 0.946441881719437
706 0.9467073300934375
707 0.9468236598804984
708 0.9470021850239614
709 0.9473000293404479
710 0.9474775999419748
711 0.9474775999419748
712 0.9478105876317963
713 0.9478105876317963
714 0.9478198948696316
715 0.9479718113470303
716 0.9482065960364023
717 0.9482065960364023
718 0.9482786554665044
719 0.9483989425212631
720 0.9485153011726685
721 0.9486636665166024
722 0.9486888892827267
723 0.9488321938781994
724 0.9488321938781994
725 0.9489320563767506
726 0.949173747683882
727 0.949173747683882
728 0.949173747683882
729 0.949200661708792
730 0.9492615096567573
731 0.949308711081763
732 0.9494071975898695
733 0.9495636070742722
734 0.9496301710752864
735 0.9496435421200299
736 0.9497332702964095
737 0.9498482104194838
738 0.9498482104194838
739 0.9499357292077428
740 0.9499644119230534
741 0.9500174194402464
742 0.9501216468551991
743 0.9501747381814392
744 0.9502570278434054
745 0.9502669031657961
746 0.9503725136965091
747 0.9503891640285287
748 0.9504329662526388
749 0.9505310213720221
750 0.9505593674579719
751 0.9506118057455601
752 0.95066240144277
753 0.9507592395900262
754 0.9507592395900262
755 0.9508741721886645
756 0.9508851949783663
757 0.9509209827440893
758 0.9510427089479003
759 0.95104399191641
760 0.9510675831880482
761 0.9511325049510527
762 0.951179333814465
763 0.9512258561034377
764 0.9512600267849116
765 0.9512834965293177
766 0.951287191478924
767 0.9513615689214752
768 0.9514029283642153
769 0.9514182967734047
770 0.9514937535719596
771 0.9515722656878075
772 0.9515722656878075
773 0.9516046026887507
774 0.9516639650851867
775 0.9516840286428397
776 0.9517071454569695
777 0.9517714569228559
778 0.9517926498664566
779 0.951870876067202
780 0.951870876067202
781 0.951870876067202
782 0.9518878743431455
783 0.9519314091676564
784 0.9519448962621138
785 0.9519807473983367
786 0.9520616046052219
787 0.9520616046052219
788 0.9520952691400792
789 0.9521244329403764
790 0.9521560694178228
791 0.9522519143801985
792 0.9522519143801985
793 0.952261549565563
794 0.9522698536655592
795 0.9523184907643186
796 0.9523434003452953
797 0.9523739672478853
798 0.9524333180159594
799 0.9524558433385641
800 0.9524558433385641
801 0.9525104330057728
802 0.9525542841277853
803 0.9525590549094471
804 0.9526006466313632
805 0.952603366584386
806 0.9526595948794593
807 0.9526842365410001
808 0.9526842365410001
809 0.9527134974443066
810 0.9527393033519466
811 0.9527692725757959
812 0.9528075244356561
813 0.9528510370365454
814 0.9528510370365454
815 0.9528903927623533
816 0.9529194831933675
817 0.9529356739168059
818 0.9529646497881962
819 0.9529680118753375
820 0.9529893079566651
821 0.953005767410328
822 0.9530436263893859
823 0.9530436263893859
824 0.9530570318689471
825 0.9530851177968868
826 0.9531428647376833
827 0.9531428647376833
828 0.9531789860445123
829 0.9531818673332608
830 0.9531949942315205
831 0.9532235166598827
832 0.9532308343931646
833 0.9532898192288756
834 0.9533086349785033
835 0.9533100694136672
836 0.9533100694136672
837 0.9533510630964706
838 0.9533880872071657
839 0.9533880872071657
840 0.9534077681754366
841 0.9534229079976497
842 0.9534312342991926
843 0.953453352606208
844 0.9534612967345402
845 0.9534928528202163
846 0.9535013292200408
847 0.953541111841718
848 0.953541111841718
849 0.953549012707988
850 0.9535792000741389
851 0.9536161576952231
852 0.9536161576952231
853 0.95362048290864
854 0.9536464004241497
855 0.9536701176332084
856 0.9536701176332084
857 0.9536701176332084
858 0.953686702001347
859 0.9537369413207532
860 0.9537369413207532
861 0.9537369413207532
862 0.9537369413207532
863 0.9537626905488028
864 0.9537702621860433
865 0.95377742445380
866 0.9537870459013944
867 0.9538127627916081
868 0.9538197562039759
869 0.9538455955861812
870 0.9538702244802535
871 0.9538702244802535
872 0.9538732183986119
873 0.9539130049134279
874 0.9539130049134279
875 0.9539130049134279
876 0.9539130049134279
877 0.9539261833205828
878 0.9539305488697835
879 0.9539357897763999
880 0.9539577035468132
881 0.9539577035468132
882 0.9539577035468132
883 0.9539636959793835
884 0.9539675400508474
885 0.9539809480509038
886 0.9540011093951303
887 0.9540078513126303
888 0.9540078513126303
889 0.9540129346748099
890 0.9540218706458921
891 0.95405034831492
892 0.95405034831492
893 0.95405034831492
894 0.9540560881143831
895 0.9540611416968592
896 0.9540654541886427
897 0.9540740705432652
898 0.9541006344883202
899 0.9541006344883202
900 0.9541038522857338
901 0.9541053518113775
902 0.9541175504958583
903 0.9541175504958583
904 0.9541292764461049
905 0.9541292764461049
906 0.9541390863585835
907 0.9541420865750708
908 0.954155229891751
909 0.9541704603107592
910 0.9541704603107592
911 0.9541704603107592
912 0.9541787614170371
913 0.9541865991323955
914 0.9541886593015005
915 0.9542111737775322
916 0.9542111737775322
917 0.9542111737775322
918 0.9542111737775322
919 0.9542215665453245
920 0.9542258320724867
921 0.9542286795329391
922 0.9542316816934974
923 0.9542464483512465
924 0.9542518164121033
925 0.9542671190985215
926 0.9542671190985215
927 0.9542716383514919
928 0.9542750379308387
929 0.9542846919042985
930 0.9542913548495552
931 0.9543030408118263
932 0.9543111485623699
933 0.9543111485623699
934 0.9543117965358228
935 0.9543162019283434
936 0.9543162019283434
937 0.9543292840735004
938 0.9543292840735004
939 0.9543292840735004
940 0.9543366084950429
941 0.9543479854126302
942 0.9543642524431896
943 0.9543642524431896
944 0.9543642524431896
945 0.9543680899670107
946 0.9543680899670107
947 0.9543716160231199
948 0.9543727783502568
949 0.9543755680809181
950 0.9543860808276782
951 0.9543864119394951
952 0.9543864119394951
953 0.95439223912632
954 0.95439223912632
955 0.9543973860942409
956 0.954399622053029
957 0.9544106497476589
958 0.9544106497476589
