000 0.08241588365862429
001 0.1234620365092111
002 0.17988861486092467
003 0.2126483757026101
004 0.2126483757026101
005 0.25877202734613647
006 0.3207334422902943
007 0.44196335633558814
008 0.4421199931287792
009 0.5236499568843941
010 0.5639226465602624
011 0.5639226465602624
012 0.6400566409836591
013 0.6694281797343418
014 0.7019004176134253
015 0.7107244906391007
016 0.7433587502292672
017 0.7739349921001192
018 0.7981076566505906
019 0.8044615727239193
020 0.813511764423884
021 0.813511764423884
022 0.8231531833276691
023 0.8242397845506032
024 0.8304836619233018
025 0.8304836619233018
026 0.8309823870317942
027 0.8312468569538285
028 0.8312468569538285
029 0.8317710032203934
030 0.8338888594520493
031 0.8338888594520493
032 0.8338888594520493
033 0.8344829869462658
034 0.8355766219773574
035 0.8355766219773574
036 0.8356226622948716
037 0.8362801182383223
038 0.8366140455068743
039 0.8366140455068743
040 0.8376342440980797
041 0.8378933552217485
042 0.8378933552217485
043 0.8379645896348232
044 0.8380513896948025
045 0.8382758828241079
046 0.8382799255056473
047 0.8384741642970046
048 0.8384809206565816
049 0.8391437194432804
050 0.8419446920670421
051 0.8434581996715221
052 0.8450967936685423
053 0.8481857974451872
054 0.8500722233806348
055 0.851257207573924
056 0.8531048680167139
057 0.8540538428965279
058 0.8544169915085023
059 0.8545825082055317
060 0.8549734204364862
061 0.8549734204364862
062 0.8552824348666497
063 0.8552824348666497
064 0.8552824348666497
065 0.8555818945441558
066 0.8555818945441558
067 0.8591339537762102
068 0.8605255144895158
069 0.861953696719418
070 0.8622540067841235
071 0.8630331557459097
072 0.8641707582188327
073 0.8648876821698875
074 0.8652052119534163
075 0.8655988914381856
076 0.865828684193012
077 0.8660945419805276
078 0.8666252810298906
079 0.866809884840032
080 0.866809884840032
081 0.866809884840032
082 0.8668423995320884
083 0.867738370134078
084 0.867738370134078
085 0.8678207302815291
086 0.8678207302815291
087 0.8678207302815291
088 0.8714122262656343
089 0.8718626375031513
090 0.8725994700163507
091 0.8746026130087353
092 0.87492712836439
093 0.8764343714291098
094 0.8775960398369023
095 0.8788922263817299
096 0.8793708760267132
097 0.8793708760267132
098 0.8793708760267132
099 0.8793708760267132
100 0.8793708760267132
101 0.8793708760267132
102 0.8793708760267132
103 0.8804628232781907
104 0.8804628232781907
105 0.8822213200389379
106 0.8827622935802766
107 0.8845708930709387
108 0.8860976066374753
109 0.8866069147456632
110 0.8873025000187008
111 0.8873810811450852
112 0.8877549132093046
113 0.8877549132093046
114 0.8877549132093046
115 0.8877708913329475
116 0.8880798452371502
117 0.8880798452371502
118 0.8880894745855219
119 0.8881739639830963
120 0.8898569214782052
121 0.8902202321178673
122 0.891290658970879
123 0.8914009191866913
124 0.8921784112147293
125 0.8929254871055591
126 0.8940833268510668
127 0.8946624459018473
128 0.8953471370635415
129 0.8956556039768192
130 0.8956556039768192
131 0.8957836185267664
132 0.8957836185267664
133 0.8957933773873362
134 0.8957933773873362
135 0.8957933773873362
136 0.8957933773873362
137 0.8981796443632067
138 0.8985005422509349
139 0.899474607283786
140 0.8998522857505058
141 0.9003420868198215
142 0.9008646252821936
143 0.9013886432755324
144 0.9014809056218184
145 0.9015612765274085
146 0.9016226516707221
147 0.9016614319554699
148 0.9016614319554699
149 0.9017053393843865
150 0.9017525867087088
151 0.9017763307605124
152 0.9033623505554911
153 0.9036849039347928
154 0.9043425702868281
155 0.9045530298344331
156 0.906072347104749
157 0.906072347104749
158 0.906763997486851
159 0.9075849416784523
160 0.9077679665256285
161 0.9079434439097526
162 0.9079575698924164
163 0.9080529990453426
164 0.908177040290272
165 0.9082627849484425
166 0.908266116000966
167 0.9082703484620251
168 0.90827361165542
169 0.9089709592059941
170 0.9100733730646906
171 0.9101177401948267
172 0.9108250194028583
173 0.9110501251632944
174 0.9113897200393515
175 0.911751218851533
176 0.9120380984611342
177 0.9122908294017477
178 0.9126050661508214
179 0.9126199610722449
180 0.9127704377754028
181 0.9129809498957152
182 0.9131056771677274
183 0.9131516829212413
184 0.9131516829212413
185 0.9140514209213145
186 0.9143808081413098
187 0.9147221393833133
188 0.914901150394063
189 0.9152139582509294
190 0.9155487022312575
191 0.9156882849513606
192 0.9158424915521274
193 0.9160530407054278
194 0.9160742211331693
195 0.9162173793440186
196 0.9162548822709937
197 0.9166717082120317
198 0.917041304849131
199 0.9176928070639075
200 0.9183201650128856
201 0.9185566515659785
202 0.9186151822279007
203 0.9193199954322377
204 0.9196906468744077
205 0.920054897234737
206 0.9202079720006341
207 0.9202595054057247
208 0.920569039688185
209 0.9207299250878376
210 0.9210189105549347
211 0.9210559966153126
212 0.9211861794676421
213 0.921322091431905
214 0.9218193898108678
215 0.9222430121212194
216 0.9223883553528094
217 0.923125605129555
218 0.923125605129555
219 0.9233449820202707
220 0.9237598338071822
221 0.9238149041934857
222 0.9241133021793559
223 0.9243011973398059
224 0.924431943676642
225 0.9245368285568335
226 0.9245896758622523
227 0.9250469876771864
228 0.9251889870099963
229 0.925368475951321
230 0.9257931450034422
231 0.9262621116000865
232 0.9265963771842863
233 0.9268179684161493
234 0.927071406544729
235 0.9274612708641572
236 0.9276320047471046
237 0.9279104867908587
238 0.9282928275964463
239 0.9284276455563096
240 0.9287403064305582
241 0.9288965334657147
242 0.9291702179475342
243 0.9291702179475342
244 0.9291715195747045
245 0.9291928283668777
246 0.9292474435709206
247 0.9294081186991967
248 0.9295492379538198
249 0.929826234149983
250 0.9300071621571394
251 0.9302414412279693
252 0.9307840754614967
253 0.9307940374706092
254 0.9310673604027103
255 0.9314074291235694
256 0.9319599656287493
257 0.9323423015263493
258 0.9327163002040779
259 0.9329393453210826
260 0.9329551546456857
261 0.9333801757695667
262 0.9334449101239342
263 0.9335794369258206
264 0.9338236369349495
265 0.9338236369349495
266 0.9341028361161622
267 0.9341203463071109
268 0.9342729096293216
269 0.9344271879411591
270 0.9347240298695463
271 0.9350131193591859
272 0.9351759047665877
273 0.9354430279630559
274 0.9358256228518899
275 0.935877811330649
276 0.9363336352980766
277 0.9366274372691572
278 0.9368339343026219
279 0.9371180688073265
280 0.9373277084014052
281 0.9375746654062882
282 0.937817622127084
283 0.9379033170272142
284 0.9380878290681611
285 0.9382439924722333
286 0.9383090055327511
287 0.9383978406016965
288 0.9384886983615657
289 0.9387786238450145
290 0.9387786238450145
291 0.9389808089079442
292 0.9390259734296323
293 0.9392309501832962
294 0.9394687864305531
295 0.9396110908518535
296 0.939840835848899
297 0.9401185590270721
298 0.9404628722473047
299 0.940541918013727
300 0.9407534124988622
301 0.940947064577155
302 0.941123461701751
303 0.9411585264425513
304 0.9413936601211297
305 0.9415518693918241
306 0.9419111690251321
307 0.9422695146630528
308 0.9422805902345253
309 0.942359748910811
310 0.942560249118638
311 0.9427665792956451
312 0.942857892192026
313 0.9430546678306063
314 0.9430868421210042
315 0.9433358393650532
316 0.9435238072033054
317 0.9435674647335991
318 0.9438115603465822
319 0.9439670748941387
320 0.9441646793820957
321 0.9444532146641366
322 0.9444532146641366
323 0.9446711846886193
324 0.9448258278529371
325 0.9448904867955066
326 0.9449805424878652
327 0.9451228034218649
328 0.9451847821902204
329 0.9454354619982638
330 0.9454358896362087
331 0.9456350228427903
332 0.9457167567546012
333 0.9457840087037019
334 0.9458603068334628
335 0.9460236993079069
336 0.9460453259208464
337 0.9461627377549697
338 0.9462563258647573
339 0.9464246837225169
340 0.9464863467676352
341 0.946637358634998
342 0.9466971390787225
343 0.9467769498033175
344 0.9469584347508382
345 0.9472405414733647
346 0.9472405414733647
347 0.9472770965935645
348 0.947285732596731
349 0.9473790455281812
350 0.9475458486580198
351 0.9475458486580198
352 0.9476388866147497
353 0.9476851105914419
354 0.947827382543275
355 0.9478351709168713
356 0.9480200464643467
357 0.94812813213020
358 0.948196370813878
359 0.948230450916012
360 0.9483466013788394
361 0.9483718317600812
362 0.9484358906049399
363 0.9485187187334773
364 0.9485875685277595
365 0.9486531685823141
366 0.9487727639354077
367 0.9488300331259543
368 0.9488967452985088
369 0.9489077557304079
370 0.9489710610437554
371 0.9490826895461867
372 0.9490826895461867
373 0.9491553300709562
374 0.9492477251992664
375 0.9493759449012327
376 0.9493759449012327
377 0.9494432197558353
378 0.9494893748994114
379 0.9494893748994114
380 0.9495541617070637
381 0.9495747321743783
382 0.9496022322234761
383 0.9496591757109984
384 0.9496920375958043
385 0.9497609974339035
386 0.9497610136102511
387 0.9498207896946004
388 0.9498207896946004
389 0.9498731723960975
390 0.9499482906698486
391 0.950009304967612
392 0.9500293235672664
393 0.9501099844321789
394 0.9501178052621705
395 0.9501340812620044
396 0.9502074238292256
397 0.9502593041039658
398 0.9502903729515676
399 0.9503778043665988
400 0.9503922237420269
401 0.9504652063986004
402 0.9504652063986004
403 0.9504652063986004
404 0.9505332671058347
405 0.9505332671058347
406 0.9505566563159801
407 0.9505809190778692
408 0.9506021490744266
409 0.9506427588127578
410 0.9506452775377393
411 0.9506748371442634
412 0.9507597490144674
413 0.9507762170923069
414 0.9507853993315438
415 0.950845129122992
416 0.9508641122513362
417 0.9508641122513362
418 0.9509357899875612
419 0.9509559093764065
420 0.9510143438099778
421 0.9510143438099778
422 0.9510294521453073
423 0.9510521212326895
424 0.9510719794889779
425 0.9510793586679304
426 0.9510935078165615
427 0.951127314883174
428 0.951127314883174
429 0.951187225251149
430 0.951187225251149
431 0.951187225251149
432 0.951206483177634
433 0.9512280315105787
434 0.9512388196075574
435 0.9512752184657588
436 0.9512752184657588
437 0.9512974375440475
438 0.9513143833141128
439 0.9513330519959043
440 0.9513624513256447
441 0.9513882309539959
442 0.9514318346727126
443 0.9514318346727126
444 0.951434053738397
445 0.9514620382198827
446 0.9514822102061676
447 0.9515206724789799
448 0.951577877208364
449 0.9515796878011167
450 0.9515796878011167
451 0.9516092369325139
452 0.9516092369325139
453 0.9516578800006429
454 0.9516578800006429
455 0.9516578800006429
456 0.951669224007063
457 0.9516748355709013
458 0.951700689069365
459 0.951700689069365
460 0.9517011019774464
461 0.9517328073257451
462 0.951739234478942
463 0.9517549966567554
464 0.9517729473541541
465 0.9517977346788168
466 0.9517984781505531
467 0.9518122235227708
468 0.951828207184186
469 0.9518380767094555
470 0.9518462721271455
471 0.95186068680530
472 0.9518733947925014
473 0.9518932023308411
474 0.9518932023308411
475 0.9519105237738259
476 0.9519209562320307
477 0.9519209562320307
478 0.951937031771651
479 0.9519374823557312
480 0.9519490243958795
481 0.9519581688606211
482 0.9519669317406421
483 0.9519689246681576
484 0.9519820709257925
485 0.9520118953954148
486 0.9520118953954148
487 0.9520118953954148
488 0.952024102795471
489 0.9520282361789365
490 0.9520382215814197
491 0.9520960467291547
492 0.9520960467291547
493 0.9520960467291547
494 0.9520960467291547
495 0.9521060401143933
496 0.9521172761090773
497 0.9521172761090773
498 0.9521230682956942
499 0.9521318340983499
500 0.9521658860050131
501 0.9521658860050131
502 0.9521658860050131
503 0.9521658860050131
504 0.9521730517813454
505 0.9521730517813454
