000 0.13358800858530714
001 0.16273405569882135
002 0.18700579577114057
003 0.24029063587736038
004 0.30380892742269056
005 0.348562634764078
006 0.4544722847094236
007 0.5475538758777275
008 0.5475538758777275
009 0.6498561193668045
010 0.7585617151421891
011 0.7585617151421891
012 0.7595095923987952
013 0.8100998331980431
014 0.8185250552344789
015 0.835447749572723
016 0.8459372028450712
017 0.8481896540703847
018 0.8481896540703847
019 0.8519503902112193
020 0.8529525516375895
021 0.8542917392921939
022 0.8542917392921939
023 0.8542917392921939
024 0.8556944544279526
025 0.8561230955467419
026 0.8561230955467419
027 0.8561230955467419
028 0.8561230955467419
029 0.8565470104223581
030 0.8565470104223581
031 0.8565470104223581
032 0.8565470104223581
033 0.8579525305237165
034 0.8579525305237165
035 0.8579525305237165
036 0.8579525305237165
037 0.8602898438514457
038 0.8621084782379871
039 0.8637665798312735
040 0.8670216804430839
041 0.867986506393572
042 0.8714558730719507
043 0.871856119393178
044 0.87338204548289
045 0.8749558718449152
046 0.8752837469713425
047 0.8758117170138021
048 0.8761701562465967
049 0.8767849204511495
050 0.8774785505356577
051 0.8775556215915775
052 0.878048914575487
053 0.878048914575487
054 0.8780583523057599
055 0.8783580390052484
056 0.8787087514244701
057 0.8787087514244701
058 0.8787087514244701
059 0.878956732803169
060 0.8810433301333308
061 0.8825683596066257
062 0.8838127015448756
063 0.8848066557844783
064 0.8851991764617073
065 0.8854428896865713
066 0.8856762769199403
067 0.88604630315447
068 0.8861423027431832
069 0.8861965838617326
070 0.8862032221551007
071 0.8862032221551007
072 0.8862032221551007
073 0.8862032221551007
074 0.8881362962781031
075 0.8893842470679912
076 0.8908949434820449
077 0.8915206649903257
078 0.8921896525127321
079 0.8923498553763808
080 0.8928914255464784
081 0.8930422072704916
082 0.8931820779417016
083 0.8933341939056982
084 0.8933822966123549
085 0.8933822966123549
086 0.8933822966123549
087 0.8933822966123549
088 0.8951083211725674
089 0.8958547341604538
090 0.8960055595949854
091 0.8972399964556447
092 0.8976348246730685
093 0.8979425068864677
094 0.898001402976372
095 0.8987941080622066
096 0.9003226843578982
097 0.9003846913961125
098 0.9010476168963099
099 0.9010476168963099
100 0.9011454829754955
101 0.9012385039611283
102 0.9014537636396293
103 0.9014537636396293
104 0.9014537636396293
105 0.9014537636396293
106 0.9020724482288568
107 0.902615508920768
108 0.9032411837992427
109 0.9038993746023879
110 0.9045409005181421
111 0.9046824958440407
112 0.9048616218720216
113 0.9052951465943437
114 0.9055239301671948
115 0.9057924900010912
116 0.9058297373671814
117 0.9058517816973464
118 0.9058547989438279
119 0.905868963642908
120 0.9066864122482686
121 0.9070651113898863
122 0.9072218879046797
123 0.9074946799121804
124 0.9076918037937418
125 0.9078740478730937
126 0.9079113279018743
127 0.9081692953011086
128 0.9083409700396397
129 0.9084126161052052
130 0.9087036222453675
131 0.9092020382812499
132 0.9094445461739499
133 0.9094445461739499
134 0.9098660953909582
135 0.9104809896759635
136 0.9110455048642117
137 0.9110862715542071
138 0.9115037732639983
139 0.9118036549655885
140 0.9118036549655885
141 0.9118514098722881
142 0.9119441183182315
143 0.9121885673998779
144 0.9122891219703767
145 0.912373548449731
146 0.9125825779658079
147 0.9129074189354396
148 0.9130576050876461
149 0.9135022620310473
150 0.9138648510291328
151 0.9142534004325261
152 0.914551146593236
153 0.9150214916226358
154 0.915210104281905
155 0.9152592428880211
156 0.9154785939963932
157 0.91559684815204
158 0.9156474078528553
159 0.9157085234067787
160 0.9158231345356175
161 0.915923883094945
162 0.9165030381805777
163 0.9170261251223413
164 0.9170998902447073
165 0.9173128423021476
166 0.9177344820743306
167 0.9180102305550438
168 0.918216378238702
169 0.9183562741852083
170 0.9185765519225187
171 0.9186350431419943
172 0.9186905023262232
173 0.919021417639249
174 0.9195078370431633
175 0.9200008357661426
176 0.9204500776913426
177 0.9208012380203128
178 0.9210119116017597
179 0.9210980485952273
180 0.9213784521675256
181 0.921453122635713
182 0.9215822648801393
183 0.921634256670393
184 0.9216756773273872
185 0.9217276286120659
186 0.9225167610726742
187 0.9227293594987845
188 0.9229840420688927
189 0.9235484499454374
190 0.9238544074090917
191 0.9244201184241244
192 0.9245434398329229
193 0.9249847143135901
194 0.9252347760763878
195 0.9256175919169508
196 0.9257237369810939
197 0.9257315287816105
198 0.92594275842580
199 0.9260099867242035
200 0.9260272940327037
201 0.9260272940327037
202 0.9260272940327037
203 0.9267943932939455
204 0.9270305632842917
205 0.9274369329568338
206 0.9279956555005654
207 0.9279956555005654
208 0.928761005779592
209 0.9289844694758109
210 0.9293832820232483
211 0.9294732543585981
212 0.929638296233762
213 0.9297126211917738
214 0.929732331999956
215 0.929732331999956
216 0.9297340373624957
217 0.9297340373624957
218 0.9298279331073406
219 0.929945275574543
220 0.930121937640362
221 0.9303226049461545
222 0.930589694457394
223 0.9306718678154849
224 0.9308970382262087
225 0.9310131665535593
226 0.9310840902374663
227 0.9312470881756265
228 0.9312995711679793
229 0.9314672404038392
230 0.9315595218170213
231 0.931654473324611
232 0.9317323377173139
233 0.9318897587923938
234 0.9319929412411498
235 0.9320387184354086
236 0.9322361542875818
237 0.9323145391487986
238 0.9324220285030389
239 0.9324826428830035
240 0.9325230639723289
241 0.932613053424042
242 0.9326784849899169
243 0.9327611650854374
244 0.9328206595085228
245 0.9330102416036408
246 0.9330102416036408
247 0.9330460587772667
248 0.9332173132115287
249 0.9332800499471735
250 0.9333136799839883
251 0.9334033235725054
252 0.933464065353041
253 0.9335329711727289
254 0.9336490104074272
255 0.9336490104074272
256 0.9338301128333454
257 0.9338301128333454
258 0.9339478217192422
259 0.9339528638102637
260 0.9340111207858033
261 0.9341042656326568
262 0.9341990771140318
263 0.9342763887810028
264 0.9343200213800489
265 0.93440906272078
266 0.9344183591878015
267 0.9344297417533997
268 0.9345296874308272
269 0.9345360627676047
270 0.9345866456409158
271 0.934689175545782
272 0.934689175545782
273 0.9347517296820044
274 0.9347712746246939
275 0.9348330744207699
276 0.9348762749699107
277 0.9348762749699107
278 0.9348762749699107
279 0.9349084595736253
280 0.9349084595736253
281 0.9349194931576698
282 0.9349366136260943
283 0.9349676617402995
284 0.9350169594969326
285 0.9350169594969326
286 0.9350171561752026
287 0.9350337211279185
288 0.9350620295645022
289 0.9350699179500075
290 0.9350750965650994
291 0.9350917620501756
292 0.9350991624345237
293 0.9351284319708664
294 0.9351284319708664
295 0.9351473847590727
296 0.9351643813814488
297 0.9351793138805533
298 0.9351898422280849
299 0.9352140730984472
300 0.9352140730984472
301 0.9352310289594601
302 0.9352436312788348
303 0.9352546283388175
304 0.935264211056954
305 0.9352704053588555
306 0.9353080922867877
307 0.9353080922867877
308 0.935316311687283
309 0.935316311687283
310 0.935316311687283
311 0.9353392662775755
312 0.9353392662775755
313 0.9353452048956681
314 0.9353675874343237
315 0.935395232425545
316 0.935395232425545
317 0.935395232425545
318 0.9354123014878983
319 0.9354123014878983
320 0.9354188846241767
321 0.9354203480959273
322 0.9354245978225374
323 0.9354370877464006
324 0.9354372205845962
325 0.9354550795560608
326 0.9354550795560608
327 0.9354666521859215
328 0.9354666521859215
329 0.9354666521859215
330 0.93548076074258
331 0.9354827562612548
332 0.9354864819180096
333 0.9354864819180096
334 0.9354994746802071
335 0.9354994746802071
336 0.9355093706593676
337 0.9355101774495164
338 0.9355195052682466
339 0.9355195052682466
340 0.9355195052682466
341 0.9355237141366065
342 0.9355316890776539
343 0.9355377433921999
344 0.9355377433921999
345 0.9355394518360372
346 0.9355432932468053
347 0.935545011940385
348 0.9355527662778339
349 0.9355607755630492
350 0.9355640973478363
351 0.9355640973478363
352 0.9355640973478363
353 0.9355804530260465
354 0.9355804530260465
355 0.9355804530260465
356 0.9355804530260465
357 0.9355814530093297
358 0.9355850049491293
359 0.9355850049491293
360 0.9355933241194059
361 0.9355933241194059
362 0.9355933241194059
363 0.9355933241194059
364 0.9355948279072891
365 0.9355979912350435
366 0.9356082325456968
367 0.9356084308168219
368 0.9356084308168219
369 0.9356084308168219
370 0.9356137178100168
371 0.9356137178100168
372 0.9356141474888614
373 0.9356149510941965
374 0.9356200351309851
375 0.9356251664686639
376 0.9356260068575596
377 0.9356272085526729
378 0.9356344623349983
379 0.9356344623349983
380 0.9356419426453793
381 0.9356461000544455
382 0.9356461000544455
383 0.93564705895303
384 0.9356521563623084
385 0.9356521563623084
386 0.9356521563623084
387 0.9356543260403364
388 0.9356543260403364
389 0.9356563431122605
390 0.9356683163021139
391 0.9356683163021139
392 0.9356683163021139
393 0.9356683163021139
394 0.9356683163021139
395 0.9356683163021139
396 0.9356701542822649
397 0.9356759695654722
398 0.9356759695654722
399 0.9356801527443357
400 0.9356801527443357
401 0.9356801527443357
402 0.9356829472284262
403 0.9356837301285986
404 0.9356909136686516
405 0.9356909136686516
406 0.9356924748762533
407 0.9356980417511142
408 0.9356980417511142
409 0.9356980417511142
410 0.9356980417511142
411 0.9357011777714438
412 0.9357035275681449
413 0.9357035275681449
414 0.9357041353786477
415 0.9357068935823493
416 0.9357068935823493
417 0.9357068935823493
418 0.9357074988743036
419 0.9357074988743036
420 0.9357111054490068
421 0.9357135367153528
422 0.9357151636558884
423 0.9357158230400036
424 0.9357174582049594
425 0.9357216510741513
426 0.9357216510741513
427 0.9357216510741513
428 0.9357216510741513
429 0.9357252216994866
430 0.9357252216994866
431 0.9357252216994866
432 0.9357252216994866
433 0.9357259435779873
434 0.9357263155406182
435 0.9357263155406182
436 0.9357330281765632
437 0.9357330281765632
438 0.9357330281765632
439 0.9357338247449586
440 0.9357338247449586
441 0.9357442122205519
442 0.9357442122205519
443 0.9357442122205519
444 0.9357442122205519
445 0.9357442122205519
446 0.9357442122205519
447 0.9357442122205519
448 0.9357442122205519
449 0.9357465084798784
450 0.9357473843344486
451 0.9357473843344486
452 0.9357473843344486
453 0.9357492917380211
454 0.9357527020585872
455 0.9357527020585872
456 0.9357527020585872
457 0.9357535598651314
458 0.9357535598651314
459 0.9357535598651314
460 0.9357535598651314
461 0.9357543741903065
462 0.9357565799918367
463 0.9357604573161455
464 0.9357604573161455
465 0.9357604573161455
466 0.9357604573161455
467 0.9357604573161455
468 0.9357604573161455
469 0.9357604573161455
470 0.9357618038259041
471 0.9357626678077138
472 0.9357666325352697
473 0.9357666325352697
474 0.9357666325352697
475 0.9357670532442125
476 0.9357676484280082
477 0.9357704013903413
478 0.9357704013903413
479 0.9357704013903413
480 0.9357738068292107
481 0.9357738068292107
482 0.9357738068292107
483 0.9357738068292107
484 0.9357742594649837
485 0.9357768620373191
486 0.9357768620373191
487 0.9357768620373191
488 0.9357774815468376
489 0.9357774815468376
490 0.9357791342267493
491 0.9357791342267493
492 0.9357809284429914
493 0.9357809284429914
494 0.9357822502489366
495 0.9357822502489366
496 0.9357826488381067
497 0.935786636838338
498 0.935786636838338
499 0.935786636838338
500 0.935786636838338
501 0.9357868587704433
502 0.9357873758361022
503 0.9357873758361022
504 0.9357873758361022
505 0.9357873758361022
506 0.9357873758361022
507 0.9357901458362192
508 0.9357907886554437
509 0.9357907886554437
510 0.9357909750776395
511 0.935792845341153
512 0.935792845341153
513 0.9357946737126719
514 0.9357946737126719
515 0.9357946737126719
516 0.9357950608474067
517 0.9357981373770718
518 0.9357981373770718
519 0.9357981373770718
520 0.9357981373770718
521 0.9357992061504948
522 0.9358035696833802
523 0.9358036518364857
524 0.9358081879192633
525 0.9358081879192633
526 0.9358081879192633
527 0.9358081879192633
528 0.9358081879192633
529 0.9358081879192633
530 0.9358081879192633
531 0.9358081879192633
532 0.9358081879192633
533 0.9358091069922657
534 0.9358091069922657
535 0.9358091069922657
536 0.9358091069922657
537 0.9358094191421812
538 0.9358094191421812
539 0.9358094191421812
540 0.9358105346554586
541 0.9358135739127422
542 0.9358135739127422
543 0.9358152986794639
544 0.9358152986794639
545 0.9358152986794639
546 0.9358152986794639
547 0.9358152986794639
548 0.9358152986794639
549 0.9358152986794639
550 0.9358152986794639
551 0.9358152986794639
552 0.9358152986794639
553 0.9358175556823002
554 0.9358175556823002
555 0.9358175556823002
556 0.9358175556823002
557 0.9358175556823002
558 0.9358175556823002
559 0.9358175556823002
560 0.9358183963309598
561 0.9358183963309598
562 0.9358183963309598
563 0.9358183963309598
564 0.9358188781129654
565 0.9358188781129654
566 0.9358206402924061
567 0.9358206402924061
568 0.9358206402924061
569 0.9358210358003854
570 0.9358210358003854
571 0.9358210358003854
572 0.9358226819011691
573 0.9358226819011691
574 0.9358226819011691
575 0.9358226819011691
576 0.9358229325648437
577 0.9358229325648437
578 0.9358229325648437
579 0.9358234125922931
580 0.9358235900052885
581 0.9358235900052885
582 0.9358244301125607
583 0.9358244301125607
584 0.9358255410535494
585 0.9358255410535494
586 0.9358260311640935
587 0.9358260311640935
588 0.9358260311640935
589 0.9358260311640935
590 0.9358265966188457
591 0.9358265966188457
592 0.9358265966188457
593 0.9358265966188457
594 0.9358266561640217
595 0.9358266561640217
596 0.9358266561640217
597 0.9358266561640217
598 0.935829158718422
599 0.935829158718422
600 0.935829158718422
601 0.935829158718422
602 0.9358293226376901
603 0.9358293226376901
604 0.9358310099051005
605 0.9358310099051005
606 0.9358310099051005
607 0.9358310099051005
608 0.9358322052518108
609 0.9358330660957372
610 0.9358330660957372
611 0.9358330660957372
612 0.9358330660957372
613 0.9358330660957372
614 0.9358337472103874
615 0.9358349449400911
616 0.9358349449400911
617 0.9358349449400911
618 0.9358349449400911
619 0.9358349449400911
620 0.935836562216441
621 0.935836562216441
622 0.935836562216441
623 0.935836562216441
624 0.935836562216441
625 0.935836562216441
626 0.935836562216441
627 0.9358367391405755
628 0.9358367391405755
629 0.9358367844549976
630 0.9358367844549976
631 0.935837674998394
632 0.9358377312842154
633 0.9358377312842154
634 0.9358377312842154
635 0.9358377312842154
636 0.9358377312842154
637 0.9358377312842154
638 0.9358380234792332
639 0.9358381136031584
640 0.93583819542405
641 0.935838728969573
642 0.9358388249112238
643 0.9358388249112238
644 0.9358388249112238
645 0.9358388249112238
646 0.9358388428545114
647 0.9358388933712257
648 0.935839671428333
649 0.935839671428333
650 0.9358406947670921
651 0.9358406947670921
652 0.9358406947670921
653 0.9358406947670921
654 0.9358408768581568
655 0.9358408768581568
656 0.9358408768581568
657 0.9358409819064425
658 0.9358415694426367
659 0.9358425627667611
660 0.9358425627667611
661 0.9358425627667611
662 0.9358425627667611
663 0.9358425627667611
664 0.9358425627667611
665 0.9358431311759775
666 0.935843406699298
667 0.935843406699298
668 0.9358437716903066
669 0.9358437716903066
670 0.9358437716903066
671 0.9358444573323347
672 0.9358444573323347
673 0.9358444573323347
674 0.9358444573323347
675 0.9358444573323347
676 0.9358444573323347
677 0.9358444573323347
678 0.9358454808384472
679 0.9358454808384472
680 0.9358454808384472
681 0.9358454808384472
682 0.9358455041608101
683 0.9358455041608101
684 0.9358459102916056
685 0.9358459102916056
686 0.9358459102916056
687 0.9358471861554355
688 0.9358471861554355
689 0.9358471861554355
690 0.9358471861554355
691 0.9358471861554355
692 0.9358471861554355
693 0.9358471861554355
694 0.9358490773600908
695 0.9358490773600908
696 0.9358490773600908
697 0.9358490773600908
698 0.9358490773600908
699 0.9358490773600908
700 0.9358490773600908
701 0.9358490773600908
702 0.9358490773600908
703 0.9358490773600908
704 0.9358490773600908
705 0.9358490773600908
706 0.9358490773600908
707 0.9358490773600908
708 0.9358490773600908
709 0.9358490773600908
710 0.9358490773600908
711 0.9358502317225685
712 0.9358502317225685
713 0.9358502317225685
714 0.9358502317225685
715 0.9358502317225685
716 0.9358510497132095
717 0.9358510497132095
718 0.935851710553685
719 0.935851710553685
720 0.935851710553685
721 0.935851710553685
722 0.935851710553685
723 0.935851710553685
724 0.9358518651815133
725 0.9358518651815133
726 0.9358518651815133
727 0.9358518651815133
728 0.9358518651815133
729 0.9358518651815133
730 0.9358521488947982
731 0.9358521488947982
732 0.9358521488947982
733 0.9358523811898604
734 0.9358534828795112
735 0.9358534828795112
736 0.9358534828795112
737 0.9358534828795112
738 0.9358534828795112
739 0.9358534828795112
740 0.9358534828795112
741 0.9358534828795112
742 0.9358534828795112
743 0.9358534828795112
744 0.9358534828795112
745 0.9358534828795112
746 0.9358534828795112
747 0.9358535940903031
748 0.9358541812488251
749 0.9358541812488251
750 0.9358541812488251
751 0.9358541812488251
752 0.9358541812488251
753 0.9358541812488251
754 0.9358541812488251
755 0.9358541812488251
756 0.9358544906650296
757 0.9358544906650296
758 0.9358544906650296
759 0.9358544906650296
760 0.9358544906650296
761 0.9358544906650296
762 0.9358545805980113
763 0.9358545805980113
764 0.9358545805980113
765 0.9358545805980113
766 0.9358545805980113
767 0.9358545805980113
768 0.9358545805980113
769 0.9358545805980113
770 0.9358545805980113
771 0.9358545805980113
772 0.9358545805980113
773 0.9358547866785076
774 0.9358551250289399
775 0.9358551250289399
776 0.9358551250289399
777 0.9358551250289399
778 0.9358551250289399
779 0.9358551250289399
780 0.9358551934975688
781 0.9358551934975688
782 0.9358551934975688
783 0.9358551934975688
784 0.9358556609246468
785 0.9358556609246468
786 0.9358556609246468
787 0.9358556609246468
788 0.9358556609246468
789 0.9358562541492775
790 0.9358562541492775
791 0.9358562541492775
792 0.9358562541492775
793 0.9358562541492775
794 0.9358562541492775
795 0.9358562541492775
796 0.9358562541492775
797 0.9358562541492775
798 0.9358562541492775
799 0.9358562541492775
800 0.9358562541492775
801 0.9358562541492775
802 0.9358562541492775
803 0.9358563538114344
804 0.9358567032122148
805 0.9358567032122148
806 0.935856975118441
807 0.935856975118441
808 0.935856975118441
809 0.935856975118441
810 0.935856975118441
811 0.935856975118441
812 0.935856975118441
813 0.935856975118441
814 0.9358574770384063
815 0.9358574770384063
816 0.9358574770384063
817 0.9358574770384063
818 0.9358574770384063
819 0.935857817440395
820 0.935857817440395
821 0.935857817440395
822 0.935857817440395
823 0.935857817440395
824 0.935857817440395
825 0.935857985486154
826 0.935857985486154
827 0.9358579930125668
828 0.9358579930125668
829 0.9358579930125668
830 0.9358579930125668
831 0.9358579930125668
832 0.9358579930125668
833 0.9358580527540884
834 0.9358581376499663
835 0.9358581527443809
836 0.9358584212294518
837 0.9358584212294518
838 0.9358586421610942
839 0.9358586421610942
840 0.9358586421610942
841 0.9358586421610942
842 0.9358586421610942
843 0.9358586421610942
844 0.9358586421610942
845 0.9358587665149509
846 0.9358587665149509
847 0.9358592828282734
848 0.9358592828282734
849 0.9358592828282734
850 0.9358592828282734
851 0.9358592828282734
852 0.9358592828282734
853 0.9358592828282734
854 0.9358592828282734
855 0.9358592828282734
856 0.9358592828282734
857 0.9358592828282734
858 0.9358592828282734
859 0.935859608893355
860 0.935859608893355
861 0.935859608893355
862 0.9358597558253664
863 0.9358597558253664
864 0.9358597558253664
865 0.9358597558253664
866 0.9358597558253664
867 0.9358597558253664
868 0.9358597558253664
869 0.9358597558253664
870 0.9358597558253664
871 0.9358598219957621
872 0.9358601339710719
873 0.9358601339710719
874 0.9358601339710719
875 0.9358601339710719
876 0.9358601339710719
877 0.9358601339710719
878 0.9358601339710719
879 0.9358601654803674
880 0.9358601654803674
881 0.9358603997337145
882 0.9358603997337145
883 0.9358603997337145
884 0.9358603997337145
885 0.9358608432097609
886 0.9358608432097609
887 0.9358608432097609
888 0.9358608432097609
889 0.9358608432097609
890 0.9358608432097609
891 0.9358608432097609
892 0.9358608432097609
893 0.9358611274834541
894 0.9358613265932829
895 0.9358622786539765
896 0.9358622786539765
897 0.9358622786539765
898 0.9358622786539765
899 0.9358622786539765
900 0.9358622786539765
901 0.9358622786539765
902 0.9358622786539765
903 0.9358622786539765
904 0.9358622786539765
905 0.9358622786539765
906 0.9358622786539765
907 0.9358622786539765
908 0.9358622786539765
909 0.9358622786539765
910 0.9358622786539765
911 0.9358622786539765
912 0.9358622786539765
913 0.9358622786539765
914 0.9358626724987587
915 0.9358626724987587
916 0.9358631195846312
917 0.9358631195846312
918 0.9358631195846312
919 0.9358631195846312
920 0.9358631195846312
921 0.9358631195846312
922 0.9358631195846312
923 0.9358631195846312
924 0.9358631195846312
925 0.9358631195846312
926 0.9358631195846312
927 0.9358631195846312
928 0.9358631195846312
929 0.9358631195846312
930 0.9358631195846312
931 0.9358631195846312
932 0.9358631195846312
933 0.9358631195846312
934 0.9358631195846312
935 0.9358631195846312
936 0.9358631195846312
