000 0.15461090058651256
001 0.17362774806385195
002 0.3555417892614243
003 0.4118918188116665
004 0.5406418788510232
005 0.5406418788510232
006 0.5797238801605578
007 0.6345663937890619
008 0.689471500674926
009 0.7460560151027169
010 0.793926172495515
011 0.793926172495515
012 0.793926172495515
013 0.8057936268119401
014 0.8057936268119401
015 0.8104978288535616
016 0.8129142383720445
017 0.8153770361347146
018 0.8155656358427609
019 0.8160546748780347
020 0.8160546748780347
021 0.8160546748780347
022 0.8160546748780347
023 0.8169061161545816
024 0.8169061161545816
025 0.8184527846972869
026 0.8192428527509171
027 0.8199753702386513
028 0.8199753702386513
029 0.8199753702386513
030 0.8206733232152154
031 0.8206733232152154
032 0.8206733232152154
033 0.8212370760984254
034 0.8217611352860248
035 0.8217611352860248
036 0.8217611352860248
037 0.8233199223350514
038 0.8238595194158244
039 0.8246122049989495
040 0.8259435247686581
041 0.8265429015155351
042 0.8269377432076406
043 0.8270196016715448
044 0.8272800953390262
045 0.8275279201114915
046 0.8283204329177206
047 0.8285938243178389
048 0.8286622837434933
049 0.8286622837434933
050 0.8286622837434933
051 0.8289079438495299
052 0.8289079438495299
053 0.8291098250439932
054 0.8293360383661176
055 0.8294123636722539
056 0.8298229538928128
057 0.830446751156166
058 0.8308041680577467
059 0.8312127229910529
060 0.8317804982818356
061 0.8322979962370193
062 0.832484582154197
063 0.8325681438998942
064 0.8326080118350019
065 0.8326460815970708
066 0.8326606465409379
067 0.8330009965053905
068 0.8330392964144399
069 0.8330687122987083
070 0.8332456444188481
071 0.8334481522549061
072 0.8336210425798745
073 0.8340736863221275
074 0.8340736863221275
075 0.8343453683204962
076 0.8346284753598474
077 0.8349790930751763
078 0.8351765453905204
079 0.8354875160773881
080 0.8355411666022983
081 0.8358554485665862
082 0.8359948969852772
083 0.8360685128454625
084 0.8361769491729392
085 0.8365129322265603
086 0.8368839615949606
087 0.8370089665709899
088 0.8373691269580431
089 0.8376560762210176
090 0.8378496231710915
091 0.8381792480040459
092 0.8383398818645911
093 0.8386357146817137
094 0.8388410732768498
095 0.8388410732768498
096 0.83888238989630
097 0.83889393736463
098 0.8391984512695836
099 0.8399827764649415
100 0.8403214916985189
101 0.8418144409716608
102 0.8419399119132783
103 0.8427436907665071
104 0.8433498374808629
105 0.8435206973327606
106 0.8436481938295013
107 0.844136469845697
108 0.8442320249170324
109 0.8444860008493834
110 0.8450861301107412
111 0.8455537190058676
112 0.8461949879752804
113 0.8467837678833158
114 0.8475261129704652
115 0.8476463043192392
116 0.8476663899583725
117 0.8477768967934437
118 0.8478320340401757
119 0.8478320340401757
120 0.8478320340401757
121 0.8480973250750428
122 0.8480973250750428
123 0.8496095236331505
124 0.8500442325175159
125 0.851076259450696
126 0.8521655447373109
127 0.8525851443705712
128 0.853143797286772
129 0.8533275794649751
130 0.8533275794649751
131 0.8533637982712822
132 0.8533637982712822
133 0.8533637982712822
134 0.8533637982712822
135 0.8533637982712822
136 0.8545516555788754
137 0.8555894320701135
138 0.8558362768473918
139 0.8563857215426102
140 0.8565933421722759
141 0.8568310120271372
142 0.85723923325579
143 0.8572925533255777
144 0.8572989045954801
145 0.8573042383445336
146 0.8573042383445336
147 0.8573042383445336
148 0.8573042383445336
149 0.8580174494043534
150 0.8585265213696145
151 0.8588677436193963
152 0.8590712806329738
153 0.8592067471754335
154 0.8592367499674444
155 0.8593140049974556
156 0.8593212762937699
157 0.8593341408701595
158 0.8593386325364537
159 0.8593473272619366
160 0.859451293100587
161 0.8594946362784707
162 0.8596524357968419
163 0.8596524357968419
164 0.8597236957350908
165 0.8597236957350908
166 0.8597440325371422
167 0.8597440325371422
168 0.859791118783332
169 0.8597945109732554
170 0.8598234483934547
171 0.8598234483934547
172 0.8598234483934547
173 0.8598269029155293
174 0.8598350259397085
175 0.859836048614707
176 0.859836048614707
177 0.8598446383525218
178 0.8598472338243067
179 0.8598487270789864
180 0.8598500887924735
181 0.8598500887924735
182 0.859854766397237
183 0.8598567033535951
184 0.8598567033535951
185 0.8598567033535951
186 0.8598642452564339
187 0.8598642452564339
188 0.8598642452564339
189 0.8598656249260125
190 0.8598656249260125
191 0.8598656249260125
192 0.8598656249260125
193 0.8598669043526649
194 0.8598673579508909
195 0.8598673579508909
196 0.8598673579508909
197 0.8598673579508909
198 0.8598673579508909
199 0.8598686355757433
200 0.8598686355757433
201 0.8598686355757433
202 0.8598693937204255
203 0.8598693937204255
204 0.8598709628063284
205 0.8598709628063284
206 0.8598709628063284
207 0.8598709628063284
208 0.8598709628063284
209 0.8598709628063284
210 0.8598720451948019
211 0.8598720451948019
212 0.8598720451948019
213 0.8598720451948019
214 0.8598720451948019
215 0.8598720451948019
216 0.8598720451948019
217 0.8598720451948019
218 0.8598724911089308
219 0.8598724911089308
220 0.8598724911089308
221 0.8598728490861726
222 0.8598728490861726
223 0.8598728490861726
224 0.8598728490861726
225 0.8598728490861726
226 0.8598728490861726
227 0.8598728490861726
228 0.8598728490861726
229 0.8598728490861726
230 0.8598728490861726
231 0.8598728490861726
232 0.8598728490861726
233 0.8598728490861726
234 0.8598728490861726
235 0.8598730417457506
236 0.8598730417457506
237 0.8598730417457506
238 0.8598730417457506
239 0.8598731985556013
240 0.8598731985556013
241 0.8598736002836922
242 0.8598736002836922
243 0.859873727971091
244 0.859873727971091
245 0.8598737302756073
246 0.8598737302756073
247 0.8598737302756073
248 0.8598737302756073
249 0.8598737302756073
250 0.8598737302756073
251 0.8598740126830556
252 0.8598740126830556
253 0.8598740751039211
254 0.8598742020297585
255 0.8598742020297585
256 0.8598742020297585
257 0.8598742020297585
258 0.8598742020297585
259 0.8598742020297585
260 0.8598742020297585
261 0.8598742020297585
262 0.8598742020297585
263 0.8598742775221315
264 0.8598742775221315
265 0.8598742775221315
266 0.8598742956450727
267 0.8598742956450727
268 0.8598744773628909
269 0.8598744773628909
270 0.8598748081981531
271 0.8598748081981531
272 0.8598748081981531
273 0.8598748081981531
274 0.8598748081981531
275 0.8598748081981531
276 0.8598748081981531
277 0.8598748081981531
278 0.8598748081981531
279 0.8598748081981531
280 0.8598748081981531
281 0.8598748081981531
282 0.8598748081981531
283 0.8598748081981531
284 0.8598748939440922
285 0.8598749214477763
286 0.8598749214477763
287 0.8598749214477763
288 0.8598749214477763
289 0.8598749214477763
290 0.8598749214477763
291 0.8598749291570529
292 0.8598751211057509
293 0.8598751211057509
294 0.8598751211057509
295 0.8598751211057509
296 0.8598751211057509
297 0.8598753116241332
298 0.8598753116241332
299 0.8598753116241332
300 0.8598753116241332
301 0.8598753116241332
302 0.8598754311658969
303 0.8598754311658969
304 0.8598754311658969
305 0.8598755468900772
306 0.8598755468900772
307 0.8598755468900772
308 0.8598755468900772
309 0.8598755752521451
310 0.8598755752521451
311 0.8598755752521451
312 0.8598755752521451
313 0.859875901642273
314 0.859875901642273
315 0.859875901642273
316 0.859875901642273
317 0.8598759324795827
318 0.8598759324795827
319 0.8598759324795827
320 0.8598759324795827
321 0.8598759324795827
322 0.8598759324795827
323 0.8598759324795827
324 0.8598759324795827
325 0.8598759324795827
326 0.8598759324795827
327 0.8598759324795827
328 0.8598759324795827
329 0.8598759324795827
330 0.8598759324795827
331 0.8598759324795827
332 0.8598759324795827
333 0.8598759324795827
334 0.8598759324795827
335 0.8598759324795827
336 0.8598759324795827
337 0.8598759324795827
