000 0.1642859581514883
001 0.26244816471757215
002 0.40421649201405685
003 0.44140290638871815
004 0.5634252552192249
005 0.582261396293699
006 0.6616957378878108
007 0.7230945286398202
008 0.7738811651317157
009 0.7972852746670749
010 0.8131924601703071
011 0.8205386099240488
012 0.8346560610158101
013 0.835648464504647
014 0.8437812357505845
015 0.8437812357505845
016 0.8481280881927296
017 0.8481280881927296
018 0.8483709033405613
019 0.8496989050572937
020 0.8497084447716263
021 0.8503460581629194
022 0.8503460581629194
023 0.8503460581629194
024 0.8506022199436855
025 0.8506022199436855
026 0.8509490249902618
027 0.8509490249902618
028 0.8512403652450167
029 0.8524371025883885
030 0.8530086536219085
031 0.8535244316419325
032 0.8546837825948606
033 0.8548460012775057
034 0.8550578979984866
035 0.8551050965200662
036 0.8551147799516481
037 0.855156066316461
038 0.8552146351401109
039 0.855248142907535
040 0.8552550405468765
041 0.8552550405468765
042 0.8560911034270704
043 0.8564888063491912
044 0.8566923597168996
045 0.8566923597168996
046 0.8569246321643342
047 0.8571385384410365
048 0.8572909096846136
049 0.8574554089195264
050 0.857611404059849
051 0.8579149724193157
052 0.8579416054072787
053 0.8580582974364064
054 0.8581471776273211
055 0.8582808625862075
056 0.8583305696781964
057 0.8584420011053335
058 0.8584640072820279
059 0.8586554308601964
060 0.858716384787044
061 0.8587919934194366
062 0.858882142040068
063 0.8589968677125338
064 0.8589968677125338
065 0.8590493010423006
066 0.8592556102639727
067 0.8592556102639727
068 0.8593000158104993
069 0.8593803729446332
070 0.859491127386113
071 0.8595234116528435
072 0.8595234116528435
073 0.8595551252957196
074 0.8596227492328571
075 0.8597082991718101
076 0.8597082991718101
077 0.8598209258471143
078 0.8598487624918922
079 0.8598847814927019
080 0.8599105483933266
081 0.8599485668266057
082 0.8599633423062825
083 0.8600398954667742
084 0.8600398954667742
085 0.8600923429775892
086 0.8601016116199564
087 0.8601580951304539
088 0.8602017560536026
089 0.8602017560536026
090 0.8602078138981025
091 0.8602633619218197
092 0.8602716703371015
093 0.8603822705147604
094 0.8603822705147604
095 0.8603822705147604
096 0.8603822705147604
097 0.8603856537559288
098 0.860421944397418
099 0.860447609713519
100 0.860447609713519
101 0.8604677201295267
102 0.8604817645152265
103 0.860510553102956
104 0.8605107781880845
105 0.8605850951954881
106 0.8605850951954881
107 0.8605850951954881
108 0.8605850951954881
109 0.8605884428126167
110 0.860592422515402
111 0.8605932504444556
112 0.8606283126608348
113 0.860653251311878
114 0.8606596711549659
115 0.8606714524035094
116 0.8606899190136699
117 0.8607127043275621
118 0.8607127043275621
119 0.8607186146876529
120 0.860741714258334
121 0.860741714258334
122 0.8607566354598278
123 0.8607566354598278
124 0.8607671008678148
125 0.8607704700444098
126 0.8607956221711714
127 0.8608061542344331
128 0.8608120316176369
129 0.8608263064368838
130 0.8608263064368838
131 0.8608348293010112
132 0.8608506276488668
133 0.8608553480136214
134 0.8608553480136214
135 0.8608574263465748
136 0.860864971859994
137 0.8608981480274696
138 0.8609052634566822
139 0.8609181717603965
140 0.8609181717603965
141 0.8609181717603965
142 0.8609181717603965
143 0.8609188692078065
144 0.8609374846071932
145 0.8609374846071932
146 0.8609374846071932
147 0.8609493250945249
148 0.8609493308701612
149 0.8609531708306163
150 0.8609560781414075
151 0.8609655859955013
152 0.8609660689101516
153 0.8609801941681285
154 0.8609807262560035
155 0.8609807262560035
156 0.8609812135698571
157 0.8609874927109394
158 0.860991959481832
159 0.860991959481832
160 0.8609934678612863
161 0.8610007870714126
162 0.8610024776103208
163 0.861005626318854
164 0.8610084261747147
165 0.8610084261747147
166 0.8610240177623454
167 0.8610240177623454
168 0.8610240177623454
169 0.8610309929015313
170 0.8610347717856824
171 0.8610347717856824
172 0.8610347717856824
173 0.8610379260083368
174 0.8610379260083368
175 0.8610606719168677
176 0.8610606719168677
177 0.8610606719168677
178 0.8610606719168677
179 0.8610606719168677
180 0.8610606719168677
181 0.8610606719168677
182 0.8610606719168677
183 0.8610640246523493
184 0.8610640246523493
185 0.861064143858717
186 0.8610645015595552
187 0.861065961189773
188 0.8610675684164895
189 0.8610719222994796
190 0.861072121590176
191 0.8610792874070755
192 0.8610792874070755
193 0.8610792874070755
194 0.8610814086637728
195 0.8610866880263055
196 0.8610866880263055
197 0.861092228171836
198 0.861092228171836
199 0.861092228171836
200 0.8610952368863736
201 0.8610999997541892
202 0.8610999997541892
203 0.8610999997541892
204 0.8610999997541892
205 0.8611019120375335
206 0.8611019120375335
207 0.8611041392152592
208 0.8611061245188684
209 0.8611110186939375
210 0.8611132183913155
211 0.8611132183913155
212 0.8611164385526259
213 0.8611164385526259
214 0.8611164385526259
215 0.8611164385526259
216 0.86112122558166
217 0.86112122558166
218 0.86112122558166
219 0.8611247258778029
220 0.8611247258778029
221 0.8611247258778029
222 0.8611286934476642
223 0.8611286934476642
224 0.8611286934476642
225 0.8611286934476642
226 0.8611319596397049
227 0.8611319596397049
228 0.8611330805535955
229 0.8611351699247988
230 0.8611351699247988
231 0.8611365140705112
232 0.8611365140705112
233 0.8611365140705112
234 0.8611365140705112
235 0.8611385868345617
236 0.8611385868345617
237 0.8611389813883521
238 0.861140283470323
239 0.861140283470323
240 0.861140283470323
241 0.861140283470323
242 0.8611409519777965
243 0.8611419998081535
244 0.8611442054093653
245 0.8611442054093653
246 0.8611455445322537
247 0.8611455445322537
248 0.8611488543022284
249 0.8611488543022284
250 0.8611488543022284
251 0.8611488625441504
252 0.8611488625441504
253 0.8611488625441504
254 0.8611488625441504
255 0.8611504433934984
256 0.8611504433934984
257 0.8611512075489023
258 0.8611521051950327
259 0.861156918424023
260 0.861156918424023
261 0.861156918424023
262 0.861156918424023
263 0.861156918424023
264 0.861156918424023
265 0.8611593618709716
266 0.8611593618709716
267 0.8611593618709716
268 0.8611593618709716
269 0.8611593618709716
270 0.8611593618709716
271 0.8611612036788767
272 0.8611612036788767
273 0.8611612036788767
274 0.861162441277538
275 0.861162441277538
276 0.861162441277538
277 0.861162441277538
278 0.861162441277538
279 0.8611665523418892
280 0.8611665523418892
281 0.8611665523418892
282 0.8611665523418892
283 0.8611665523418892
284 0.8611665523418892
285 0.8611665523418892
286 0.8611665523418892
287 0.8611665523418892
288 0.8611665523418892
289 0.8611665523418892
290 0.8611665523418892
291 0.8611665523418892
292 0.8611665523418892
293 0.8611665523418892
294 0.8611674810451065
295 0.861168356130592
296 0.861168356130592
297 0.861168356130592
298 0.8611684285486281
299 0.8611684285486281
300 0.86116986466464
301 0.86116986466464
302 0.86116986466464
303 0.86116986466464
304 0.86116986466464
305 0.8611707003188701
306 0.8611707003188701
307 0.8611707003188701
308 0.8611707003188701
309 0.8611707003188701
310 0.86117121923475
311 0.86117121923475
312 0.86117121923475
313 0.86117121923475
314 0.861172133542506
315 0.861172133542506
316 0.861172133542506
317 0.861172133542506
318 0.8611739422614184
319 0.8611739422614184
320 0.8611739422614184
321 0.8611739422614184
322 0.861174031638549
323 0.8611749730717638
324 0.8611749730717638
325 0.8611749730717638
326 0.8611749730717638
327 0.8611757896621803
328 0.8611758675672272
329 0.8611758675672272
330 0.8611758675672272
331 0.8611758675672272
332 0.8611758675672272
333 0.8611760384936274
334 0.8611762270268175
335 0.8611765911539316
336 0.8611765911539316
337 0.8611770526860106
338 0.8611785939917507
339 0.8611785939917507
340 0.8611785939917507
341 0.8611785939917507
342 0.8611785939917507
343 0.8611785939917507
344 0.8611785939917507
345 0.8611785939917507
346 0.8611785939917507
347 0.8611793738056188
348 0.8611793738056188
349 0.8611793738056188
350 0.8611797394067628
351 0.8611800549444242
352 0.8611800549444242
353 0.8611808080499761
354 0.8611808080499761
355 0.8611808080499761
356 0.8611808080499761
357 0.8611808080499761
358 0.8611808080499761
359 0.8611808080499761
360 0.8611808080499761
361 0.8611808080499761
362 0.8611822144753396
363 0.8611822144753396
364 0.8611822144753396
365 0.8611822144753396
366 0.8611822144753396
367 0.8611822144753396
368 0.8611822144753396
369 0.8611822144753396
370 0.8611822144753396
371 0.8611822144753396
372 0.8611822144753396
373 0.8611822144753396
374 0.8611822144753396
375 0.8611822144753396
376 0.8611822144753396
377 0.8611823445953972
378 0.8611828715656079
379 0.8611828715656079
380 0.8611828715656079
381 0.8611828715656079
382 0.8611830580940365
383 0.8611830684615016
384 0.8611837029800157
385 0.8611837029800157
386 0.8611837029800157
387 0.8611837029800157
388 0.8611842323285116
389 0.8611842323285116
390 0.8611842323285116
391 0.8611845772101503
392 0.8611845772101503
393 0.8611845772101503
394 0.8611845772101503
395 0.8611853047063766
396 0.8611853047063766
397 0.8611853047063766
398 0.8611853047063766
399 0.8611855892855448
400 0.8611855892855448
401 0.8611855892855448
402 0.8611855892855448
403 0.8611855892855448
404 0.8611855892855448
405 0.8611855892855448
406 0.8611855892855448
407 0.8611856361881575
408 0.8611856361881575
409 0.8611856361881575
410 0.8611856413007959
411 0.8611856413007959
412 0.861185747012716
413 0.861185747012716
414 0.8611863471605707
415 0.8611863471605707
416 0.8611863471605707
417 0.8611863471605707
418 0.8611863471605707
419 0.8611863471605707
420 0.8611863471605707
421 0.8611863471605707
422 0.8611863471605707
423 0.8611863471605707
424 0.8611863471605707
425 0.8611863471605707
426 0.8611863471605707
427 0.8611865793408054
428 0.8611865793408054
429 0.8611876019001083
430 0.8611876019001083
431 0.8611876019001083
432 0.8611876019001083
433 0.8611876019001083
434 0.8611876019001083
435 0.8611876019001083
436 0.8611876019001083
437 0.8611876019001083
438 0.8611876019001083
439 0.8611876019001083
440 0.8611876019001083
441 0.8611876019001083
442 0.8611876019001083
443 0.8611876019001083
444 0.8611876019001083
445 0.8611879901185069
446 0.8611879901185069
447 0.8611882875180886
448 0.8611882875180886
449 0.8611882875180886
450 0.8611882875180886
451 0.8611882875180886
452 0.8611882875180886
453 0.8611882875180886
454 0.8611882875180886
455 0.8611882875180886
456 0.8611883857305698
457 0.8611883857305698
458 0.8611883857305698
459 0.8611883857305698
460 0.8611883857305698
461 0.8611883857305698
462 0.8611890343156375
463 0.8611890343156375
464 0.8611890343156375
465 0.8611890343156375
466 0.8611890343156375
467 0.8611890343156375
468 0.8611890343156375
469 0.8611890343156375
470 0.8611890343156375
471 0.8611890343156375
472 0.8611890343156375
473 0.8611890343156375
474 0.8611890343156375
475 0.8611893035857793
476 0.8611893035857793
477 0.8611893035857793
478 0.8611893035857793
479 0.8611893035857793
480 0.8611893035857793
481 0.8611893035857793
482 0.8611893035857793
483 0.8611893035857793
484 0.8611893035857793
485 0.8611893035857793
486 0.8611893035857793
487 0.8611893035857793
488 0.8611893035857793
489 0.8611894912341947
490 0.8611894912341947
491 0.8611894912341947
492 0.8611894966109874
493 0.8611894966109874
494 0.8611894966109874
495 0.8611899818907305
496 0.8611899818907305
497 0.8611899818907305
498 0.8611899818907305
499 0.8611899818907305
500 0.8611899818907305
501 0.8611899818907305
502 0.8611899818907305
503 0.8611900803978606
504 0.8611900803978606
505 0.8611902567815072
506 0.8611902567815072
507 0.8611902567815072
508 0.8611902567815072
509 0.8611904851810875
510 0.8611904851810875
511 0.8611904851810875
512 0.8611905620665037
513 0.8611905620665037
514 0.8611906586495682
515 0.8611906586495682
516 0.8611906586495682
517 0.8611908040453331
518 0.8611908040453331
519 0.8611908376353291
520 0.8611908376353291
521 0.8611908376353291
522 0.8611908376353291
523 0.8611908376353291
524 0.86119113753268
525 0.8611912459428797
526 0.8611912459428797
527 0.8611912459428797
528 0.8611913801958572
529 0.8611917589041135
530 0.8611917589041135
531 0.8611917589041135
532 0.8611917589041135
533 0.8611921295932109
534 0.8611921295932109
535 0.8611921295932109
536 0.8611921295932109
537 0.8611921295932109
538 0.8611921295932109
539 0.8611921295932109
540 0.8611921295932109
541 0.8611921295932109
542 0.8611921295932109
543 0.8611921295932109
544 0.8611923136816229
545 0.8611923136816229
546 0.8611923136816229
547 0.8611923136816229
548 0.8611923136816229
549 0.8611923136816229
550 0.8611923136816229
551 0.8611923136816229
552 0.8611923136816229
553 0.8611923136816229
554 0.8611923136816229
555 0.8611923136816229
556 0.8611923136816229
557 0.8611923741570794
558 0.8611928154721616
559 0.8611928154721616
560 0.8611928154721616
561 0.8611928154721616
562 0.8611928154721616
563 0.8611928154721616
564 0.8611928154721616
565 0.8611928154721616
566 0.8611928154721616
567 0.8611928154721616
568 0.8611928154721616
569 0.8611928154721616
570 0.8611928154721616
571 0.8611928154721616
572 0.8611928154721616
573 0.8611928154721616
574 0.8611928154721616
575 0.8611928154721616
576 0.8611928849965318
577 0.8611928849965318
578 0.8611928849965318
579 0.8611929047543387
580 0.8611929047543387
581 0.8611929047543387
582 0.8611930034035316
583 0.8611930034035316
584 0.8611930034035316
585 0.8611931390652574
586 0.8611931390652574
587 0.8611931390652574
588 0.8611931390652574
589 0.8611931390652574
590 0.8611933230722255
591 0.8611933230722255
592 0.8611933230722255
593 0.8611933230722255
594 0.8611933230722255
595 0.8611933230722255
596 0.8611933230722255
597 0.8611933230722255
598 0.8611933230722255
599 0.8611933230722255
600 0.8611933230722255
601 0.8611933230722255
602 0.8611933400001381
603 0.8611933400001381
604 0.861193372538918
605 0.8611934971840645
606 0.8611934971840645
607 0.8611934971840645
608 0.8611934971840645
609 0.8611934971840645
610 0.8611934971840645
611 0.8611935675161899
612 0.8611935675161899
613 0.8611935675161899
614 0.8611938318846859
615 0.8611938318846859
616 0.8611938318846859
617 0.8611938318846859
618 0.8611938318846859
619 0.8611938318846859
620 0.8611938318846859
621 0.8611938318846859
622 0.8611938318846859
623 0.8611938318846859
624 0.8611938318846859
625 0.8611938318846859
626 0.8611938318846859
627 0.8611938318846859
628 0.8611938318846859
629 0.8611938318846859
630 0.8611938318846859
631 0.8611938318846859
632 0.8611939243475362
633 0.8611939243475362
634 0.8611939243475362
635 0.8611939405126255
636 0.8611939405126255
637 0.8611939405126255
638 0.8611939405126255
639 0.861194226964204
640 0.861194226964204
641 0.861194226964204
642 0.861194226964204
643 0.861194226964204
644 0.861194226964204
645 0.861194226964204
646 0.861194226964204
647 0.861194226964204
648 0.861194226964204
649 0.861194226964204
650 0.861194226964204
651 0.861194226964204
652 0.861194226964204
653 0.861194226964204
654 0.861194226964204
655 0.861194226964204
656 0.861194226964204
657 0.861194226964204
658 0.8611943243767434
659 0.8611943243767434
660 0.8611943243767434
661 0.8611943243767434
662 0.8611943243767434
663 0.8611943243767434
664 0.8611943243767434
665 0.8611943243767434
666 0.8611943243767434
667 0.8611943243767434
668 0.8611943243767434
669 0.8611943243767434
670 0.8611943426472812
671 0.8611943426472812
672 0.8611943426472812
673 0.8611943426472812
674 0.8611943426472812
675 0.8611943426472812
676 0.8611943426472812
677 0.8611944351767086
678 0.8611944351767086
679 0.8611944351767086
680 0.8611944351767086
681 0.8611945356861814
682 0.8611945356861814
683 0.8611945356861814
684 0.8611945372649235
685 0.8611945372649235
686 0.8611945372649235
687 0.8611945372649235
688 0.8611945372649235
689 0.8611945372649235
690 0.8611945372649235
691 0.8611945372649235
692 0.8611945372649235
693 0.8611945372649235
694 0.8611945509507342
695 0.8611945509507342
696 0.8611946962199444
697 0.8611946962199444
698 0.8611946962199444
699 0.8611947130986128
700 0.8611947130986128
701 0.8611947130986128
702 0.8611947130986128
703 0.8611947130986128
704 0.8611947130986128
705 0.8611947130986128
706 0.8611947130986128
707 0.8611947130986128
708 0.8611947130986128
709 0.861194751626085
710 0.861194751626085
711 0.861194751626085
712 0.861194751626085
713 0.861194751626085
714 0.861194751626085
715 0.861194751626085
716 0.861194751626085
717 0.861194751626085
718 0.861194880748038
719 0.861194880748038
720 0.8611950386967235
721 0.8611950386967235
722 0.8611950386967235
723 0.8611950386967235
724 0.8611950386967235
725 0.8611950386967235
726 0.8611950386967235
727 0.8611950386967235
728 0.8611950386967235
729 0.8611950386967235
730 0.8611950386967235
731 0.8611950386967235
732 0.8611950386967235
733 0.8611950386967235
734 0.8611950386967235
735 0.8611951190698061
736 0.8611951190698061
737 0.8611951190698061
738 0.8611951190698061
739 0.8611951190698061
740 0.8611951190698061
741 0.8611951190698061
742 0.8611951190698061
743 0.8611951190698061
744 0.8611951190698061
745 0.8611951190698061
746 0.8611951190698061
747 0.8611951190698061
748 0.8611951190698061
749 0.8611951190698061
750 0.8611951190698061
751 0.8611951190698061
752 0.8611951190698061
753 0.8611951190698061
754 0.8611951190698061
755 0.8611951190698061
