000 0.069424333457623
001 0.11265211732706867
002 0.12761684146738614
003 0.16670863076772854
004 0.2485359939743125
005 0.2803448218976712
006 0.33858868848224427
007 0.39654598016728293
008 0.5203122815193802
009 0.5364477789433139
010 0.6350520171220334
011 0.6620799192605596
012 0.7114850070544413
013 0.7425741892418319
014 0.7594968300893548
015 0.786053922253735
016 0.787392745790787
017 0.7977178917671346
018 0.7977178917671346
019 0.8124224477360154
020 0.8135818808872265
021 0.8143796932548907
022 0.815823523873458
023 0.8158760028644563
024 0.8158760028644563
025 0.8159769510007483
026 0.8160440570697298
027 0.8161070021507858
028 0.8161070021507858
029 0.8162863591071042
030 0.8164914286085276
031 0.8164914286085276
032 0.8191606538315481
033 0.8203726402060031
034 0.8224059556631714
035 0.8239286465419433
036 0.8243407425352905
037 0.8261337528512416
038 0.8280162709957753
039 0.8297206349366796
040 0.8302035616674367
041 0.8306394994332078
042 0.8308617883346471
043 0.8310288401080284
044 0.8311282600499553
045 0.8316586820703353
046 0.8316586820703353
047 0.8317517675301584
048 0.8318912090361328
049 0.8318912090361328
050 0.8318912090361328
051 0.8335512278141626
052 0.8345602962429427
053 0.8358769668303765
054 0.8375491808380864
055 0.8379829254124789
056 0.8386182467683858
057 0.8393704967626018
058 0.8394328640940588
059 0.8399871465053547
060 0.840083705137644
061 0.840155637242405
062 0.840155637242405
063 0.840187414832088
064 0.8401978510233142
065 0.8419047132308846
066 0.8419047132308846
067 0.8419526722929658
068 0.8419526722929658
069 0.842414283103401
070 0.842414283103401
071 0.8424432794917802
072 0.8424432794917802
073 0.8424432794917802
074 0.842568714456028
075 0.8436062968798342
076 0.8438516292638635
077 0.8448262772991362
078 0.8456602016444882
079 0.8464921433936485
080 0.8471321941537805
081 0.8478691862408182
082 0.8485443182421735
083 0.8489141570210179
084 0.8490814008898313
085 0.8492119021934585
086 0.8492119021934585
087 0.849291485863681
088 0.8497980950335174
089 0.8501136054220158
090 0.8501136054220158
091 0.8501136054220158
092 0.850866604773212
093 0.8511327787261355
094 0.8515717283004717
095 0.8524603989186776
096 0.8526688979180458
097 0.8529603291238606
098 0.8531847463399244
099 0.8534906179262993
100 0.8536055031707298
101 0.8537589918385433
102 0.8537598126968451
103 0.8537598126968451
104 0.8540385473763281
105 0.8550018687886174
106 0.8554033271496697
107 0.8560029454565361
108 0.8566400193444994
109 0.857859759576366
110 0.8582988896467224
111 0.8583267885095973
112 0.858651190662617
113 0.859006014961807
114 0.8593381044175196
115 0.859967722537655
116 0.8605412734265816
117 0.8608899600280745
118 0.8612567013369027
119 0.8612856547590245
120 0.8612862707251941
121 0.8613846802212354
122 0.8614860054403091
123 0.8614860054403091
124 0.8614860054403091
125 0.8614860054403091
126 0.8621020683448113
127 0.8627460877450167
128 0.8631755771424914
129 0.8635244678509285
130 0.8641547257726452
131 0.8645747360669552
132 0.8650232996352016
133 0.8656073859856908
134 0.8659952935234878
135 0.8659952935234878
136 0.866146035491916
137 0.8662010274377038
138 0.8662010274377038
139 0.8662046542005749
140 0.8665647602261026
141 0.8665685822960422
142 0.8665818483120701
143 0.866788937126371
144 0.867088538039071
145 0.8673300272412722
146 0.8674907865460122
147 0.8679705051786485
148 0.8683000822676427
149 0.8685859988989753
150 0.8687802955714181
151 0.8691798291867207
152 0.8694250272336036
153 0.8694736623077925
154 0.8697655885748204
155 0.8697771764175644
156 0.8698646901600894
157 0.8698949027751944
158 0.8699797119542538
159 0.8703238970270673
160 0.8706078116993018
161 0.8707112971337846
162 0.8710233390221687
163 0.8711735865453634
164 0.8713359208486667
165 0.8714674279961174
166 0.8716226336139843
167 0.8718384965199725
168 0.8720296288425076
169 0.8724504042286532
170 0.8724504042286532
171 0.8729227215659376
172 0.8729227215659376
173 0.8735619748220903
174 0.8735619748220903
175 0.8735619748220903
176 0.8735619748220903
177 0.8735619748220903
178 0.8736474649987526
179 0.8742175094085126
180 0.8742839325815145
181 0.8745077565771908
182 0.8745077565771908
183 0.8745613940923964
184 0.8746615976781635
185 0.8748809250271078
186 0.8749386723260274
187 0.8749766008214759
188 0.8751555809424711
189 0.8751555809424711
190 0.8752814732841366
191 0.8752814732841366
192 0.8754647882243687
193 0.8754647882243687
194 0.8756564016398339
195 0.8757538948639834
196 0.8757538948639834
197 0.8757538948639834
198 0.8759717388355229
199 0.876067829763759
200 0.876200415329126
201 0.876200415329126
202 0.876200415329126
203 0.876200415329126
204 0.876771427065638
205 0.876771427065638
206 0.876771427065638
207 0.876771427065638
208 0.8768349589333673
209 0.8768349589333673
210 0.8769258423307335
211 0.87704556606729
212 0.8771018667077403
213 0.8771217585187497
214 0.877264751283495
215 0.877264751283495
216 0.8774886834813659
217 0.8774886834813659
218 0.8774886834813659
219 0.8774886834813659
220 0.8775777742373557
221 0.8776821624098761
222 0.8776821624098761
223 0.8776821624098761
224 0.8778006170121115
225 0.8778006170121115
226 0.8778006170121115
227 0.8778006170121115
228 0.8778006170121115
229 0.8778006170121115
230 0.8778006170121115
231 0.8779636424759061
232 0.8779636424759061
233 0.8780999423548799
234 0.8781134665150375
235 0.8781134665150375
236 0.8781134665150375
237 0.8781134665150375
238 0.8781134665150375
239 0.8781134665150375
240 0.8781134665150375
241 0.8781134665150375
242 0.8781134665150375
243 0.8781134665150375
244 0.8781134665150375
245 0.8781134665150375
246 0.8781134665150375
247 0.8781134665150375
248 0.8781134665150375
249 0.8781134665150375
250 0.8781178747846633
251 0.8781359979771483
252 0.8783901263823366
253 0.8784157101684593
254 0.8785204009819405
255 0.8785204009819405
256 0.8785204009819405
257 0.8785204009819405
258 0.8785204009819405
259 0.8785204009819405
260 0.8785204009819405
261 0.8785204009819405
262 0.8785204009819405
263 0.8785204009819405
264 0.8785204009819405
265 0.8785204009819405
266 0.8785204009819405
267 0.8785717459767365
268 0.8785717459767365
269 0.8785717459767365
270 0.8785717459767365
271 0.8785717459767365
272 0.8785717459767365
273 0.8785717459767365
274 0.8785717459767365
275 0.8787174138956712
276 0.8787174138956712
277 0.8787174138956712
278 0.8787174138956712
279 0.8787174138956712
280 0.8787174138956712
281 0.8787174138956712
282 0.8787174138956712
283 0.8788348140969826
284 0.878850383080107
285 0.878850383080107
286 0.878850383080107
287 0.878850383080107
288 0.8788797190680279
289 0.8788797190680279
290 0.8788797190680279
291 0.8788797190680279
292 0.8788797190680279
293 0.8788797190680279
294 0.8788797190680279
295 0.8788872154504053
296 0.8788872154504053
297 0.8788872154504053
298 0.8788872154504053
299 0.8790187338218608
300 0.8790187338218608
301 0.8790187338218608
302 0.8790187338218608
303 0.8790187338218608
304 0.8791280198695284
305 0.8791280198695284
306 0.8791388722739087
307 0.8791388722739087
308 0.8791388722739087
309 0.8791388722739087
310 0.8791388722739087
311 0.8791388722739087
312 0.8791388722739087
313 0.8791388722739087
314 0.8791388722739087
315 0.8791388722739087
316 0.8791388722739087
317 0.8791388722739087
318 0.8791388722739087
319 0.8791388722739087
320 0.8791388722739087
321 0.8791388722739087
322 0.8791388722739087
323 0.8793006735728081
324 0.8793006735728081
325 0.8793006735728081
326 0.8793006735728081
327 0.8793006735728081
328 0.8793006735728081
329 0.8793006735728081
330 0.8793006735728081
331 0.8793006735728081
332 0.8793006735728081
333 0.8793006735728081
334 0.8793006735728081
335 0.8793006735728081
336 0.8793006735728081
337 0.8793006735728081
338 0.8793177124924322
339 0.8793177124924322
340 0.8793177124924322
341 0.8793177124924322
342 0.8793177124924322
343 0.8793177124924322
344 0.8793177124924322
345 0.8793177124924322
346 0.8793177124924322
347 0.8793535916741996
348 0.8793535916741996
349 0.8793535916741996
350 0.8793535916741996
351 0.8793535916741996
352 0.8793535916741996
353 0.8793635665974304
354 0.8793635665974304
355 0.8793635665974304
356 0.8793635665974304
357 0.8793635665974304
358 0.8793635665974304
359 0.8793635665974304
360 0.8793635665974304
361 0.8793635665974304
362 0.8793635665974304
363 0.8793635665974304
364 0.8793635665974304
365 0.8794306388160398
366 0.8794306388160398
367 0.8794306388160398
368 0.8794306388160398
369 0.8794306388160398
370 0.8794306388160398
371 0.8794306388160398
372 0.8794306388160398
373 0.8794306388160398
374 0.8794306388160398
375 0.8794306388160398
376 0.8794306388160398
377 0.8794306388160398
378 0.8794306388160398
379 0.8794306388160398
380 0.8794306388160398
381 0.8794306388160398
382 0.8794306388160398
383 0.8794306388160398
384 0.8794306388160398
385 0.8794306388160398
