000 0.10881416641207611
001 0.17393327145929763
002 0.29121199102462786
003 0.29121199102462786
004 0.34554292180265356
005 0.4768782915053483
006 0.4926997761447389
007 0.5594591424537022
008 0.6269576841837964
009 0.6757778013955685
010 0.7262370637298748
011 0.76206570863823
012 0.7791380664146176
013 0.8156624043197487
014 0.8499834684838562
015 0.8578821618142478
016 0.8629259682143731
017 0.8739297636304846
018 0.8834852288669663
019 0.8834852288669663
020 0.8880783209486343
021 0.8911584342651371
022 0.8911584342651371
023 0.8911584342651371
024 0.8930732204517406
025 0.8948500947000911
026 0.8957411336275942
027 0.895746135246376
028 0.8960902846314467
029 0.8971043122048777
030 0.8976383552586895
031 0.9056264385614828
032 0.9066708453087895
033 0.908374816350585
034 0.908374816350585
035 0.908374816350585
036 0.908374816350585
037 0.9084853300261657
038 0.9084902660270252
039 0.9084902660270252
040 0.9084902660270252
041 0.9085024442664622
042 0.910711430002712
043 0.910711430002712
044 0.9107379151607033
045 0.9113111236085786
046 0.9113111236085786
047 0.9113111236085786
048 0.9113111236085786
049 0.9113111236085786
050 0.9113111236085786
051 0.9113111236085786
052 0.9151967629931859
053 0.9167201394554294
054 0.9190908440803516
055 0.91946434251559
056 0.9199880692590182
057 0.9200502763379727
058 0.9204715780814603
059 0.9209414518800798
060 0.9211859666896521
061 0.9212339422931047
062 0.9214344740509274
063 0.9215227420838566
064 0.9215481350995466
065 0.9215892383747625
066 0.9215892383747625
067 0.9215892383747625
068 0.9242360845316999
069 0.9246322418421755
070 0.9248211199931735
071 0.9250702117272771
072 0.9253366603539838
073 0.92564908438304
074 0.9257857711147128
075 0.9259526772738245
076 0.9260820102606582
077 0.926089931561649
078 0.9261222273425821
079 0.9283168879644493
080 0.9287347698857031
081 0.928805658214987
082 0.9289576880472031
083 0.9290804358225293
084 0.9292009830342421
085 0.9292928719178934
086 0.929372099494116
087 0.929372099494116
088 0.9294591605585333
089 0.9313894415905485
090 0.9315209127766763
091 0.9317659479567904
092 0.9318843384723705
093 0.9319992914740093
094 0.9323022798241625
095 0.9324405604644511
096 0.9326049374070109
097 0.9326754274560026
098 0.9327858245036736
099 0.9340781959562376
100 0.9342158031913265
101 0.9345342298173367
102 0.9348266138165199
103 0.9351435581740049
104 0.935582280525337
105 0.9355885551494172
106 0.9365760396202143
107 0.9366639790291355
108 0.9371073665220169
109 0.9373483565787977
110 0.937532066319793
111 0.9375483847439483
112 0.9375969781463667
113 0.9376417612488814
114 0.9376461264358901
115 0.9376461264358901
116 0.9381758032529404
117 0.9383576530325665
118 0.9387040156456847
119 0.93918863782652
120 0.9395385401883676
121 0.9395525310024997
122 0.939815610203769
123 0.9399575577411884
124 0.9399912843065796
125 0.9401366572617802
126 0.9402557034402587
127 0.9403259662555616
128 0.9404331743294494
129 0.9405045199302341
130 0.9405945671162859
131 0.9406393705512684
132 0.9407323801114585
133 0.9407767978744311
134 0.9408568183061421
135 0.9409675477041577
136 0.9410222263407922
137 0.9410857206349634
138 0.9411471464463476
139 0.9411471464463476
140 0.9412229927490611
141 0.94125449703094
142 0.9413419676928193
143 0.9413575988825037
144 0.9413977685744391
145 0.9414072235927377
146 0.9414313335565963
147 0.9414779069051596
148 0.9414943530903248
149 0.9415554779117907
150 0.9416361009644582
151 0.9416361009644582
152 0.9416703884944653
153 0.9417091105072515
154 0.941754106278633
155 0.941792398433709
156 0.9418342592320893
157 0.9418502063860758
158 0.9419039818933806
159 0.9419261327703745
160 0.9419532222844454
161 0.9419532222844454
162 0.941978014420852
163 0.9420252429659799
164 0.9420903672904012
165 0.9421253458179724
166 0.9421253458179724
167 0.9421253458179724
168 0.9421773407809999
169 0.9421773407809999
170 0.9421773407809999
171 0.9422335309040812
172 0.9422335309040812
173 0.9422452601409401
174 0.9422452601409401
175 0.9422671049048468
176 0.9422931279662465
177 0.9422949142401826
178 0.9422949142401826
179 0.9423134443749818
180 0.942335300969087
181 0.942335300969087
182 0.9423579972498759
183 0.9423670027489213
184 0.9424008951951656
185 0.9424008951951656
186 0.9424008951951656
187 0.9424107829936887
188 0.9424441282344268
189 0.9424521030672754
190 0.9424521030672754
191 0.9424521030672754
192 0.9424521030672754
193 0.9424878157177321
194 0.9424878157177321
195 0.9425202331512698
196 0.9425202331512698
197 0.942522481352725
198 0.9425629823536718
199 0.9425629823536718
200 0.9425629823536718
201 0.9425629823536718
202 0.9425804558710787
203 0.9425877403874562
204 0.9425986302262508
205 0.9426080085749164
206 0.9426081757243256
207 0.9426162389471088
208 0.942640779145868
209 0.942640779145868
210 0.9426491789790792
211 0.9426595134312616
212 0.942663528430842
213 0.9426721014238464
214 0.9426951310872023
215 0.9427006725163618
216 0.9427039135046561
217 0.9427053461039554
218 0.9427112623856411
219 0.9427293302747011
220 0.942732497646667
221 0.9427506784566281
222 0.9427506784566281
223 0.9427644391556212
224 0.9427724773761007
225 0.9427724773761007
226 0.942772657524045
227 0.9427740990974736
228 0.9427951690146242
229 0.9427951690146242
230 0.9427951690146242
231 0.942797546060676
232 0.9428044602187274
233 0.9428113793496365
234 0.942827417873729
235 0.942827417873729
236 0.9428289983766723
237 0.9428332241510697
238 0.9428395595260518
239 0.9428395595260518
240 0.9428463879687339
241 0.9428500153371229
242 0.9428577172030912
243 0.9428577172030912
244 0.9428577172030912
245 0.9428641441435455
246 0.9428672333618193
247 0.9428730750323232
248 0.9428835867093497
249 0.9428836067993049
250 0.94289087611254
251 0.9428911952890288
252 0.9428942948118335
253 0.9429026055858437
254 0.9429150878421538
255 0.9429150878421538
256 0.9429150878421538
257 0.9429150878421538
258 0.9429213504201807
259 0.9429213504201807
260 0.9429225236409944
261 0.9429302567669061
262 0.9429302567669061
263 0.9429321480123152
264 0.9429339020782819
265 0.9429373371666044
266 0.9429400019775298
267 0.9429553311972417
268 0.9429553311972417
269 0.9429553311972417
270 0.9429553311972417
271 0.9429553311972417
272 0.9429581476827524
273 0.9429581476827524
274 0.9429581476827524
275 0.9429609851201076
276 0.9429609851201076
277 0.9429644211605451
278 0.9429685465370368
279 0.9429727501814669
280 0.9429728082915209
281 0.9429728082915209
282 0.9429760941799143
283 0.9429760941799143
284 0.9429906279661895
285 0.9429906279661895
286 0.9429906279661895
287 0.9429906279661895
288 0.9429956671515493
289 0.9429956671515493
290 0.9429971405690273
291 0.9429989206058078
292 0.9430026681008331
293 0.9430026681008331
294 0.9430030154281032
295 0.943004064286408
296 0.9430050342955266
297 0.943010306950693
298 0.9430104075485508
299 0.9430120824711727
300 0.9430202500931779
301 0.9430202500931779
302 0.9430202500931779
303 0.9430202500931779
304 0.9430219661588443
305 0.9430219661588443
306 0.943025259866169
307 0.9430314798458499
308 0.9430314798458499
309 0.9430314798458499
310 0.9430314798458499
311 0.9430314798458499
312 0.9430314798458499
313 0.9430314798458499
314 0.9430341338116527
315 0.9430357567856922
316 0.9430357567856922
317 0.9430387389290283
318 0.9430387389290283
319 0.9430399664750262
320 0.9430402861993931
321 0.9430403240690579
322 0.9430403240690579
323 0.9430408899784111
324 0.9430425638751357
325 0.9430457575171832
326 0.9430457575171832
327 0.9430472857272549
328 0.9430472857272549
329 0.9430496201328885
330 0.9430509711485214
331 0.9430509711485214
332 0.9430516773649529
333 0.9430516773649529
334 0.9430574571245445
335 0.9430574571245445
336 0.9430574571245445
337 0.9430576314558801
338 0.9430576314558801
339 0.9430576314558801
340 0.9430576891288149
341 0.943062329544197
342 0.943062329544197
343 0.943062329544197
344 0.9430624921586375
345 0.9430638314468258
346 0.9430638314468258
347 0.9430643161934174
348 0.9430663813232919
349 0.9430681413276808
350 0.9430693578208831
351 0.9430693578208831
352 0.9430713089096773
353 0.9430713089096773
354 0.9430722112217435
355 0.9430751547342338
356 0.9430754592832109
357 0.9430777014766453
358 0.9430782212213573
359 0.9430799228017703
360 0.9430799228017703
361 0.9430828699697914
362 0.9430865093849059
363 0.9430865093849059
364 0.9430865093849059
365 0.9430865093849059
366 0.9430868613555846
367 0.9430868613555846
368 0.9430888974207754
369 0.9430888974207754
370 0.9430905236102564
371 0.9430907388190432
372 0.9430907388190432
373 0.9430921135939843
374 0.9430976183874118
375 0.9430976183874118
376 0.9430976183874118
377 0.9430976183874118
378 0.9430986756765586
379 0.9430986756765586
380 0.9430986756765586
381 0.9430986756765586
382 0.9430987134656227
383 0.9430993387338328
384 0.9431011615545986
385 0.9431056515199535
386 0.9431056515199535
387 0.9431056515199535
388 0.9431056515199535
389 0.9431056515199535
390 0.9431056515199535
391 0.9431056515199535
392 0.9431056515199535
393 0.9431056515199535
394 0.943109465810236
395 0.943109465810236
396 0.9431125023785539
397 0.9431125023785539
398 0.9431125023785539
399 0.9431125023785539
400 0.9431125023785539
401 0.9431125023785539
402 0.9431125023785539
403 0.9431125023785539
404 0.9431125023785539
405 0.9431137804004578
406 0.9431137804004578
407 0.9431137804004578
408 0.943115711973994
409 0.943115711973994
410 0.943115711973994
411 0.943115711973994
412 0.943115711973994
413 0.9431158749626879
414 0.9431158749626879
415 0.9431188878663347
416 0.9431188878663347
417 0.9431188878663347
418 0.9431188878663347
419 0.9431211151594878
420 0.9431211151594878
421 0.9431211151594878
422 0.9431214305252033
423 0.9431214305252033
424 0.9431214305252033
425 0.9431214305252033
426 0.9431230495897039
427 0.9431244494861797
428 0.9431244494861797
429 0.9431273007092237
430 0.9431282670825687
431 0.9431282670825687
432 0.9431282670825687
433 0.9431282670825687
434 0.9431282670825687
435 0.9431282670825687
436 0.9431282670825687
437 0.9431291234111634
438 0.9431291234111634
439 0.9431291234111634
440 0.9431293026501855
441 0.9431305458460018
442 0.9431305458460018
443 0.9431339555469308
444 0.9431339555469308
445 0.9431339555469308
446 0.9431339555469308
447 0.9431339555469308
448 0.9431339555469308
449 0.9431339555469308
450 0.9431339555469308
451 0.9431339555469308
452 0.9431339555469308
453 0.9431339555469308
454 0.9431349917502757
455 0.9431349917502757
456 0.9431349917502757
457 0.9431349917502757
458 0.9431349917502757
459 0.9431355035468436
460 0.9431355035468436
461 0.9431362081471878
462 0.9431362081471878
463 0.9431370208336487
464 0.9431376264249078
465 0.9431376264249078
466 0.9431376264249078
467 0.9431377827712788
468 0.9431390697239532
469 0.9431390697239532
470 0.9431390697239532
471 0.9431390697239532
472 0.943139444004339
473 0.943139444004339
474 0.9431396555648273
475 0.9431407450769741
476 0.9431407450769741
477 0.9431407450769741
478 0.9431409315917219
479 0.9431409315917219
480 0.943141490651573
481 0.9431435337563014
482 0.9431435337563014
483 0.9431435337563014
484 0.9431435337563014
485 0.9431435337563014
486 0.9431435337563014
487 0.9431439894363772
488 0.9431439894363772
489 0.9431444504496711
490 0.9431444504496711
491 0.9431458996500052
492 0.9431458996500052
493 0.9431458996500052
494 0.9431458996500052
495 0.9431458996500052
496 0.9431470822672708
497 0.9431470822672708
498 0.9431470822672708
499 0.9431470822672708
500 0.9431470822672708
501 0.9431470822672708
502 0.9431486004253482
503 0.9431486004253482
504 0.9431486004253482
505 0.9431488394419036
506 0.9431490208811897
507 0.9431490208811897
508 0.9431498456649802
509 0.9431510253686433
510 0.9431510253686433
511 0.9431510253686433
512 0.9431510253686433
513 0.9431510253686433
514 0.9431510253686433
515 0.9431512208705102
516 0.9431512208705102
517 0.9431512415127037
518 0.9431515187391298
519 0.9431515187391298
520 0.9431527303270376
521 0.9431527303270376
522 0.9431527303270376
523 0.9431527303270376
524 0.9431527303270376
525 0.9431527303270376
526 0.9431527303270376
527 0.9431529194424926
528 0.9431535256543312
529 0.9431540078346478
530 0.9431540078346478
531 0.9431540078346478
532 0.9431540078346478
533 0.9431544803243509
534 0.9431544803243509
535 0.9431544803243509
536 0.943155223866666
537 0.9431560745033782
538 0.9431560745033782
539 0.9431560745033782
540 0.9431560745033782
541 0.9431560745033782
542 0.9431560745033782
543 0.9431560745033782
544 0.9431560745033782
545 0.9431560745033782
546 0.9431560745033782
547 0.9431560745033782
548 0.9431571553783654
549 0.9431571553783654
550 0.9431571553783654
551 0.9431571553783654
552 0.9431573338385257
553 0.9431573338385257
554 0.9431573338385257
555 0.9431573338385257
556 0.9431573844916933
557 0.9431586636614859
558 0.9431586636614859
559 0.9431586636614859
560 0.9431586636614859
561 0.9431586636614859
562 0.9431586636614859
563 0.9431586636614859
564 0.9431586636614859
565 0.9431586636614859
566 0.9431586636614859
567 0.9431586636614859
568 0.9431595933719678
569 0.9431595933719678
570 0.9431595933719678
571 0.9431595933719678
572 0.9431595933719678
573 0.9431595933719678
574 0.9431595933719678
575 0.9431595933719678
576 0.9431610387616027
577 0.9431610387616027
578 0.9431610387616027
579 0.9431610387616027
580 0.9431610387616027
581 0.9431610387616027
582 0.9431610387616027
583 0.9431610387616027
584 0.9431613738345331
585 0.9431613738345331
586 0.9431613738345331
587 0.9431613738345331
588 0.9431613738345331
589 0.9431613738345331
590 0.9431613738345331
591 0.9431613738345331
592 0.9431617602751877
593 0.943162566226004
594 0.943162566226004
595 0.943162566226004
596 0.943162566226004
597 0.9431629882011827
598 0.9431629882011827
599 0.9431629882011827
600 0.9431629882011827
601 0.9431629882011827
602 0.9431629882011827
603 0.9431629882011827
604 0.9431629882011827
605 0.9431629882011827
606 0.9431629882011827
607 0.9431629882011827
608 0.9431629882011827
609 0.9431633720954236
610 0.9431633720954236
611 0.9431633720954236
612 0.9431633734891358
613 0.9431633734891358
614 0.9431633734891358
615 0.9431633734891358
616 0.9431634997301546
617 0.9431634997301546
618 0.9431639869859724
619 0.9431639869859724
620 0.9431639869859724
621 0.9431639869859724
622 0.9431639869859724
623 0.9431639869859724
624 0.9431639869859724
625 0.9431641932164645
626 0.9431641932164645
627 0.9431645016211209
628 0.9431645016211209
629 0.9431645016211209
630 0.9431645016211209
631 0.9431645016211209
632 0.9431645016211209
633 0.9431645016211209
634 0.9431645016211209
635 0.9431649089948548
636 0.9431649089948548
637 0.9431649089948548
638 0.9431649089948548
639 0.9431649089948548
640 0.9431649089948548
641 0.9431649089948548
642 0.9431649089948548
643 0.9431649089948548
644 0.9431649089948548
645 0.9431650666196911
646 0.9431650666196911
647 0.9431650666196911
648 0.9431653070081245
649 0.9431653070081245
650 0.9431653070081245
651 0.9431653070081245
652 0.9431653070081245
653 0.9431653946753835
654 0.9431653946753835
655 0.9431659458125725
656 0.9431659458125725
657 0.9431659458125725
658 0.9431659458125725
659 0.9431659458125725
660 0.9431659458125725
661 0.9431664110035349
662 0.9431664110035349
663 0.9431664110035349
664 0.9431664110035349
665 0.9431664110035349
666 0.9431664110035349
667 0.9431664110035349
668 0.9431664110035349
669 0.9431664882474301
670 0.9431664882474301
671 0.9431664882474301
672 0.9431664882474301
673 0.9431664961398502
674 0.9431665916224039
675 0.9431665916224039
676 0.9431665916224039
677 0.9431665916224039
678 0.9431665916224039
679 0.9431672654746623
680 0.9431672654746623
681 0.9431672654746623
682 0.9431672654746623
683 0.9431672654746623
684 0.9431672654746623
685 0.9431672654746623
686 0.9431672654746623
687 0.9431672654746623
688 0.9431672654746623
689 0.9431672654746623
690 0.9431672654746623
691 0.9431674419686994
692 0.9431684000623753
693 0.9431684000623753
694 0.9431686368140426
695 0.9431686368140426
696 0.9431686368140426
697 0.9431686368140426
698 0.9431686368140426
699 0.9431686368140426
700 0.9431686368140426
701 0.9431686368140426
702 0.9431686368140426
703 0.9431686368140426
704 0.9431686368140426
705 0.9431686368140426
706 0.9431686368140426
707 0.9431686368140426
708 0.9431686368140426
709 0.9431686368140426
710 0.9431687419536955
711 0.9431687419536955
712 0.9431688248295831
713 0.9431688248295831
714 0.943168899443202
715 0.943168899443202
716 0.9431689215908943
717 0.9431689215908943
718 0.9431689215908943
719 0.943169145111376
720 0.943169145111376
721 0.943169145111376
722 0.943169145111376
723 0.9431695674318487
724 0.9431695674318487
725 0.9431695674318487
726 0.9431695674318487
727 0.9431695674318487
728 0.9431695922068234
729 0.9431695922068234
730 0.9431695922068234
731 0.9431696188278749
732 0.9431696188278749
733 0.9431696188278749
734 0.9431696188278749
735 0.9431696188278749
736 0.9431696188278749
737 0.9431696188278749
738 0.9431699121390545
739 0.9431699121390545
740 0.9431699121390545
741 0.9431699121390545
742 0.9431699121390545
743 0.9431699121390545
744 0.9431699347261681
745 0.9431699347261681
746 0.9431699347261681
747 0.9431699347261681
748 0.9431700535868808
749 0.9431700535868808
750 0.9431700535868808
751 0.9431700535868808
752 0.9431700535868808
753 0.9431700535868808
754 0.9431701466946673
755 0.9431701959056721
756 0.9431701959056721
757 0.9431701959056721
758 0.9431703706634867
759 0.9431703706634867
760 0.9431707198582386
761 0.9431707198582386
762 0.9431707198582386
763 0.9431707198582386
764 0.9431707198582386
765 0.9431707198582386
766 0.9431707198582386
767 0.9431708140576971
768 0.9431708140576971
769 0.9431708140576971
770 0.9431708554631767
771 0.9431708554631767
772 0.9431708554631767
773 0.9431708554631767
774 0.9431708554631767
775 0.9431708554631767
776 0.9431710164662522
777 0.9431710164662522
778 0.9431710164662522
779 0.9431710164662522
780 0.9431710164662522
781 0.9431710164662522
782 0.9431712596953102
783 0.9431712596953102
784 0.9431712633894792
785 0.9431712932527875
786 0.9431712932527875
787 0.9431712932527875
788 0.9431712932527875
789 0.9431713908299262
790 0.9431713908299262
791 0.9431713908299262
792 0.9431713908299262
793 0.9431713908299262
794 0.9431713908299262
795 0.9431713908299262
796 0.9431713908299262
797 0.9431716334792255
798 0.943171879126906
799 0.943171879126906
800 0.943171879126906
801 0.943171879126906
802 0.943171879126906
803 0.943171879126906
804 0.943171879126906
805 0.943171879126906
806 0.943171879126906
807 0.943171879126906
808 0.943171879126906
809 0.943171879126906
810 0.943171879126906
811 0.943171879126906
812 0.943171879126906
813 0.943171879126906
814 0.943171879126906
815 0.943171879126906
816 0.943171879126906
817 0.943171879126906
818 0.943171879126906
