000 0.18296999897660526
001 0.3511457275812573
002 0.3661592096841638
003 0.4199095301359884
004 0.5519004966666892
005 0.6309227538028579
006 0.6562817643300398
007 0.6875513032713929
008 0.7477403027294246
009 0.7912231990567012
010 0.8014139758981798
011 0.8335639179879215
012 0.8430777326095246
013 0.867545147774064
014 0.8805070757395117
015 0.8843862261312821
016 0.8917740170049688
017 0.8942579377795931
018 0.896665893516521
019 0.8970019413729688
020 0.8974559373676317
021 0.8974559373676317
022 0.8974956538862181
023 0.8974956538862181
024 0.8974956538862181
025 0.8974956538862181
026 0.8975394386603006
027 0.8975394386603006
028 0.899814419332035
029 0.9009287627736904
030 0.9016594290719516
031 0.9022333675385951
032 0.90313482603930
033 0.9034061427149734
034 0.9036151079845914
035 0.9038059120382973
036 0.9040667122666084
037 0.9042163862476968
038 0.904279769502378
039 0.9042817225652421
040 0.9042817225652421
041 0.9042895171978492
042 0.9055638882029136
043 0.9058792924989898
044 0.9062379516815653
045 0.9066981776290516
046 0.9068142040302718
047 0.9068812552712069
048 0.9069820822812593
049 0.907192230026414
050 0.90727488687653
051 0.9073551828760137
052 0.9074182831992298
053 0.908031520519853
054 0.908250407723985
055 0.9085671588889291
056 0.9086466048904559
057 0.9087871431970018
058 0.9091700940356349
059 0.9091764400659574
060 0.9093464297228341
061 0.9095564765393518
062 0.909567276064363
063 0.9096765722681113
064 0.9099230298089586
065 0.909947547654696
066 0.9099790931810059
067 0.9101858454999241
068 0.9102734601851946
069 0.9103472964600099
070 0.9104057585096997
071 0.9105150075403328
072 0.9106035474135301
073 0.9106342215720824
074 0.9107581420366139
075 0.9108045236491927
076 0.9109080835270222
077 0.9109080835270222
078 0.9109976495810309
079 0.9109984599239348
080 0.9111407556805751
081 0.9111521655846574
082 0.9112126285847633
083 0.911271191601455
084 0.9113245366153832
085 0.9113845295704671
086 0.9114148601598668
087 0.9114377341354934
088 0.9114698521914059
089 0.9115149524550412
090 0.9115707886438612
091 0.9115707886438612
092 0.9116630850507494
093 0.9116630850507494
094 0.9116807616158012
095 0.9116807616158012
096 0.9117116889713082
097 0.9117465767333061
098 0.9117651562130652
099 0.9118108202249919
100 0.9118233665077619
101 0.91183124268666
102 0.9119102233076363
103 0.9119102233076363
104 0.9119264591687772
105 0.9119264591687772
106 0.911972098822346
107 0.9119907292218926
108 0.9119920082395419
109 0.9120228237828024
110 0.9120228237828024
111 0.9120228237828024
112 0.9120561390919156
113 0.9120610211620168
114 0.9120639257772215
115 0.9120946444269408
116 0.9120946444269408
117 0.9121488650932091
118 0.9121488650932091
119 0.9121488650932091
120 0.912153015247063
121 0.9121900969586878
122 0.9121900969586878
123 0.912212595709666
124 0.912212595709666
125 0.912212595709666
126 0.912212595709666
127 0.9122229918011551
128 0.9122297226042709
129 0.9122547289881475
130 0.912263595588065
131 0.912263595588065
132 0.912263595588065
133 0.912263595588065
134 0.9122655988106452
135 0.912270491242641
136 0.9122759720403206
137 0.9122908468961735
138 0.9122908468961735
139 0.9123043838884755
140 0.9123043838884755
141 0.9123043838884755
142 0.9123139943887587
143 0.9123139943887587
144 0.9123139943887587
145 0.9123179942045067
146 0.9123405138781105
147 0.9123405138781105
148 0.9123405138781105
149 0.9123565121388376
150 0.9123565121388376
151 0.9123565121388376
152 0.9123565121388376
153 0.9123565121388376
154 0.9123565121388376
155 0.9123627516037329
156 0.9123627516037329
157 0.9123688717370849
158 0.9123720267909189
159 0.9123779840565238
160 0.9123779840565238
161 0.9123779840565238
162 0.9123828052089474
163 0.9123828052089474
164 0.9123864660114742
165 0.9123864660114742
166 0.9123869443009687
167 0.9123975647413647
168 0.9124009076470557
169 0.9124009076470557
170 0.9124009076470557
171 0.9124080498018763
172 0.9124080498018763
173 0.9124080498018763
174 0.9124139588777509
175 0.9124162099851665
176 0.9124162099851665
177 0.9124162099851665
178 0.9124179833217871
179 0.9124281005511814
180 0.9124295288413161
181 0.9124295288413161
182 0.9124295288413161
183 0.9124295288413161
184 0.9124295288413161
185 0.9124295288413161
186 0.9124304429577961
187 0.9124320579737242
188 0.9124324144455314
189 0.9124324144455314
190 0.9124372627786546
191 0.9124394195716963
192 0.9124394195716963
193 0.912441194541266
194 0.912441194541266
195 0.9124414199351563
196 0.9124473753610439
197 0.9124473753610439
198 0.9124476993305366
199 0.9124500143934047
200 0.9124504481298479
201 0.9124504481298479
202 0.9124576031537711
203 0.9124610818672428
204 0.9124610818672428
205 0.9124623743254016
206 0.9124636767840546
207 0.9124636767840546
208 0.9124664161749351
209 0.9124664161749351
210 0.9124664161749351
211 0.9124664161749351
212 0.9124664161749351
213 0.9124664161749351
214 0.9124664721640645
215 0.9124707418477974
216 0.9124707418477974
217 0.9124758088795657
218 0.9124758088795657
219 0.9124758088795657
220 0.9124758088795657
221 0.9124764917241098
222 0.9124764917241098
223 0.9124764917241098
224 0.9124764917241098
225 0.912477373553015
226 0.9124803921233422
227 0.9124803921233422
228 0.912481157040999
229 0.9124832452327145
230 0.9124832452327145
231 0.9124832452327145
232 0.9124853409056618
233 0.9124861896802895
234 0.9124890315366759
235 0.9124890315366759
236 0.9124890315366759
237 0.9124901611738647
238 0.9124921868436926
239 0.9124921868436926
240 0.9124928020476212
241 0.9124937942599819
242 0.9124937942599819
243 0.9124937942599819
244 0.9124937942599819
245 0.9124937942599819
246 0.9124937942599819
247 0.9124937942599819
248 0.9124937942599819
249 0.9124937942599819
250 0.9124937942599819
251 0.9124937942599819
252 0.9124946372953918
253 0.9124954057464076
254 0.9124954057464076
255 0.9124954057464076
256 0.9124954057464076
257 0.9124955661869588
258 0.9124965199150583
259 0.9124991365962288
260 0.9124991365962288
261 0.9124991365962288
262 0.9124991365962288
263 0.9124991365962288
264 0.9124991365962288
265 0.9125000317283113
266 0.9125000317283113
267 0.9125000317283113
268 0.9125000317283113
269 0.9125022382506425
270 0.9125022382506425
271 0.9125022382506425
272 0.9125022382506425
273 0.9125022382506425
274 0.9125022382506425
275 0.9125022382506425
276 0.9125022382506425
277 0.9125023183870592
278 0.912502397748881
279 0.9125024274404564
280 0.912503530659561
281 0.9125050783906952
282 0.9125050783906952
283 0.9125059663258955
284 0.9125059663258955
285 0.9125059663258955
286 0.9125059663258955
287 0.9125059663258955
288 0.9125059663258955
289 0.9125059663258955
290 0.9125059663258955
291 0.9125059663258955
292 0.9125066086463605
293 0.9125066086463605
294 0.9125072928630684
295 0.9125072928630684
296 0.9125077714164838
297 0.9125077714164838
298 0.9125077714164838
299 0.9125081822044285
300 0.9125081822044285
301 0.912508686869521
302 0.912508686869521
303 0.912508686869521
304 0.9125088386297864
305 0.9125092023792827
306 0.9125092023792827
307 0.9125105142306914
308 0.9125106929483904
309 0.9125106929483904
310 0.9125106929483904
311 0.9125106929483904
312 0.912512256351169
313 0.912512256351169
314 0.912512256351169
315 0.912512256351169
316 0.912512256351169
317 0.912512256351169
318 0.912512256351169
319 0.912512256351169
320 0.9125129968594958
321 0.9125129968594958
322 0.9125129968594958
323 0.9125129968594958
324 0.9125129968594958
325 0.9125129968594958
326 0.9125129968594958
327 0.9125129968594958
328 0.9125129968594958
329 0.9125129968594958
330 0.912513073618564
331 0.912513073618564
332 0.912513073618564
333 0.912513073618564
334 0.9125134490427126
335 0.9125138496660881
336 0.9125142475381283
337 0.9125142475381283
338 0.9125142475381283
339 0.9125142475381283
340 0.9125144272451786
341 0.9125144272451786
342 0.9125144272451786
343 0.9125144272451786
344 0.9125144272451786
345 0.9125144947292126
346 0.9125147756789143
347 0.9125148233227492
348 0.9125149111259387
349 0.9125162331531821
350 0.9125162331531821
351 0.9125162331531821
352 0.9125162331531821
353 0.9125162331531821
354 0.9125162331531821
355 0.9125162331531821
356 0.9125164251584822
357 0.9125164251584822
358 0.9125164251584822
359 0.9125164470020122
360 0.9125164470020122
361 0.9125164470020122
362 0.9125164470020122
363 0.9125164470020122
364 0.9125164470020122
365 0.9125164470020122
366 0.9125165277038254
367 0.9125170700925823
368 0.9125170700925823
369 0.9125170700925823
370 0.9125170700925823
371 0.9125170700925823
372 0.9125170700925823
373 0.9125170700925823
374 0.9125170700925823
375 0.9125170700925823
376 0.9125174337566514
377 0.9125174337566514
378 0.9125180239245816
379 0.9125180239245816
380 0.9125180239245816
381 0.9125180674121632
382 0.9125180674121632
383 0.9125180674121632
384 0.9125182758955263
385 0.9125182758955263
386 0.9125182758955263
387 0.9125182758955263
388 0.9125182758955263
389 0.9125188050038474
390 0.9125188050038474
391 0.9125188561710676
392 0.9125188561710676
393 0.9125188561710676
394 0.9125188561710676
395 0.9125188561710676
396 0.9125188561710676
397 0.9125189855172674
398 0.9125189855172674
399 0.9125189855172674
400 0.9125195829119951
401 0.9125195829119951
402 0.9125195829119951
403 0.9125195829119951
404 0.9125195829119951
405 0.9125195829119951
406 0.9125195829119951
407 0.9125195829119951
408 0.9125195829119951
409 0.9125195829119951
410 0.9125195829119951
411 0.9125197091105536
412 0.9125197091105536
413 0.9125197091105536
414 0.9125197091105536
415 0.9125197091105536
416 0.9125200554275479
417 0.9125200554275479
418 0.9125200554275479
419 0.9125200554275479
420 0.9125200554275479
421 0.9125200554275479
422 0.9125200554275479
423 0.9125200554275479
424 0.9125201298528791
425 0.9125201298528791
426 0.9125201298528791
427 0.9125202880498807
428 0.9125202880498807
429 0.9125202880498807
430 0.9125202880498807
431 0.9125205574734769
432 0.9125208232955091
433 0.9125208232955091
434 0.9125208232955091
435 0.9125208232955091
436 0.9125208232955091
437 0.9125208232955091
438 0.9125208232955091
439 0.9125208232955091
440 0.9125208232955091
441 0.9125208232955091
442 0.9125208232955091
443 0.9125208232955091
444 0.9125208232955091
445 0.9125208232955091
446 0.9125208232955091
447 0.9125208232955091
448 0.9125208232955091
449 0.9125208232955091
450 0.9125208232955091
451 0.9125210539258888
452 0.9125210763923909
453 0.9125210763923909
454 0.9125210763923909
455 0.9125212262772658
456 0.9125212262772658
457 0.9125212262772658
458 0.9125212262772658
459 0.9125212262772658
460 0.9125212262772658
461 0.9125212262772658
462 0.9125213112456547
463 0.9125213112456547
464 0.9125217306895196
465 0.9125217306895196
466 0.9125219741391167
467 0.9125219741391167
468 0.9125219741391167
469 0.9125219741391167
470 0.9125219741391167
471 0.9125219741391167
472 0.9125219741391167
473 0.9125219741391167
474 0.9125219741391167
475 0.9125219741391167
476 0.9125219741391167
477 0.9125219741391167
478 0.9125219741391167
479 0.9125219741391167
480 0.9125219741391167
481 0.9125221578396535
482 0.9125221578396535
483 0.9125221578396535
484 0.9125221578396535
485 0.9125221578396535
486 0.9125221578396535
487 0.9125221578396535
488 0.9125221578396535
489 0.9125221578396535
490 0.9125221578396535
491 0.9125221578396535
492 0.9125221578396535
493 0.9125223390813901
494 0.9125223390813901
495 0.9125223390813901
496 0.9125223454992765
497 0.9125223454992765
498 0.9125223454992765
499 0.9125223454992765
500 0.9125223454992765
501 0.9125223454992765
502 0.9125223454992765
503 0.9125225114782056
504 0.9125225114782056
505 0.9125226038925249
506 0.9125226038925249
507 0.9125226101435601
508 0.9125226101435601
509 0.9125227083817525
510 0.9125227083817525
511 0.9125227083817525
512 0.9125227083817525
513 0.9125227083817525
514 0.9125227083817525
515 0.9125228252181773
516 0.9125228252181773
517 0.9125228252181773
518 0.9125228252181773
519 0.9125230698267393
520 0.9125230698267393
521 0.9125230698267393
522 0.9125230698267393
523 0.9125230931399356
524 0.9125230931399356
525 0.9125230931399356
526 0.9125230931399356
527 0.9125230931399356
528 0.9125230931399356
529 0.9125232234709069
530 0.9125232343415128
531 0.9125232343415128
532 0.9125235470225259
533 0.9125235470225259
534 0.9125235470225259
535 0.9125235470225259
536 0.9125235470225259
537 0.9125235470225259
538 0.9125235470225259
539 0.9125235470225259
540 0.9125235470225259
541 0.9125235470225259
542 0.9125235470225259
543 0.9125235470225259
544 0.9125235470225259
545 0.9125235470225259
546 0.9125235470225259
547 0.9125235621906069
548 0.9125235621906069
549 0.9125235621906069
550 0.9125235740781839
551 0.9125235740781839
552 0.9125235740781839
553 0.9125235740781839
554 0.9125235740781839
555 0.9125236966081102
556 0.9125236966081102
557 0.9125237684940232
558 0.9125237684940232
559 0.9125237684940232
560 0.9125237780068106
561 0.9125237891764634
562 0.9125237891764634
563 0.9125239742749278
564 0.9125239742749278
565 0.9125239742749278
566 0.9125239742749278
567 0.9125240041772451
568 0.9125240041772451
569 0.9125240041772451
570 0.9125240041772451
571 0.9125241326179397
572 0.9125241326179397
573 0.9125241326179397
574 0.9125241326179397
575 0.9125241326179397
576 0.9125241326179397
577 0.9125241612204607
578 0.9125241612204607
579 0.9125241612204607
580 0.9125241612204607
581 0.912524231069688
582 0.9125243333498195
583 0.9125243333498195
584 0.9125243333498195
585 0.9125245295188589
586 0.9125245295188589
587 0.9125245295188589
588 0.9125251276096725
589 0.9125251276096725
590 0.9125251276096725
591 0.9125251276096725
592 0.9125251276096725
593 0.9125251276096725
594 0.9125251276096725
595 0.9125251276096725
596 0.9125251276096725
597 0.9125251276096725
598 0.9125251276096725
599 0.9125251276096725
600 0.9125251276096725
601 0.9125251276096725
602 0.9125251276096725
603 0.9125251276096725
604 0.9125251276096725
605 0.9125251276096725
606 0.9125251276096725
607 0.9125251276096725
608 0.9125251276096725
