000 0.1301298810029999
001 0.15776551573937136
002 0.15776551573937136
003 0.18852387039789845
004 0.24857591875605795
005 0.2972663089827889
006 0.35333831597675336
007 0.38039484261591905
008 0.4468731079596857
009 0.5156715844419578
010 0.5368561881238804
011 0.5492682276616557
012 0.6038357007985823
013 0.666191322805335
014 0.6673992572998515
015 0.7073808674140831
016 0.7287639543728726
017 0.7301655681037754
018 0.7551332967770877
019 0.761344284456973
020 0.7870817525784891
021 0.7870817525784891
022 0.7973157127786435
023 0.80728417506795
024 0.8213569852824152
025 0.8264755648899215
026 0.8364012325280218
027 0.8386040650754755
028 0.8398568707302316
029 0.8409039187905709
030 0.8418868796878441
031 0.8418868796878441
032 0.8426951844551102
033 0.8434492200208644
034 0.8434492200208644
035 0.8439937239710447
036 0.8446000495061536
037 0.8451365055181372
038 0.8451366983830433
039 0.8462380339684954
040 0.8466430265488033
041 0.8474232184351843
042 0.8483576067892844
043 0.8483576067892844
044 0.8483576067892844
045 0.8503019809830501
046 0.8504602310811118
047 0.8504602310811118
048 0.8504602310811118
049 0.8504602310811118
050 0.8507493565636991
051 0.8507493565636991
052 0.8528653419830432
053 0.8528653419830432
054 0.8531551374382879
055 0.8531551374382879
056 0.8532019319510165
057 0.8532019319510165
058 0.8532019319510165
059 0.8532019319510165
060 0.8532019319510165
061 0.8532019319510165
062 0.8590479054892529
063 0.8605195142221745
064 0.8629597280737807
065 0.8654251596598523
066 0.8681523912902344
067 0.8693783395036876
068 0.8703609173719331
069 0.8710683158984698
070 0.8722879033249018
071 0.8733021971812459
072 0.8734587617525943
073 0.8735285283296111
074 0.8735285283296111
075 0.8735285283296111
076 0.8735285283296111
077 0.8735285283296111
078 0.8735285283296111
079 0.8735285283296111
080 0.8736386827459651
081 0.8767708166261475
082 0.8768802007843011
083 0.8782905521658725
084 0.8794593917969293
085 0.8813239120690902
086 0.8823192419911743
087 0.8835266183102388
088 0.8843731143490814
089 0.8854341223516445
090 0.8862012051385513
091 0.8866401872234647
092 0.887203968829545
093 0.8873466869983431
094 0.8876221969701986
095 0.8876601720091939
096 0.8876627564463377
097 0.8876627564463377
098 0.8876627564463377
099 0.8880680848341596
100 0.8880680848341596
101 0.8890797556757323
102 0.8900352310115185
103 0.8910331304645465
104 0.8913310509928501
105 0.892137452283484
106 0.8929435523929958
107 0.893389675601126
108 0.8941918774076624
109 0.8943125595597783
110 0.8944985241102364
111 0.8945933138455349
112 0.894660980790885
113 0.8946850360052847
114 0.8946854114329267
115 0.894815417197468
116 0.8948964740092854
117 0.8949084733388579
118 0.8957953276640288
119 0.896382213971898
120 0.8971417200846454
121 0.8982766001772252
122 0.8991366724287562
123 0.899635215522392
124 0.8999248820369647
125 0.9005197236313092
126 0.9007225480275961
127 0.9008873549917543
128 0.9010480511522102
129 0.9011091769346975
130 0.901251477486459
131 0.9013390571908128
132 0.9015541485294075
133 0.9016214551052079
134 0.9016310672566833
135 0.9022058990239143
136 0.9026895194354055
137 0.9039373209681174
138 0.9042516392963819
139 0.9052069731231683
140 0.9053144121876543
141 0.9060828492972648
142 0.9060828492972648
143 0.906253324595658
144 0.9063728298437262
145 0.9064198332702855
146 0.9065224861047477
147 0.9065767513427896
148 0.9067200003946179
149 0.9069962303873406
150 0.9073764101399338
151 0.9075570967410155
152 0.9079838891623447
153 0.908373301635805
154 0.9087375426551265
155 0.9089584417136534
156 0.9095538433246501
157 0.9096677781619962
158 0.9099229675930908
159 0.910129110169644
160 0.9106528448224592
161 0.910725630990191
162 0.9109192509492122
163 0.9109389910481355
164 0.911114014575217
165 0.9111684837804217
166 0.9112842144494533
167 0.9113736732294255
168 0.9116699862738491
169 0.9119322257237912
170 0.9119555475407867
171 0.9121728622284472
172 0.9121892184722497
173 0.9123845182581886
174 0.9124882427592294
175 0.9126052768923539
176 0.9129233366364186
177 0.9129233366364186
178 0.9130953377094716
179 0.9131846034012422
180 0.9133773953343544
181 0.9134838361007963
182 0.9135548426566489
183 0.9136237822884842
184 0.9137830038954615
185 0.9137830038954615
186 0.9139009601688078
187 0.9139829745067227
188 0.9140503750467681
189 0.914130058891904
190 0.9143867018488537
191 0.9143867018488537
192 0.914473934546706
193 0.9146334902257448
194 0.9146334902257448
195 0.9146603682988912
196 0.9147390861047595
197 0.9148496459565082
198 0.9149256272570138
199 0.9149576281471701
200 0.915050483154149
201 0.9150893506263851
202 0.9152073829513798
203 0.9152150981572023
204 0.9152501015007551
205 0.9153094046347285
206 0.9153094046347285
207 0.9153650389811845
208 0.9154138268795767
209 0.9155138011657015
210 0.9155498255793679
211 0.9156291228416535
212 0.9156561826863744
213 0.9156911682926968
214 0.9157972309672765
215 0.9158185727496522
216 0.91589437881177
217 0.915998500865736
218 0.9160113587080616
219 0.916040028765418
220 0.9161427087206843
221 0.9161527481818883
222 0.9162087298371364
223 0.916245885089307
224 0.9162883382844546
225 0.9163544324542289
226 0.9163544324542289
227 0.9163716206199988
228 0.9164216096490525
229 0.9165038332511367
230 0.9165128322945127
231 0.9165829356875865
232 0.9165829356875865
233 0.9165940592129821
234 0.9166275940709209
235 0.9166440774905116
236 0.9166752085135338
237 0.9167318662957423
238 0.9167477689715916
239 0.9167841099962699
240 0.9167979146308052
241 0.9168821441284529
242 0.9169326667343182
243 0.9169326667343182
244 0.9169612027933881
245 0.9169752407706047
246 0.9170701539191063
247 0.9170714817251455
248 0.9170714817251455
249 0.9170862452830673
250 0.9171087168680391
251 0.9171359839250411
252 0.9172186929138805
253 0.9172186929138805
254 0.9172186929138805
255 0.9172186929138805
256 0.9172620005876455
257 0.9173097225609544
258 0.9173541405707881
259 0.9173541405707881
260 0.9173618350925337
261 0.9174045252576569
262 0.9174689637040608
263 0.9175171669867953
264 0.9175562805079666
265 0.9175562805079666
266 0.9175723972166268
267 0.9175723972166268
268 0.9175723972166268
269 0.91761996250132
270 0.91761996250132
271 0.9176227758076894
272 0.9176712223547653
273 0.9177111200551032
274 0.9177297605092865
275 0.9177541542947077
276 0.9177832954872268
277 0.9178291864521455
278 0.9178321728461915
279 0.9178421691400691
280 0.9178432986357584
281 0.9178710327198389
282 0.9178952787251589
283 0.9179022403333754
284 0.9179485061128243
285 0.9179485061128243
286 0.9179607669797225
287 0.9179879060520996
288 0.9179897694441423
289 0.9180229635973335
290 0.9180229635973335
291 0.918040985469517
292 0.9180892834013589
293 0.9181430545911596
294 0.9181430545911596
295 0.9181717669450965
296 0.9181717669450965
297 0.9181724044082467
298 0.9182098489559448
299 0.9182180365146143
300 0.9182180365146143
301 0.9182665901580618
302 0.9182665901580618
303 0.9182928269215455
304 0.9182928269215455
