000 0.23366054432721825
001 0.3314660972873044
002 0.3744061402409921
003 0.5496319346282905
004 0.5496319346282905
005 0.6247556943191896
006 0.645252391711763
007 0.6684206718929414
008 0.7460229282350184
009 0.7460229282350184
010 0.774394690739443
011 0.806301394280969
012 0.806301394280969
013 0.8254504173806516
014 0.8379335515106348
015 0.840755596069458
016 0.8483957143692481
017 0.8504581081824522
018 0.8537663967331405
019 0.8542256283343972
020 0.8571157875263662
021 0.8591438140242494
022 0.8627937759967117
023 0.8627937759967117
024 0.8627937759967117
025 0.8627937759967117
026 0.8636219332324525
027 0.8636219332324525
028 0.8642685135191392
029 0.8642685135191392
030 0.8642685135191392
031 0.8642685135191392
032 0.8670462488553886
033 0.8692491746850144
034 0.8711692423544004
035 0.8721285737366209
036 0.873045339965852
037 0.8744547335254547
038 0.8750654837775864
039 0.8750973762030921
040 0.87519146649239
041 0.8754947058453979
042 0.8756855456467894
043 0.8767752617979527
044 0.8772453806091646
045 0.8776349689283993
046 0.8777356983188611
047 0.8777356983188611
048 0.8788068184514997
049 0.8788068184514997
050 0.8788068184514997
051 0.8788068184514997
052 0.8788068184514997
053 0.8788068184514997
054 0.8788068184514997
055 0.880371312229585
056 0.8814715917556901
057 0.8825214317551483
058 0.8837730625780318
059 0.8840138821332564
060 0.8844739211007325
061 0.8845515007377789
062 0.8846221735372621
063 0.8847968219510292
064 0.8848422305509689
065 0.8849594617750127
066 0.8849594617750127
067 0.8849594617750127
068 0.8858583563654917
069 0.8862906705112207
070 0.887134960467463
071 0.88761546911902
072 0.887699605190364
073 0.8877829009025742
074 0.8877878328959337
075 0.8879002334688545
076 0.8879170678028365
077 0.8879940680390703
078 0.8879940680390703
079 0.8879940877472443
080 0.888286786231502
081 0.8885902864775509
082 0.8888413184278693
083 0.8890207450796481
084 0.8890207450796481
085 0.8890841288144977
086 0.8892615894269797
087 0.8892615894269797
088 0.8892708805856546
089 0.8893404793529345
090 0.8893404793529345
091 0.889408451797535
092 0.8894118752083173
093 0.8894553944466682
094 0.8894794151113306
095 0.8895143749652241
096 0.8895486501668243
097 0.8896028871184327
098 0.8896028871184327
099 0.8896028871184327
100 0.889645406283754
101 0.8896515926765012
102 0.8896762729548404
103 0.8896956214511814
104 0.8896956214511814
105 0.889704184231004
106 0.8897342972453717
107 0.8897342972453717
108 0.8897554426833314
109 0.8897789400802872
110 0.8897789400802872
111 0.889785911662641
112 0.889792500509277
113 0.8898165318439427
114 0.8898165318439427
115 0.8898165318439427
116 0.8898165318439427
117 0.8898233282294694
118 0.8898658822496852
119 0.8898658822496852
120 0.8898658822496852
121 0.8898658822496852
122 0.8898658822496852
123 0.8898778772584914
124 0.8898782769309108
125 0.8898831911660593
126 0.8898831911660593
127 0.8898834838079266
128 0.8899068052368021
129 0.8899152994405418
130 0.8899152994405418
131 0.8899152994405418
132 0.8899152994405418
133 0.8899152994405418
134 0.8899189072504453
135 0.8899312345629932
136 0.8899312345629932
137 0.8899386657063941
138 0.8899386657063941
139 0.8899467075985926
140 0.889947350122971
141 0.8899479448275623
142 0.8899495941013095
143 0.8899495941013095
144 0.8899555735289315
145 0.8899575142967739
146 0.8899625540292215
147 0.8899650450950921
148 0.8899650450950921
149 0.8899650450950921
150 0.8899650450950921
151 0.8899650450950921
152 0.8899653448342083
153 0.8899677444173325
154 0.8899735375957947
155 0.8899735375957947
156 0.8899737185326884
157 0.8899737185326884
158 0.8899737185326884
159 0.8899821502274706
160 0.8899821502274706
161 0.8899821502274706
162 0.8899821502274706
163 0.8899833965151394
164 0.8899833965151394
165 0.8899894567770535
166 0.8899894567770535
167 0.8899894567770535
168 0.8899894567770535
169 0.8899894567770535
170 0.8899910767306495
171 0.8899918484864426
172 0.889993571731219
173 0.8899951047934682
174 0.8899993215437283
175 0.8899993215437283
176 0.8899993215437283
177 0.8899993215437283
178 0.8899993215437283
179 0.890000545096528
180 0.890000545096528
181 0.890000545096528
182 0.8900006659497169
183 0.8900076165344446
184 0.8900076165344446
185 0.8900076165344446
186 0.8900076165344446
187 0.8900076165344446
188 0.8900076165344446
189 0.8900076165344446
190 0.8900095072212011
191 0.8900114246825068
192 0.8900114246825068
193 0.8900136236912419
194 0.8900136236912419
195 0.8900136236912419
196 0.8900136236912419
197 0.8900151218524465
198 0.8900151218524465
199 0.8900151218524465
200 0.890017695694378
201 0.890017695694378
202 0.8900179730812632
203 0.8900179730812632
204 0.8900187475962806
205 0.8900197017713923
206 0.8900224438480575
207 0.8900224438480575
208 0.8900224438480575
209 0.8900228139280667
210 0.8900228139280667
211 0.8900228139280667
212 0.8900228139280667
213 0.8900270434740283
214 0.8900270434740283
215 0.8900270434740283
216 0.8900270434740283
217 0.8900270434740283
218 0.8900270434740283
219 0.8900270434740283
220 0.8900270434740283
221 0.8900270434740283
222 0.8900270434740283
223 0.8900270434740283
224 0.8900270434740283
225 0.8900270434740283
226 0.8900274137013514
227 0.8900283518736314
228 0.8900283518736314
229 0.8900283518736314
230 0.8900283518736314
231 0.8900283518736314
232 0.8900283518736314
233 0.8900283518736314
234 0.8900283518736314
235 0.8900306531454811
236 0.8900306531454811
237 0.8900306531454811
238 0.8900306846531896
239 0.89003083642117
240 0.89003083642117
241 0.89003083642117
242 0.8900318407910304
243 0.8900319059843497
244 0.8900319059843497
245 0.8900319059843497
246 0.8900319059843497
247 0.8900330808303494
248 0.8900330808303494
249 0.8900330808303494
250 0.8900342136446544
251 0.8900349899437616
252 0.8900351045049841
253 0.8900351045049841
254 0.8900353682518638
255 0.8900353682518638
256 0.8900353682518638
257 0.8900353682518638
258 0.8900353682518638
259 0.8900353682518638
260 0.8900353682518638
261 0.8900353682518638
262 0.8900353682518638
263 0.8900355995697731
264 0.8900355995697731
265 0.8900369968574067
266 0.8900369968574067
267 0.8900369968574067
268 0.8900373721752813
269 0.8900378589453334
270 0.8900378589453334
271 0.8900378589453334
272 0.8900378589453334
273 0.8900378589453334
274 0.8900378589453334
275 0.8900378589453334
276 0.8900385144068205
277 0.8900385852893496
278 0.8900385852893496
279 0.8900388950269097
280 0.8900388950269097
281 0.8900389270252805
282 0.8900389270252805
283 0.8900389270252805
284 0.8900390024677302
285 0.8900392093491993
286 0.8900392093491993
287 0.8900392093491993
288 0.8900392093491993
289 0.8900399327590055
290 0.8900414724020396
291 0.8900414724020396
292 0.8900414724020396
293 0.8900414724020396
294 0.8900414724020396
295 0.8900414724020396
296 0.8900414724020396
297 0.8900414724020396
298 0.8900414724020396
299 0.8900414724020396
300 0.890041741121363
301 0.890041741121363
302 0.890041741121363
303 0.890041741121363
304 0.890041741121363
305 0.890041741121363
306 0.8900424612106987
307 0.8900424612106987
308 0.8900424612106987
309 0.8900424612106987
310 0.8900424612106987
311 0.8900427083726704
312 0.8900427083726704
313 0.8900427083726704
314 0.8900432829268143
315 0.8900433893941294
316 0.8900433893941294
317 0.8900433893941294
318 0.8900433893941294
319 0.8900433893941294
320 0.8900433893941294
321 0.8900437858258269
322 0.8900442059331068
323 0.8900442059331068
324 0.8900442059331068
325 0.8900442059331068
326 0.8900442059331068
327 0.8900442059331068
328 0.8900442059331068
329 0.8900442059331068
330 0.8900442059331068
331 0.8900442059331068
332 0.8900442059331068
333 0.8900451174345855
334 0.8900451174345855
335 0.8900451174345855
336 0.8900451174345855
337 0.8900451174345855
338 0.8900452216649787
339 0.8900452216649787
340 0.8900452216649787
341 0.8900452216649787
342 0.8900452216649787
343 0.8900452216649787
344 0.8900452216649787
345 0.8900452216649787
346 0.8900452216649787
347 0.8900452216649787
348 0.8900452216649787
349 0.8900452216649787
350 0.8900452216649787
351 0.8900453604031853
352 0.8900453604031853
353 0.8900453604031853
354 0.8900453604031853
355 0.8900453604031853
356 0.8900459860374084
357 0.8900459860374084
358 0.8900459860374084
359 0.8900459860374084
360 0.8900459860374084
361 0.8900459860374084
362 0.8900459860374084
363 0.8900459860374084
364 0.8900459860374084
365 0.8900459860374084
366 0.8900460607040642
367 0.8900460607040642
368 0.8900460607040642
369 0.8900460607040642
370 0.8900460607040642
371 0.8900460607040642
372 0.8900460607040642
373 0.8900460607040642
374 0.890046132195769
375 0.890046132195769
376 0.8900466455202517
377 0.8900466455202517
378 0.8900466455202517
379 0.8900466455202517
380 0.8900466455202517
381 0.8900466455202517
382 0.8900466455202517
383 0.8900466455202517
384 0.8900466455202517
385 0.8900470481739802
386 0.8900470481739802
387 0.8900470481739802
388 0.8900470481739802
389 0.8900470481739802
390 0.8900470481739802
391 0.8900470481739802
392 0.8900470481739802
393 0.8900470481739802
394 0.8900470481739802
395 0.8900470481739802
396 0.8900470481739802
397 0.8900470481739802
398 0.8900470481739802
399 0.8900470481739802
400 0.8900470481739802
401 0.8900472272987856
402 0.8900472272987856
403 0.8900472272987856
404 0.8900472272987856
405 0.8900472272987856
406 0.8900472272987856
407 0.8900472272987856
408 0.8900472272987856
409 0.8900472272987856
410 0.8900472493933246
411 0.8900475986393809
412 0.8900475986393809
413 0.8900475986393809
414 0.8900475986393809
415 0.8900475986393809
416 0.8900475986393809
417 0.8900475986393809
418 0.8900475986393809
419 0.8900475986393809
420 0.8900475986393809
421 0.8900475986393809
422 0.8900475986393809
423 0.8900475986393809
424 0.8900475986393809
425 0.8900475986393809
426 0.8900475986393809
427 0.8900476122209299
428 0.8900477395191164
429 0.8900477395191164
430 0.8900477395191164
431 0.8900477395191164
432 0.8900477634421176
433 0.8900484213320391
434 0.8900484213320391
435 0.8900484213320391
436 0.8900484213320391
437 0.8900484213320391
438 0.8900484213320391
439 0.8900486849695638
440 0.8900486849695638
441 0.8900486849695638
442 0.8900486849695638
443 0.8900486849695638
444 0.8900486849695638
445 0.8900486849695638
446 0.8900486849695638
447 0.8900486849695638
448 0.8900486849695638
449 0.8900486849695638
450 0.8900486849695638
451 0.8900486849695638
452 0.8900486849695638
453 0.8900486849695638
454 0.8900486849695638
455 0.8900486849695638
456 0.8900486849695638
457 0.8900486849695638
458 0.8900486849695638
459 0.8900486849695638
