000 0.11569802354606776
001 0.11604043540427686
002 0.18748956915705245
003 0.21588569121807663
004 0.2213432342152713
005 0.2878122800861628
006 0.34183722315760656
007 0.44599765721738915
008 0.5568476403240207
009 0.5687325418752482
010 0.5782666024436819
011 0.6479326617704948
012 0.6535584214191562
013 0.7020128414733812
014 0.710398591311013
015 0.7747248900344984
016 0.7747248900344984
017 0.7747248900344984
018 0.78202794645367
019 0.793667155745126
020 0.8053783537257616
021 0.8186361605780137
022 0.82053436771024
023 0.8227698222817027
024 0.8251352111241919
025 0.8251352111241919
026 0.8251352111241919
027 0.8251352111241919
028 0.8279392618045293
029 0.8279392618045293
030 0.8279392618045293
031 0.8315919050466438
032 0.8315919050466438
033 0.8315919050466438
034 0.8327565216084247
035 0.8335517480105449
036 0.8347113561944735
037 0.8347113561944735
038 0.8347113561944735
039 0.8347113561944735
040 0.8347113561944735
041 0.8347113561944735
042 0.8354943496169245
043 0.8354943496169245
044 0.8354943496169245
045 0.8360434939333438
046 0.8387144509340478
047 0.8404639900456792
048 0.8436414154234103
049 0.8448696571945297
050 0.8466011447935803
051 0.8480221482037903
052 0.8492064693468611
053 0.8500475234057588
054 0.8505009717275878
055 0.8506976150939801
056 0.8509108979585882
057 0.850960208208544
058 0.8510346538190933
059 0.8520180275391024
060 0.8520180275391024
061 0.8520646180870991
062 0.8520646180870991
063 0.8520646180870991
064 0.8541398348535567
065 0.8546233351786712
066 0.8563401455943306
067 0.857591364552021
068 0.8595423048464839
069 0.8612598951815702
070 0.862881217760316
071 0.8638570225746397
072 0.8650306903233788
073 0.8652244412512596
074 0.865851998171188
075 0.8660260519610551
076 0.8663038040653357
077 0.8663122247459761
078 0.8664355600437066
079 0.8668479607325116
080 0.8668479607325116
081 0.8668479607325116
082 0.8669722948231862
083 0.8686311856573231
084 0.8686311856573231
085 0.8687019866228793
086 0.8688019770363758
087 0.8688019770363758
088 0.8688019770363758
089 0.8688019770363758
090 0.8689838508548576
091 0.868992120398918
092 0.868992120398918
093 0.8704496827078672
094 0.8715860811024673
095 0.872519561677006
096 0.8736901126376588
097 0.8747318981855834
098 0.8756653201101348
099 0.8761781244081971
100 0.8769527723898993
101 0.8775495490077906
102 0.878305179100749
103 0.8787792131140463
104 0.8792962036645248
105 0.8796026224723952
106 0.8798396273216771
107 0.8798841920906055
108 0.8798881852828727
109 0.8799018584904237
110 0.8799018584904237
111 0.8799018584904237
112 0.8799018584904237
113 0.8809703888906153
114 0.8815935122293639
115 0.8821436074868625
116 0.8833516090719357
117 0.8842753751775914
118 0.8847213929334914
119 0.8849048045095428
120 0.8851883288838234
121 0.8851883288838234
122 0.8853034019238938
123 0.8855647360080572
124 0.8856171909172572
125 0.8860935720068528
126 0.8861991302377323
127 0.8865134728720212
128 0.8872194173732963
129 0.8874076808143141
130 0.8882735140432965
131 0.8889902390220413
132 0.889758163047789
133 0.8902808812192394
134 0.8908871817114234
135 0.8916627948273734
136 0.89201471012427
137 0.8921735484316904
138 0.8922156603223965
139 0.8922184949677234
140 0.8922283797915836
141 0.8922515633769702
142 0.8922582180513854
143 0.8922582642467509
144 0.8922597137604755
145 0.8930923186388353
146 0.8937235281056121
147 0.8949020745297345
148 0.8957557688316853
149 0.8957557688316853
150 0.896047283353096
151 0.8961231323779691
152 0.8963934158020861
153 0.8964603280548383
154 0.8966460773353045
155 0.8967095237476609
156 0.8968321335187976
157 0.8969244716595747
158 0.8976045131497992
159 0.8978703338669635
160 0.8982520781679655
161 0.8984260476204872
162 0.8988519593612322
163 0.8991314087364631
164 0.8994986823952141
165 0.8997198546825204
166 0.8999822181058852
167 0.9004103345104596
168 0.9008864012125055
169 0.9011187692683785
170 0.901132050965665
171 0.9011584480025752
172 0.9011623604684449
173 0.9011623604684449
174 0.9014049056812266
175 0.9014296389142726
176 0.9014820110420183
177 0.9019174393819417
178 0.9022954527141457
179 0.902642123596503
180 0.9033652609682933
181 0.9039210568959127
182 0.9050781010930047
183 0.9050781010930047
184 0.9055529204113356
185 0.9059686291293922
186 0.9060723824871089
187 0.906310000039994
188 0.9063509129734418
189 0.9066827444265093
190 0.906822864664108
191 0.9068762285489865
192 0.9068762285489865
193 0.9068869133995328
194 0.9071418031062841
195 0.9075013435509482
196 0.9078194210421076
197 0.9081943727030702
198 0.9085305846638322
199 0.9091186909479488
200 0.9095238313177791
201 0.9097877085516889
202 0.9100129450766005
203 0.910199443439867
204 0.9105456070164082
205 0.9105456070164082
206 0.9106548370368553
207 0.9107245750097516
208 0.9108354184323082
209 0.9109294029015078
210 0.9111828641079093
211 0.9112848206021557
212 0.9115333338176237
213 0.9117462679994377
214 0.9121467721966597
215 0.9124067847504442
216 0.9129765296080077
217 0.9131517850789993
218 0.9133336331189619
219 0.9136656808421137
220 0.914105534520414
221 0.9141103061826585
222 0.9144479731762435
223 0.9145298955198616
224 0.9146466791380163
225 0.914756711587261
226 0.9149438126109131
227 0.9150160462139699
228 0.9151928500176448
229 0.9153361757448258
230 0.9155524665152073
231 0.9156305544268627
232 0.9157490223584711
233 0.9158925034292503
234 0.9161506536102942
235 0.9162792687944677
236 0.9164447991485719
237 0.9166842964708405
238 0.9169455585619571
239 0.9171139073791895
240 0.917519852539441
241 0.9175585089933157
242 0.9178556438134956
243 0.9179943073536948
244 0.9180356427315712
245 0.9183336740417879
246 0.9186481414970142
247 0.9186963399105753
248 0.9190758623005997
249 0.9190758623005997
250 0.9192976147923909
251 0.9194836827480964
252 0.9197059418837169
253 0.9199981580444346
254 0.9202789411181436
255 0.920529736507405
256 0.9206337663034864
257 0.9208043893421389
258 0.9209839943464416
259 0.9211556211315886
260 0.9211556211315886
261 0.9213182125931739
262 0.9214931634613804
263 0.9216540595548997
264 0.9216540595548997
265 0.921804788896469
266 0.9220286590662932
267 0.9220286590662932
268 0.9221582963855092
269 0.9226571563167284
270 0.9227093964791219
271 0.9231104987926646
272 0.9231104987926646
273 0.9232680854801179
274 0.9233562525462513
275 0.9234553871320701
276 0.9236037603293158
277 0.9237667418154462
278 0.9238415663244993
279 0.9239169872410407
280 0.9241653399206575
281 0.9241925894180097
282 0.9244800988195674
283 0.9244887232308954
284 0.9247546991782889
285 0.9248353948916465
286 0.9248687168459051
287 0.9249931671235082
288 0.9250908373174888
289 0.9251343191552683
290 0.9253272355170445
291 0.9254213874921016
292 0.9254790280997262
293 0.925644873607055
294 0.9257834508150165
295 0.9259425468754968
296 0.9260106878062935
297 0.9261309030703052
298 0.9262219450797073
299 0.9262897419552719
300 0.9263642498491426
301 0.9264114186833382
302 0.9265299553891352
303 0.9265707967961412
304 0.9266626784177897
305 0.9267934164473187
306 0.9267934164473187
307 0.9269588250542865
308 0.9270618979189991
309 0.9270618979189991
310 0.9271778623306508
311 0.9273214758734357
312 0.9273214758734357
313 0.9273721781225772
314 0.9275166127136576
315 0.9275166127136576
316 0.9275822972169363
317 0.927716395613498
318 0.9278139557673749
319 0.9278922504914607
320 0.9279344853760645
321 0.9279640678448443
322 0.9280740850718563
323 0.9280963638069364
324 0.9281386868779185
325 0.9281780848262986
326 0.928246553105916
327 0.9282629397214173
328 0.9283534402977972
329 0.9284709676574223
330 0.9285253280745246
331 0.9285405779976325
332 0.9285721210637905
333 0.9287204670399497
334 0.9287498467725864
335 0.928774584990385
336 0.9288238379744992
337 0.9288591196723383
338 0.9289473002950922
339 0.928948852004374
340 0.9290401186115597
341 0.9290869032529548
342 0.9291047379843936
343 0.9291268083218371
344 0.9291786678858193
345 0.9292022654872378
346 0.9292377383230161
347 0.9292850677412641
348 0.9292983686877977
349 0.9292983686877977
350 0.9293414880477597
351 0.9294477809898172
352 0.9294596016713386
353 0.9294596016713386
354 0.9294794889608434
355 0.9295159390976672
356 0.9295426020533839
357 0.9295778068639717
358 0.9295924125901809
359 0.9296304571032481
360 0.9296581619263531
361 0.9297108590774259
362 0.9297108590774259
363 0.9297378399329004
364 0.9297899211217973
365 0.9297899211217973
366 0.9298315393913965
367 0.9298315393913965
368 0.929869198270045
369 0.929869198270045
370 0.9298868510175439
371 0.9299255303042397
372 0.9299419750247135
373 0.9299864173486058
374 0.9299877679088817
375 0.930003411908904
376 0.9300262739010431
377 0.9300939476255484
378 0.9300939476255484
379 0.9301263017253577
380 0.9301440603796763
381 0.9301486802226521
382 0.9301486802226521
383 0.9301763207986639
384 0.9301763207986639
385 0.9301845125514244
386 0.9302167106265083
387 0.9302374771838834
388 0.9302585254157548
389 0.9302803578266934
390 0.9303099951120644
391 0.9303099951120644
392 0.9303536170456649
393 0.9303749783584511
394 0.9303749783584511
395 0.9303815706833388
396 0.9304041921980295
397 0.9304329265849008
398 0.9304329265849008
399 0.9304953652063581
400 0.9304953652063581
401 0.9305275809696785
402 0.9305275809696785
403 0.9305572694894872
404 0.93056781563450
405 0.9305698165291396
406 0.9305884355630013
407 0.9306024242004127
408 0.9306126887426135
409 0.9306126887426135
410 0.9306524363289266
411 0.9306790161030354
412 0.9307071987177121
413 0.9307112542316103
414 0.930732899064497
415 0.930752577465013
416 0.9307566203169624
417 0.9307615903749459
418 0.9307653954154173
419 0.930779046432845
420 0.9308249959640236
421 0.9308249959640236
422 0.930825446236552
423 0.9308734255061653
424 0.9308734255061653
425 0.9308734255061653
426 0.9308905722439585
427 0.9308937525601811
428 0.9309055476520312
429 0.9309217561365009
430 0.9309347410429656
431 0.9309347410429656
432 0.9309469977069186
433 0.9309536699507247
434 0.9309617803605427
435 0.930972359554233
436 0.9309927034017791
437 0.9309927034017791
438 0.9310235447393291
439 0.9310260867064573
440 0.9310260867064573
441 0.9310381654373551
442 0.9310585795737877
443 0.9310769598267408
444 0.9310769598267408
445 0.9310769598267408
446 0.9310769598267408
447 0.9311047530451662
448 0.931108033263881
449 0.931108033263881
450 0.931108033263881
451 0.9311394171103599
452 0.9311394171103599
453 0.9311394171103599
454 0.9311394171103599
455 0.9311468120117108
456 0.9311493902929482
457 0.9311493902929482
458 0.9311622140170864
459 0.9311837934347165
460 0.9311837934347165
461 0.9311837934347165
462 0.9311837934347165
463 0.9312022721679977
464 0.9312022721679977
465 0.9312197104497211
466 0.9312249516496689
467 0.9312449916325687
468 0.9312449916325687
469 0.9312601358541559
470 0.9312628048588786
471 0.9312628048588786
472 0.9312652825537318
473 0.9312772087878127
474 0.9312939956009397
475 0.9312939956009397
476 0.9312941792106851
477 0.9312941792106851
478 0.9313000338138443
479 0.9313122308471172
480 0.9313122308471172
481 0.9313295684035992
482 0.9313309090024202
483 0.9313419366886367
484 0.931344701740636
485 0.9313515616583871
486 0.9313610594909101
487 0.931386056084798
488 0.931386056084798
489 0.9313917587047572
490 0.9313917587047572
491 0.9313917587047572
492 0.9313917587047572
493 0.9313954128760007
494 0.9313988327428182
495 0.9314054594004182
496 0.9314101330981545
497 0.9314177719852861
498 0.9314191358031585
499 0.9314247611437111
500 0.9314247611437111
501 0.9314263345942986
502 0.9314414594488842
503 0.9314473470579507
504 0.9314473470579507
505 0.9314488712459446
506 0.9314488712459446
507 0.9314519553934469
508 0.9314592178707936
509 0.9314592178707936
510 0.9314601958494312
511 0.931465925361669
512 0.9314680635803332
513 0.9314680635803332
514 0.9314687447677125
515 0.9314784061378821
516 0.9314784061378821
517 0.9314987931855782
518 0.9314987931855782
519 0.9315048281047872
520 0.9315128081311794
521 0.9315128081311794
522 0.9315146985126408
523 0.9315182833504141
524 0.9315182833504141
525 0.9315456078336076
526 0.9315456078336076
527 0.9315456078336076
528 0.9315511516648762
529 0.9315511516648762
530 0.9315511516648762
531 0.9315511516648762
532 0.9315555840856619
533 0.931556111482751
534 0.9315608545887973
535 0.9315702207879731
536 0.9315702207879731
537 0.9315729883901697
538 0.9315729883901697
539 0.9315867610073182
540 0.9315867610073182
541 0.9315884158956488
542 0.9315903804084946
543 0.9315903804084946
544 0.9315923255033234
545 0.9315950004576413
546 0.9315986474989398
547 0.9316028298480488
548 0.9316028298480488
549 0.9316028298480488
550 0.9316117328144333
551 0.9316117328144333
552 0.9316164413057815
553 0.9316186418169659
554 0.9316403690541858
555 0.9316403690541858
556 0.9316403690541858
557 0.9316403690541858
558 0.9316403690541858
559 0.9316431400656028
560 0.9316457964124544
561 0.9316565355275399
562 0.9316755444340541
563 0.9316755444340541
564 0.9316755444340541
565 0.9316755444340541
566 0.9316755678048907
567 0.9316755678048907
568 0.93167709770701
569 0.93167709770701
570 0.9316802626420613
571 0.931680542555515
572 0.931682048840583
573 0.9316889175888384
574 0.931690487142952
575 0.931690487142952
576 0.9316960615782474
577 0.9316960615782474
578 0.9316982611671846
579 0.9317077008141815
580 0.9317077008141815
581 0.9317077008141815
582 0.9317130679139217
583 0.9317130679139217
584 0.9317192294995236
585 0.9317192294995236
586 0.9317192294995236
587 0.9317193229780056
588 0.9317232463247027
589 0.9317291724597143
590 0.9317291724597143
591 0.9317303335601544
592 0.9317303335601544
593 0.9317325761136609
594 0.9317339905319675
595 0.9317497594613763
596 0.9317497594613763
597 0.9317497594613763
598 0.9317497594613763
599 0.931767332726642
600 0.931767332726642
601 0.931767332726642
602 0.931767332726642
603 0.9317738203786667
604 0.9317738203786667
605 0.9317738203786667
606 0.9317738203786667
607 0.9317738203786667
608 0.931788434691734
609 0.931788434691734
610 0.931788434691734
611 0.931788434691734
612 0.931788434691734
613 0.931788434691734
614 0.9317907877843804
615 0.931796676339464
616 0.931796676339464
617 0.931796676339464
618 0.9318055490564292
619 0.9318055490564292
620 0.9318055490564292
621 0.9318055490564292
622 0.9318056284681574
623 0.9318056284681574
624 0.9318123299780418
625 0.9318123299780418
626 0.9318123299780418
627 0.9318123299780418
628 0.9318123299780418
629 0.9318227096331622
630 0.9318227096331622
631 0.9318227096331622
632 0.9318227096331622
633 0.9318227096331622
634 0.9318227096331622
635 0.9318249773601591
636 0.9318249773601591
637 0.9318258980275952
638 0.9318258980275952
639 0.9318258980275952
640 0.9318275600085542
641 0.9318318574890971
642 0.9318318574890971
643 0.9318318574890971
644 0.9318340700693327
645 0.9318340700693327
646 0.9318340700693327
647 0.9318350375607024
648 0.9318391587969957
649 0.9318411409289675
650 0.9318450486005788
651 0.9318450486005788
652 0.931847150290073
653 0.931847965443098
654 0.931847965443098
655 0.931849894045446
656 0.9318503928469413
657 0.9318544222934425
658 0.9318575345101824
659 0.9318602311127653
660 0.9318602311127653
661 0.9318630285276895
662 0.9318636118157663
663 0.9318636118157663
664 0.9318724924517018
665 0.9318724924517018
666 0.9318767919544569
667 0.9318767919544569
668 0.9318767919544569
669 0.9318813943440897
670 0.9318813943440897
671 0.9318813943440897
672 0.9318813943440897
673 0.9318813943440897
674 0.9318814416916531
675 0.9318814416916531
676 0.9318814416916531
677 0.9318814416916531
678 0.9318860575650408
679 0.9318871824831999
680 0.9318871824831999
681 0.9318871824831999
682 0.9318871824831999
683 0.9318876443883022
684 0.9318886451187559
685 0.9318886451187559
686 0.9318910495332715
687 0.93189130059119
688 0.931894204882203
689 0.931894204882203
690 0.931894204882203
691 0.931894204882203
692 0.931894204882203
693 0.9318972626808258
694 0.9318972626808258
695 0.9318972626808258
696 0.9318972626808258
697 0.9318972626808258
698 0.9318996858906521
699 0.9318996858906521
700 0.9319003104869251
701 0.9319008458551498
702 0.9319016250909623
703 0.9319020245112615
704 0.9319053502064165
705 0.9319053502064165
706 0.9319053502064165
707 0.9319053502064165
708 0.9319053502064165
709 0.9319081619147679
710 0.9319098614356678
711 0.9319098614356678
712 0.9319142840969489
713 0.9319142840969489
714 0.9319142840969489
715 0.9319142840969489
716 0.9319169964711348
717 0.9319169964711348
718 0.9319169964711348
719 0.9319200467050385
720 0.9319200467050385
721 0.9319200467050385
722 0.9319200467050385
723 0.9319218114730297
724 0.9319270715861786
725 0.9319270715861786
726 0.9319270715861786
727 0.9319270715861786
728 0.9319270715861786
729 0.9319270715861786
730 0.9319270715861786
731 0.9319278154812125
732 0.9319278154812125
733 0.9319278826782574
734 0.9319285467224366
735 0.9319299063073421
736 0.9319299063073421
737 0.9319299063073421
738 0.9319303436059635
739 0.9319318452288418
740 0.9319320041880943
741 0.9319320041880943
742 0.9319320041880943
743 0.9319355463309666
744 0.9319355463309666
745 0.9319355463309666
746 0.9319355463309666
747 0.9319355463309666
748 0.931940414511161
749 0.931940414511161
750 0.931943467109562
751 0.931943467109562
752 0.931943467109562
753 0.931943467109562
754 0.931943467109562
755 0.931943467109562
756 0.9319455553941376
757 0.9319455553941376
758 0.9319455553941376
759 0.9319457766012267
760 0.9319457766012267
761 0.931946840272193
762 0.931946840272193
763 0.931946840272193
764 0.931946840272193
765 0.9319476778610154
766 0.9319476778610154
767 0.9319476778610154
768 0.931948178066127
769 0.9319511304088779
770 0.9319512534036111
771 0.931951388547648
772 0.931951388547648
773 0.931951388547648
774 0.9319527004013356
775 0.9319527004013356
776 0.93195311371719
777 0.931957613555944
778 0.931957613555944
779 0.931957613555944
780 0.931957613555944
781 0.931957613555944
782 0.931957613555944
783 0.931957613555944
784 0.9319599548633205
785 0.931960594055055
786 0.931960594055055
787 0.931960594055055
788 0.931960594055055
789 0.931960594055055
790 0.9319647396625662
791 0.9319647396625662
792 0.9319647396625662
793 0.931966207556393
794 0.9319686202328504
795 0.9319686202328504
796 0.9319686202328504
797 0.9319686202328504
798 0.9319686202328504
799 0.9319686202328504
800 0.9319686202328504
801 0.9319717216431967
802 0.9319717216431967
803 0.9319717216431967
804 0.9319717216431967
805 0.9319717216431967
806 0.9319717216431967
807 0.931971771885334
808 0.9319736260516145
809 0.9319736260516145
810 0.9319736260516145
811 0.9319736260516145
812 0.9319750548987409
813 0.9319750548987409
814 0.9319750548987409
815 0.9319750548987409
816 0.9319750548987409
817 0.9319750548987409
818 0.9319750548987409
819 0.9319756768439285
820 0.9319760520150646
821 0.9319788083196778
822 0.9319788083196778
823 0.9319788083196778
824 0.9319788083196778
825 0.9319800104233933
826 0.9319800104233933
827 0.9319800104233933
828 0.9319800104233933
829 0.9319830251310739
830 0.9319830251310739
831 0.9319830251310739
832 0.9319830251310739
833 0.9319830251310739
834 0.9319830251310739
835 0.9319830251310739
836 0.9319855602870736
837 0.9319855602870736
838 0.9319855602870736
839 0.9319855602870736
840 0.9319858467920874
841 0.9319858467920874
842 0.9319858467920874
843 0.9319862976091412
844 0.9319875009781492
845 0.9319875009781492
846 0.9319875009781492
847 0.9319875009781492
848 0.9319875009781492
849 0.9319875009781492
850 0.9319875009781492
851 0.9319875009781492
852 0.9319875009781492
853 0.9319875009781492
854 0.9319875009781492
855 0.9319875009781492
856 0.9319875009781492
857 0.9319880607005506
858 0.9319880607005506
859 0.9319884959299151
860 0.9319884959299151
861 0.9319884959299151
862 0.9319884959299151
863 0.9319911490878691
864 0.9319911490878691
865 0.9319911490878691
866 0.9319911490878691
867 0.9319911490878691
868 0.9319911490878691
869 0.9319911490878691
870 0.9319911490878691
871 0.931991660810008
872 0.931991660810008
873 0.9319925082154669
874 0.9319925082154669
875 0.9319925082154669
876 0.9319947098891083
877 0.9319947098891083
878 0.9319947098891083
879 0.9319947098891083
880 0.9319947098891083
881 0.9319947098891083
882 0.9319947098891083
883 0.9319947098891083
884 0.9319957411561843
885 0.9319959253400986
886 0.9319959253400986
887 0.9319978054235538
888 0.9319978054235538
889 0.9319978054235538
890 0.9319978054235538
891 0.9319978054235538
892 0.9319978054235538
893 0.9319978054235538
894 0.9319983037215532
895 0.9319983037215532
896 0.9319983037215532
897 0.9319985633813984
898 0.9319992930278619
899 0.9319992930278619
900 0.9319998953599831
901 0.9320016968443018
902 0.9320016968443018
903 0.9320016968443018
904 0.9320016968443018
905 0.9320016968443018
906 0.9320016968443018
907 0.9320016968443018
908 0.9320016968443018
909 0.9320016968443018
910 0.9320019918778032
911 0.9320019918778032
912 0.9320026127389561
913 0.9320044273755964
914 0.9320044273755964
915 0.9320044273755964
916 0.9320047382073555
917 0.9320047382073555
918 0.9320047382073555
919 0.9320047382073555
920 0.9320047382073555
921 0.9320047382073555
922 0.9320047382073555
923 0.932005187524263
924 0.932005187524263
925 0.932005187524263
926 0.932005187524263
927 0.9320053869210332
928 0.9320053869210332
929 0.9320053869210332
930 0.9320054044895542
931 0.9320056686959647
932 0.9320056686959647
933 0.9320056686959647
934 0.9320056686959647
935 0.9320056686959647
936 0.9320056686959647
937 0.9320068592133517
938 0.9320068592133517
939 0.9320068592133517
940 0.9320068592133517
941 0.9320068592133517
942 0.9320068592133517
943 0.9320068592133517
944 0.9320068592133517
945 0.9320071398320532
946 0.9320071398320532
947 0.9320071806362623
948 0.9320079177372577
949 0.9320079177372577
950 0.9320080389936264
951 0.9320080389936264
952 0.9320084088220549
953 0.9320084088220549
954 0.9320084088220549
955 0.9320084088220549
956 0.9320102661652458
957 0.9320102661652458
958 0.9320102661652458
959 0.9320102661652458
960 0.9320102661652458
961 0.9320102661652458
962 0.9320102661652458
963 0.9320102661652458
964 0.9320102661652458
965 0.9320108470276957
966 0.9320108470276957
967 0.9320108470276957
968 0.9320108470276957
969 0.9320108470276957
970 0.9320108470276957
971 0.9320108470276957
972 0.9320120016691946
973 0.9320120016691946
974 0.9320120016691946
975 0.9320120016691946
976 0.9320120016691946
977 0.9320126410308095
978 0.9320126410308095
979 0.9320126410308095
980 0.9320126410308095
981 0.9320126410308095
982 0.9320127867203547
983 0.9320127867203547
984 0.9320127867203547
985 0.9320127867203547
986 0.9320137486296495
987 0.9320137486296495
988 0.9320137486296495
989 0.9320150455248775
990 0.9320150455248775
991 0.9320150455248775
992 0.9320150455248775
993 0.9320150455248775
994 0.9320150455248775
995 0.9320150455248775
996 0.9320150455248775
997 0.9320150455248775
998 0.9320151162990519
999 0.9320151162990519
1000 0.9320151162990519
1001 0.932015280560466
1002 0.932015280560466
1003 0.932015280560466
1004 0.9320156618829184
1005 0.9320170902812338
1006 0.9320170902812338
1007 0.9320170902812338
1008 0.9320170902812338
1009 0.9320170902812338
1010 0.9320170902812338
1011 0.9320170902812338
1012 0.9320174855747781
1013 0.9320174855747781
1014 0.9320174855747781
1015 0.9320174855747781
1016 0.9320174855747781
1017 0.9320184493713313
1018 0.9320184493713313
1019 0.9320184493713313
1020 0.9320184493713313
1021 0.9320184493713313
1022 0.9320184493713313
1023 0.9320184493713313
1024 0.9320184493713313
1025 0.9320184493713313
1026 0.9320184493713313
1027 0.9320200783277522
1028 0.9320200783277522
1029 0.9320200783277522
1030 0.9320200783277522
1031 0.9320200783277522
1032 0.9320200783277522
1033 0.9320200783277522
1034 0.9320200783277522
1035 0.9320200783277522
1036 0.9320200783277522
1037 0.9320200783277522
1038 0.9320202976164471
1039 0.9320202976164471
1040 0.9320202976164471
1041 0.9320202976164471
1042 0.9320207618708449
1043 0.9320207618708449
1044 0.9320207618708449
1045 0.9320207618708449
1046 0.9320207618708449
1047 0.9320207618708449
1048 0.9320213755908631
1049 0.9320213755908631
1050 0.9320213755908631
1051 0.9320213755908631
1052 0.9320213755908631
1053 0.9320220497995592
1054 0.9320220497995592
1055 0.9320220497995592
1056 0.9320220497995592
1057 0.9320220497995592
1058 0.9320220497995592
1059 0.9320220497995592
1060 0.9320222519374973
1061 0.9320222519374973
1062 0.9320223154620341
1063 0.9320223154620341
1064 0.9320223154620341
1065 0.932023803859085
1066 0.932023803859085
1067 0.932023803859085
1068 0.932023803859085
1069 0.932023803859085
1070 0.932023803859085
1071 0.932023803859085
1072 0.932023803859085
1073 0.9320242759206686
1074 0.9320252697805325
1075 0.9320252697805325
1076 0.9320252697805325
1077 0.9320252697805325
1078 0.9320252697805325
1079 0.9320252697805325
1080 0.9320252697805325
1081 0.9320252697805325
1082 0.9320252697805325
1083 0.9320258993089269
1084 0.9320258993089269
1085 0.9320262694442091
1086 0.9320262694442091
1087 0.9320264011712537
1088 0.9320264011712537
1089 0.9320264011712537
1090 0.9320264011712537
1091 0.9320264011712537
1092 0.9320264011712537
1093 0.9320264011712537
1094 0.9320264011712537
1095 0.9320264011712537
1096 0.9320264011712537
1097 0.9320267322224541
1098 0.9320267322224541
1099 0.9320267322224541
1100 0.9320267322224541
1101 0.9320267322224541
1102 0.9320268275810135
1103 0.9320268275810135
1104 0.9320268275810135
1105 0.9320268275810135
1106 0.9320271287885278
1107 0.9320271287885278
1108 0.9320271287885278
1109 0.9320271287885278
1110 0.9320271287885278
1111 0.9320277447779649
1112 0.9320277447779649
1113 0.9320277447779649
1114 0.9320277447779649
1115 0.9320277447779649
1116 0.9320277447779649
1117 0.9320277447779649
1118 0.9320277447779649
1119 0.9320290018935264
1120 0.9320290018935264
1121 0.9320290018935264
1122 0.9320290018935264
1123 0.9320290018935264
1124 0.9320290018935264
1125 0.9320290018935264
1126 0.9320290018935264
1127 0.9320290018935264
1128 0.9320290018935264
1129 0.9320290018935264
1130 0.9320290018935264
1131 0.9320290018935264
1132 0.9320290018935264
1133 0.9320290018935264
1134 0.9320290018935264
1135 0.9320290018935264
1136 0.9320290018935264
1137 0.9320290018935264
1138 0.9320290018935264
1139 0.9320290018935264
