000 0.16006198311473735
001 0.26963595114302463
002 0.4221591452991983
003 0.4221591452991983
004 0.5616201632214519
005 0.6183536989387164
006 0.6322290480368848
007 0.684534286782964
008 0.7260027099405056
009 0.7586349722229309
010 0.7820842005974874
011 0.8230821589824828
012 0.829335267252536
013 0.8622585607784166
014 0.8702736535288346
015 0.8702736535288346
016 0.8756015005259163
017 0.8799150569395751
018 0.8805981595549299
019 0.8818689105114514
020 0.8824987333653622
021 0.8827149629342805
022 0.8828765164620104
023 0.8846180080810255
024 0.8846463050857473
025 0.8851771259693694
026 0.8851771259693694
027 0.8851771259693694
028 0.8851771259693694
029 0.8851771259693694
030 0.8851771259693694
031 0.8853812371794271
032 0.8853812371794271
033 0.8867579534781598
034 0.8877390655213506
035 0.8892083250914584
036 0.8907371846264672
037 0.891621879759973
038 0.8921721864066942
039 0.8921990330704629
040 0.8923168608868005
041 0.8923943835408267
042 0.8924365362725807
043 0.8925171904146257
044 0.8925409948733336
045 0.8925577675448743
046 0.8925577675448743
047 0.8938090247136941
048 0.8945015441342989
049 0.8950868950989043
050 0.8956199111835405
051 0.8961061686364863
052 0.8963580474228562
053 0.8966161903592921
054 0.8970711660282327
055 0.8973429095218279
056 0.8978096030072504
057 0.8980582514585088
058 0.8982366302038653
059 0.8982746844164762
060 0.8982746844164762
061 0.8982795088033584
062 0.8982795088033584
063 0.8982795088033584
064 0.8987307957600142
065 0.8992527922512107
066 0.8999847997764986
067 0.900313806867791
068 0.9005245916488708
069 0.9012452335755736
070 0.9012452335755736
071 0.9015826476947493
072 0.9020520656826748
073 0.9022910147988951
074 0.9023655137275728
075 0.9025595262681028
076 0.9028157195261118
077 0.9028678060534494
078 0.9029157088145404
079 0.903193676819692
080 0.9033237218005127
081 0.9035760429468963
082 0.9038528056262237
083 0.9043538652836365
084 0.9043538652836365
085 0.904799628544942
086 0.9052464264675505
087 0.9054874452766073
088 0.9058547070343176
089 0.9059425210527675
090 0.9064524433171112
091 0.9064697898428916
092 0.9068017494167172
093 0.9069387975361842
094 0.9070658565020243
095 0.907202955441798
096 0.9072315076880306
097 0.9072826175367296
098 0.907425511924803
099 0.9076026608792694
100 0.9078537269979822
101 0.9079812561935073
102 0.9080372768725719
103 0.9082856360513168
104 0.9083956467182173
105 0.9087118050266484
106 0.9089053078381126
107 0.9091805000712745
108 0.9093926494404694
109 0.9093926494404694
110 0.9095817020943407
111 0.9098145557599413
112 0.9098145557599413
113 0.9098200681868953
114 0.9099005966731144
115 0.910034873084745
116 0.9101276543393242
117 0.9102567641721644
118 0.9103867811230932
119 0.9105060077379342
120 0.9106139746570171
121 0.9107237713334486
122 0.910806710045301
123 0.9108689968600752
124 0.9109921135374464
125 0.9109921135374464
126 0.9110592133305071
127 0.9111262896904211
128 0.9112124607675203
129 0.9112210700587691
130 0.9113179048745516
131 0.9113610094232937
132 0.9113610094232937
133 0.9114138103768568
134 0.9114620563826091
135 0.9114620563826091
136 0.9115719772768001
137 0.9115719772768001
138 0.911588735866929
139 0.9116101592794117
140 0.9116429824973135
141 0.9117485478066532
142 0.9117485478066532
143 0.9117485478066532
144 0.9118213373630425
145 0.9118497802447056
146 0.9118539795169315
147 0.9118957851274916
148 0.9119010626114596
149 0.9119356825472172
150 0.911947340234111
151 0.9119587247365363
152 0.9119677563697778
153 0.9120236185378873
154 0.9120236185378873
155 0.9120236185378873
156 0.9120269644001965
157 0.9120832266992778
158 0.9120880851610462
159 0.9120880851610462
160 0.9120880851610462
161 0.9120957106835104
162 0.9121197434459503
163 0.9121197434459503
164 0.9121253126150745
165 0.912136594631515
166 0.9121713376941188
167 0.9121713376941188
168 0.9121734604312357
169 0.9121898138080183
170 0.9122045558113844
171 0.9122045558113844
172 0.9122504117918228
173 0.9122504117918228
174 0.9122504117918228
175 0.9122504117918228
176 0.9122524391220636
177 0.9122719250833862
178 0.9122719250833862
179 0.9122719250833862
180 0.9122799467952399
181 0.9122799467952399
182 0.9122957680292182
183 0.9122957680292182
184 0.9122983915660765
185 0.9123016764662797
186 0.9123146857389901
187 0.9123146857389901
188 0.9123146857389901
189 0.9123285827647104
190 0.9123285827647104
191 0.9123285827647104
192 0.912331151249711
193 0.912333821193882
194 0.9123431528707041
195 0.9123431528707041
196 0.9123462074633805
197 0.9123462074633805
198 0.9123577363556249
199 0.9123577363556249
200 0.912358791477571
201 0.912358791477571
202 0.912363230292694
203 0.9123694477478863
204 0.9123694477478863
205 0.9123715009049316
206 0.9123715009049316
207 0.9123783454579539
208 0.9123838867346971
209 0.912398307197345
210 0.912398307197345
211 0.912398307197345
212 0.912398307197345
213 0.912398307197345
214 0.912398307197345
215 0.9123999420584862
216 0.9123999420584862
217 0.9124045046614673
218 0.9124057871973617
219 0.9124079089442962
220 0.9124096424181537
221 0.9124140648150104
222 0.9124164165816983
223 0.9124164165816983
224 0.9124211717188029
225 0.9124211717188029
226 0.9124226588863606
227 0.9124226588863606
228 0.9124226588863606
229 0.9124277339918704
230 0.9124307165695655
231 0.9124340234196672
232 0.9124348815603742
233 0.9124348815603742
234 0.9124368204889476
235 0.9124368204889476
236 0.91244000404761
237 0.9124441320327149
238 0.9124441320327149
239 0.9124441320327149
240 0.9124441320327149
241 0.91244610986156
242 0.9124514885776157
243 0.9124514885776157
244 0.9124531052737576
245 0.9124531052737576
246 0.9124551702552487
247 0.9124551702552487
248 0.9124594082553442
249 0.9124594082553442
250 0.9124594082553442
251 0.9124596655666422
252 0.9124627403492458
253 0.912462993555564
254 0.912462993555564
255 0.912462993555564
256 0.9124658586844423
257 0.9124687551308267
258 0.9124687551308267
259 0.9124687551308267
260 0.9124687551308267
261 0.9124697898827173
262 0.9124697898827173
263 0.9124697898827173
264 0.9124722530120768
265 0.9124727728887431
266 0.9124727728887431
267 0.9124747862242603
268 0.9124773547411327
269 0.9124791454507203
270 0.9124795441385868
271 0.912480378667249
272 0.912480378667249
273 0.9124818932411274
274 0.9124845709395035
275 0.9124847444484536
276 0.9124847444484536
277 0.9124859476309698
278 0.9124876490416002
279 0.9124876490416002
280 0.9124876490416002
281 0.9124876490416002
282 0.9124879277587473
283 0.9124879277587473
284 0.9124879958349913
285 0.9124899502892756
286 0.9124899502892756
287 0.9124899502892756
288 0.9124908705510497
289 0.9124908705510497
290 0.9124926331033832
291 0.9124926331033832
292 0.9124966796104987
293 0.9124966796104987
294 0.9124966796104987
295 0.9124966796104987
296 0.9124966796104987
297 0.9124966796104987
298 0.9124966796104987
299 0.9124969286690788
300 0.9125002334763289
301 0.9125002334763289
302 0.9125002334763289
303 0.9125002334763289
304 0.9125002334763289
305 0.9125002334763289
306 0.9125002334763289
307 0.9125002334763289
308 0.9125008942198118
309 0.9125027768810982
310 0.912503762984973
311 0.912503762984973
312 0.912503762984973
313 0.912503762984973
314 0.912503762984973
315 0.912503762984973
316 0.912503762984973
317 0.912503762984973
318 0.912503762984973
319 0.9125049288807063
320 0.9125053754308292
321 0.9125053754308292
322 0.9125053754308292
323 0.9125053754308292
324 0.9125088460339108
325 0.9125088460339108
326 0.9125088460339108
327 0.9125088460339108
328 0.9125088460339108
329 0.9125088460339108
330 0.9125088460339108
331 0.9125088460339108
332 0.9125088460339108
333 0.9125088460339108
334 0.9125088460339108
335 0.9125097125563004
336 0.9125097142109876
337 0.9125097142109876
338 0.9125099475006568
339 0.9125099475006568
340 0.9125121876168845
341 0.9125121876168845
342 0.9125130033806119
343 0.9125130033806119
344 0.9125130033806119
345 0.9125130033806119
346 0.9125130033806119
347 0.9125130033806119
348 0.9125130033806119
349 0.9125130033806119
350 0.9125132246671377
351 0.9125132246671377
352 0.9125132246671377
353 0.9125132246671377
354 0.9125132246671377
355 0.9125155345216942
356 0.9125155345216942
357 0.9125155345216942
358 0.9125155345216942
359 0.9125155345216942
360 0.9125155345216942
361 0.9125155345216942
362 0.9125155345216942
363 0.9125155345216942
364 0.9125155345216942
365 0.9125155345216942
366 0.9125155345216942
367 0.9125155345216942
368 0.9125155345216942
369 0.9125155345216942
370 0.9125155345216942
371 0.9125155345216942
372 0.9125161160649945
373 0.9125163216237461
374 0.9125167724815105
375 0.9125167724815105
376 0.9125167724815105
377 0.9125167724815105
378 0.9125168536343524
379 0.9125168536343524
380 0.9125168536343524
381 0.9125168536343524
382 0.9125168841347305
383 0.9125172041047517
384 0.9125172041047517
385 0.9125172041047517
386 0.9125176426547438
387 0.9125176426547438
388 0.9125176612579248
389 0.9125176612579248
390 0.9125176612579248
391 0.9125176612579248
392 0.9125182021263758
393 0.9125182021263758
394 0.9125182021263758
395 0.9125182021263758
396 0.9125182021263758
397 0.9125182021263758
398 0.9125182021263758
399 0.9125184579182479
400 0.9125184579182479
401 0.9125184579182479
402 0.9125184579182479
403 0.9125185290125122
404 0.9125187076938237
405 0.9125187076938237
406 0.9125193579178997
407 0.9125193579178997
408 0.9125195753255058
409 0.9125195753255058
410 0.9125195753255058
411 0.9125195753255058
412 0.9125195753255058
413 0.9125195753255058
414 0.9125195753255058
415 0.9125195753255058
416 0.9125195753255058
417 0.9125195753255058
418 0.9125195753255058
419 0.9125195753255058
420 0.9125195868357845
421 0.9125199536011996
422 0.9125199536011996
423 0.9125199536011996
424 0.9125199536011996
425 0.9125199536011996
426 0.9125199536011996
427 0.9125199536011996
428 0.9125199536011996
429 0.9125199536011996
430 0.9125199536011996
431 0.9125199536011996
432 0.9125199536011996
433 0.9125199536011996
434 0.9125199536011996
435 0.9125199536011996
436 0.9125201537605647
437 0.912520221679596
438 0.912520221679596
439 0.912520221679596
440 0.912520221679596
441 0.9125203399749605
442 0.9125203399749605
443 0.9125203973999109
444 0.9125203973999109
445 0.9125203973999109
446 0.9125203973999109
447 0.9125203973999109
448 0.9125203973999109
449 0.9125205635999527
450 0.9125205635999527
451 0.9125205635999527
452 0.9125205635999527
453 0.912520565489896
454 0.9125208783810501
455 0.9125208783810501
456 0.9125208783810501
457 0.9125208783810501
458 0.9125208783810501
459 0.9125208783810501
460 0.9125208783810501
461 0.9125208783810501
462 0.9125208783810501
463 0.9125209950317618
464 0.9125209950317618
465 0.9125209950317618
466 0.912521209882923
467 0.912521209882923
468 0.912521209882923
469 0.912521209882923
470 0.912521209882923
471 0.912521209882923
472 0.912521209882923
473 0.912521209882923
474 0.912521209882923
475 0.912521209882923
476 0.912521209882923
477 0.912521209882923
478 0.912521209882923
479 0.9125212203496411
480 0.9125212243078471
481 0.9125213588100423
482 0.9125214915521305
483 0.9125215400458639
484 0.9125215400458639
485 0.9125218334189983
486 0.9125218334189983
487 0.9125218334189983
488 0.9125218334189983
489 0.9125218334189983
490 0.9125218334189983
491 0.9125219699754765
492 0.9125219699754765
493 0.9125219699754765
494 0.9125219699754765
495 0.9125219699754765
496 0.9125220715695107
497 0.9125221056600406
498 0.9125224455742457
499 0.9125224455742457
500 0.9125224455742457
501 0.9125224455742457
502 0.9125224455742457
503 0.9125224455742457
504 0.9125224455742457
505 0.9125224455742457
506 0.9125224455742457
507 0.9125224455742457
508 0.9125224455742457
509 0.9125225089866467
510 0.9125225089866467
511 0.9125225089866467
512 0.9125225236148687
513 0.9125225236148687
514 0.9125225236148687
515 0.9125226885815131
516 0.9125226885815131
517 0.9125226885815131
518 0.9125226885815131
519 0.9125226917587931
520 0.9125229426615428
521 0.9125229426615428
522 0.9125229426615428
523 0.9125229426615428
524 0.9125229426615428
525 0.9125229426615428
526 0.9125229426615428
527 0.9125229426615428
528 0.9125230502008997
529 0.9125230502008997
530 0.9125230502008997
531 0.9125232999042787
532 0.9125232999042787
533 0.9125232999042787
534 0.9125232999042787
535 0.9125232999042787
536 0.9125232999042787
537 0.9125232999042787
538 0.9125237416212949
539 0.9125237416212949
540 0.9125237416212949
541 0.9125237416212949
542 0.9125237416212949
543 0.9125237416212949
544 0.9125237416212949
545 0.9125237416212949
546 0.9125237416212949
547 0.9125237416212949
548 0.9125237416212949
549 0.9125237416212949
550 0.9125237416212949
551 0.9125239204992003
552 0.9125239204992003
553 0.9125239204992003
554 0.9125239204992003
555 0.9125239204992003
556 0.9125239204992003
557 0.9125240133559103
558 0.9125240133559103
559 0.9125240133559103
560 0.9125240133559103
561 0.9125240133559103
562 0.9125240133559103
563 0.9125240133559103
564 0.9125240133559103
565 0.9125240133559103
566 0.9125240133559103
567 0.9125240394164645
568 0.9125240394164645
569 0.9125240394164645
570 0.9125240394164645
571 0.9125241711912363
572 0.9125241711912363
573 0.9125241711912363
574 0.9125241711912363
575 0.9125241711912363
576 0.9125241711912363
577 0.9125241711912363
578 0.9125241711912363
579 0.9125241711912363
580 0.9125241719539483
581 0.9125241719539483
582 0.9125242408107487
583 0.9125242408107487
584 0.9125242408107487
585 0.9125242408107487
586 0.9125242408107487
587 0.9125242408107487
588 0.9125243660862472
589 0.9125243660862472
590 0.9125243660862472
591 0.9125243660862472
592 0.9125243660862472
593 0.9125243660862472
594 0.9125243660862472
595 0.9125243660862472
596 0.9125245215063553
597 0.9125245215063553
598 0.9125245215063553
599 0.9125245215063553
600 0.9125245215063553
601 0.9125245215063553
602 0.9125245215063553
603 0.9125245215063553
604 0.9125245215063553
605 0.9125245215063553
606 0.9125245215063553
607 0.9125245215063553
608 0.9125245215063553
609 0.9125245215063553
610 0.9125245215063553
611 0.9125245215063553
612 0.9125245215063553
613 0.9125246490556309
614 0.9125246490556309
615 0.9125246490556309
616 0.9125246490556309
617 0.9125246490556309
618 0.9125246490556309
619 0.9125246490556309
620 0.9125246490556309
621 0.9125246490556309
622 0.9125246490556309
623 0.9125246599515943
624 0.9125246599515943
625 0.9125246599515943
626 0.9125246599515943
627 0.912524812191737
628 0.912524812191737
629 0.912524812191737
630 0.912524812191737
631 0.912524812191737
632 0.912524812191737
633 0.912524812191737
634 0.9125249396519199
635 0.9125249396519199
636 0.9125249396519199
637 0.9125249396519199
638 0.9125249396519199
639 0.9125249396519199
640 0.9125249396519199
641 0.9125249396519199
642 0.9125249396519199
643 0.9125249396519199
644 0.9125249396519199
645 0.9125249396519199
646 0.9125249396519199
647 0.9125249396519199
648 0.9125249396519199
649 0.9125249396519199
650 0.9125249396519199
651 0.9125249396519199
652 0.9125249396519199
653 0.9125250197819946
654 0.9125250197819946
655 0.9125250197819946
656 0.9125250197819946
657 0.9125250197819946
658 0.9125250197819946
659 0.9125250197819946
660 0.9125252938183158
661 0.9125252938183158
662 0.9125252938183158
663 0.9125252938183158
664 0.9125252938183158
665 0.9125252938183158
666 0.9125252938183158
667 0.9125252938183158
668 0.9125252938183158
669 0.9125252938183158
670 0.9125252938183158
671 0.9125252969859127
672 0.9125252969859127
673 0.9125252969859127
674 0.9125252969859127
675 0.9125252969859127
676 0.9125252969859127
677 0.9125252969859127
678 0.9125252969859127
679 0.9125252969859127
680 0.9125252969859127
681 0.9125252969859127
682 0.9125252969859127
683 0.9125252969859127
684 0.9125252969859127
685 0.9125252969859127
686 0.9125252969859127
687 0.9125252969859127
688 0.9125252969859127
689 0.9125252969859127
690 0.9125252969859127
691 0.9125252969859127
