000 0.29634721597125
001 0.4086019154026474
002 0.6274071717682426
003 0.6341486519676919
004 0.7170807130380132
005 0.7224590215738868
006 0.7391089340653239
007 0.7756433737432559
008 0.7756433737432559
009 0.79125986077704
010 0.7967737301148756
011 0.80420777862028
012 0.8144402462135893
013 0.8173324900102586
014 0.837819547912288
015 0.837819547912288
016 0.8513364539430255
017 0.8513364539430255
018 0.8576485741479758
019 0.8588307249231427
020 0.8601707848166893
021 0.8601707848166893
022 0.8604281176198308
023 0.8604281176198308
024 0.8604281176198308
025 0.8604281176198308
026 0.8604281176198308
027 0.860480310645858
028 0.860480310645858
029 0.8609710225996604
030 0.8660149014851851
031 0.8691517070067781
032 0.8703803439227468
033 0.8709832970693836
034 0.8719309148269643
035 0.8722735783478957
036 0.8729743941914638
037 0.8735297812025417
038 0.8739232637774212
039 0.8739684453277744
040 0.8739843513398855
041 0.8739910382448416
042 0.8739915773251763
043 0.8739915773251763
044 0.874335157903004
045 0.874335157903004
046 0.8762609914324926
047 0.876829648739826
048 0.8775691057178079
049 0.8778964700175268
050 0.8784048441018182
051 0.8786292804165206
052 0.8786889183242059
053 0.8788084193807867
054 0.8789165414704486
055 0.8789326858767958
056 0.8789326858767958
057 0.8789384634325522
058 0.8789606849353927
059 0.8806174982559197
060 0.880705023863823
061 0.8808618698092964
062 0.8808924244972469
063 0.880992964618376
064 0.8810152632622338
065 0.881148454122338
066 0.8811607881330709
067 0.8811966907625907
068 0.881296186426103
069 0.8816625334489404
070 0.8819178368718845
071 0.8821039013017238
072 0.8823311183835809
073 0.8823642235655323
074 0.8824114093070128
075 0.8824605118598354
076 0.8824663746423977
077 0.8825268328457886
078 0.882550761389782
079 0.8825746256407436
080 0.8825825209392965
081 0.882584694371344
082 0.8825959937204209
083 0.8826003693946605
084 0.8826003693946605
085 0.8826182307322956
086 0.8826182307322956
087 0.8826182307322956
088 0.8826227383054766
089 0.8826227383054766
090 0.8826360638017761
091 0.8826360638017761
092 0.8826419696868908
093 0.8826430151021747
094 0.8826462055174006
095 0.8826462055174006
096 0.882646552327305
097 0.882646552327305
098 0.8826479902484539
099 0.8826500174064964
100 0.8826500174064964
101 0.8826504223173829
102 0.8826511382085401
103 0.8826530868534633
104 0.8826552363635148
105 0.8826552363635148
106 0.8826563428389466
107 0.8826563428389466
108 0.8826572178259425
109 0.8826576176625845
110 0.8826661874775131
111 0.8826661874775131
112 0.8826661874775131
113 0.8826661874775131
114 0.8826661874775131
115 0.8826661874775131
116 0.8826661874775131
117 0.8826661874775131
118 0.8826661874775131
119 0.8826661874775131
120 0.8826661874775131
121 0.8826661874775131
122 0.8826661874775131
123 0.8826661874775131
124 0.8826661874775131
125 0.8826661874775131
126 0.8826661874775131
127 0.8826679102739836
128 0.8826679102739836
129 0.8826679102739836
130 0.8826688109511396
131 0.8826688109511396
132 0.8826688109511396
133 0.8826688109511396
134 0.8826688109511396
135 0.8826703199134956
136 0.8826703199134956
137 0.8826703199134956
138 0.8826703199134956
139 0.8826703199134956
140 0.8826723445549244
141 0.8826723445549244
142 0.8826723445549244
143 0.8826723445549244
144 0.8826723445549244
145 0.8826729831844993
146 0.8826729831844993
147 0.8826729831844993
148 0.8826731854289454
149 0.8826731854289454
150 0.8826734152255328
151 0.8826734152255328
152 0.8826734152255328
153 0.8826742748031052
154 0.8826742748031052
155 0.8826742748031052
156 0.8826742748031052
157 0.8826742748031052
158 0.8826742748031052
159 0.8826742748031052
160 0.8826742902553715
161 0.8826742902553715
162 0.8826742902553715
163 0.8826742902553715
164 0.882675027049326
165 0.882675027049326
166 0.8826753091046589
167 0.8826753091046589
168 0.8826753091046589
169 0.8826753091046589
170 0.8826753091046589
171 0.8826755665778608
172 0.8826755665778608
173 0.8826755665778608
174 0.8826755665778608
175 0.8826756278017414
176 0.8826756278017414
177 0.8826756278017414
178 0.8826764674147431
179 0.8826764674147431
180 0.8826764674147431
181 0.8826764674147431
182 0.8826764674147431
183 0.8826766787193869
184 0.8826766787193869
185 0.8826766787193869
186 0.8826766787193869
187 0.8826766787193869
188 0.8826766787193869
189 0.8826766787193869
190 0.8826771250080697
191 0.8826771250080697
192 0.8826771250080697
193 0.8826771250080697
194 0.8826771250080697
195 0.8826771250080697
196 0.8826771250080697
197 0.8826771250080697
198 0.8826771250080697
199 0.8826771250080697
200 0.8826771250080697
201 0.8826771379665794
202 0.8826771379665794
203 0.8826772133354884
204 0.8826772913161873
205 0.8826772913161873
206 0.8826772913161873
207 0.8826774106626728
208 0.8826774106626728
209 0.8826774106626728
210 0.8826774106626728
211 0.8826774106626728
212 0.8826774106626728
213 0.8826774106626728
214 0.8826774106626728
215 0.8826777390953177
216 0.8826777390953177
217 0.8826777390953177
218 0.8826777390953177
219 0.8826777390953177
220 0.8826777390953177
221 0.8826777390953177
222 0.8826777390953177
223 0.8826777390953177
224 0.8826777390953177
225 0.8826778517251029
226 0.8826778517251029
227 0.8826786240291501
228 0.8826786240291501
229 0.8826786240291501
230 0.8826786240291501
231 0.8826786240291501
232 0.8826786240291501
233 0.8826786240291501
234 0.8826786240291501
235 0.8826786240291501
236 0.8826786240291501
237 0.8826786240291501
238 0.8826786240291501
239 0.8826786240291501
240 0.8826786240291501
241 0.8826786240291501
242 0.8826786240291501
243 0.8826786240291501
244 0.8826786240291501
245 0.8826786240291501
246 0.8826786240291501
247 0.8826786240291501
