000 0.06421495859129708
001 0.10519810308392526
002 0.14442164309685213
003 0.14863280459800107
004 0.16994443830875233
005 0.19921344916542197
006 0.3024249692849869
007 0.33887006346817405
008 0.33887006346817405
009 0.39951377934587795
010 0.4286652866099569
011 0.4535280933497361
012 0.4756855138471857
013 0.5126294529835244
014 0.5301193129819709
015 0.5301193129819709
016 0.5469880808262683
017 0.5598424179851591
018 0.575980554175753
019 0.5997556109368639
020 0.6139196700021561
021 0.616270920995217
022 0.627929160654302
023 0.6347385208935118
024 0.6436846780543927
025 0.6451079986625283
026 0.6451079986625283
027 0.6451079986625283
028 0.6454734153670802
029 0.6457733045672829
030 0.6457733045672829
031 0.6458572359768446
032 0.6458572359768446
033 0.6458572359768446
034 0.6458572359768446
035 0.649256550706774
036 0.6500623903307283
037 0.6526347606862944
038 0.6555257534933968
039 0.657555646019985
040 0.6595075293490235
041 0.6619434560704077
042 0.6630058592543366
043 0.6637356162819043
044 0.6653405721996893
045 0.6654772591107707
046 0.6662373003488872
047 0.6664654613035628
048 0.6669793608196138
049 0.6671094854983849
050 0.6672669489288756
051 0.667503245763713
052 0.6683077696386638
053 0.6683899026366549
054 0.6687704571806563
055 0.6694438756905093
056 0.6694438756905093
057 0.6707179643210047
058 0.6707179643210047
059 0.6707179643210047
060 0.6707179643210047
061 0.6740495842448337
062 0.6740495842448337
063 0.6740495842448337
064 0.6740495842448337
065 0.6740763234143656
066 0.6742208069423044
067 0.6742208069423044
068 0.6746676259127812
069 0.6748379628341838
070 0.6748643153798396
071 0.6764908123109543
072 0.6778030438841369
073 0.6792304669562488
074 0.6807328640840417
075 0.6822551924724489
076 0.682786746872108
077 0.6838514222132862
078 0.6843411287871318
079 0.6848690776951357
080 0.6857902758787262
081 0.6859995878088941
082 0.6861389326699446
083 0.6861389326699446
084 0.6861567312531096
085 0.6861567312531096
086 0.6863560450205747
087 0.6863745866116604
088 0.6863745866116604
089 0.6863745866116604
090 0.6879308969164918
091 0.6883942256053059
092 0.6894790847681508
093 0.6903562195980592
094 0.6911190924403899
095 0.6925969545942166
096 0.6937196885425557
097 0.6944156282943736
098 0.6952202747702587
099 0.6956489717241865
100 0.6958878530691301
101 0.6960963066373475
102 0.6964771117445572
103 0.6965176148001418
104 0.6965176148001418
105 0.6965176148001418
106 0.696785889758425
107 0.6970058760293496
108 0.6970058760293496
109 0.6978867494828689
110 0.6985309969623393
111 0.6993884817374928
112 0.7007842815516196
113 0.7014413580475727
114 0.7018683105537089
115 0.7020042731317161
116 0.7022292285829896
117 0.7025367662916695
118 0.7026836776022612
119 0.7028223531783163
120 0.7031909795321318
121 0.7037714249130534
122 0.7038884608809364
123 0.7041221274851092
124 0.7042317368779548
125 0.7042317368779548
126 0.7043268098046939
127 0.7043268098046939
128 0.7045995343535068
129 0.7046555376937893
130 0.7052321106602903
131 0.705714000466081
132 0.7068666261285041
133 0.7072098463774175
134 0.7084124782148697
135 0.7087126251848088
136 0.7091027378601384
137 0.7095600085896273
138 0.7098674948850933
139 0.7100174794918518
140 0.7103134136262702
141 0.7105066968219608
142 0.7105428330263066
143 0.7105573408620106
144 0.7105573624326869
145 0.7106384831373043
146 0.7106530920859024
147 0.7111136801441936
148 0.7116301997171234
149 0.7122367582730085
150 0.7127869310109824
151 0.7131193225980335
152 0.7135519387359736
153 0.7140010812296588
154 0.7147053288627639
155 0.7150482713720088
156 0.7154448025651223
157 0.7157544174454696
158 0.7160657125724851
159 0.7164279869455505
160 0.716480101538435
161 0.7166248621506657
162 0.716741057345425
163 0.7169449679015099
164 0.7169449679015099
165 0.7170209131912865
166 0.7170983173704366
167 0.7175516427052786
168 0.7181141138602403
169 0.7183668559592453
170 0.7187273450495661
171 0.7193911502748821
172 0.7200380997527225
173 0.720232391720223
174 0.7208882109299493
175 0.721094345193865
176 0.7216275114678787
177 0.7222400272066376
178 0.7223971919395011
179 0.7226256794181357
180 0.7229595829827127
181 0.7231364950341576
182 0.7231963739026935
183 0.7232625162013898
184 0.7232658075049805
185 0.7232688380887161
186 0.7232688380887161
187 0.7239217166067924
188 0.7246035592574669
189 0.7253840737284188
190 0.7258149780828865
191 0.7271354423374133
192 0.7283606079965889
193 0.7287306803462571
194 0.7288065320364714
195 0.7295518485366762
196 0.7297983156381266
197 0.7305332625781018
198 0.7309521098731182
199 0.7311121128634626
200 0.7311965918686789
201 0.7311971864610619
202 0.7315881270378445
203 0.7316513522528632
204 0.7317854455214681
205 0.7317926627126261
206 0.7320451615388813
207 0.7328733984003818
208 0.7333403192676269
209 0.7342019661960587
210 0.7350954216662418
211 0.7368459502902089
212 0.7373730800110007
213 0.7376460192824486
214 0.7384187757876568
215 0.7393249081580532
216 0.7398460413226722
217 0.740431597128078
218 0.7409612957679448
219 0.7416093239064295
220 0.7419452301617521
221 0.742269803869193
222 0.7423146825116613
223 0.7428525482667976
224 0.7432267969333434
225 0.7432267969333434
226 0.7433944791988522
227 0.7433944791988522
228 0.7434197555924097
229 0.7435617973846574
230 0.7436462006758198
231 0.7444632542523388
232 0.7450656655815544
233 0.7460132806158029
234 0.7469071066599905
235 0.7477898468485581
236 0.7483415043386183
237 0.749458274772201
238 0.7504839252540136
239 0.7507799308261818
240 0.75114836218998
241 0.7512640725335994
242 0.7514464669874847
243 0.7515130187549356
244 0.7515739657255334
245 0.751592730871295
246 0.7517783311023358
247 0.7517783311023358
248 0.7531956240858243
249 0.7535502591477078
250 0.7538499191693339
251 0.7541973369246378
252 0.7547985257175619
253 0.7550165793279674
254 0.7554596654070513
255 0.7556855990051372
256 0.7558696787673914
257 0.7558739735514304
258 0.755910686301038
259 0.7559130847685439
260 0.7559333361989917
261 0.7559340830472778
262 0.7568985170714021
263 0.7573126891376906
264 0.757730029453424
265 0.7580691866442727
266 0.758319802096789
267 0.7585744891490479
268 0.758697630470451
269 0.7588915543789306
270 0.7590469999321765
271 0.7591318178334664
272 0.759186325097602
273 0.759228202103422
274 0.7603399692152985
275 0.7605496649102623
276 0.7607260691222902
277 0.7609888354671613
278 0.7609888354671613
279 0.7611049480257311
280 0.7611419328703137
281 0.7619019188503998
282 0.7622372789558745
283 0.7622925931444826
284 0.7623610250080828
285 0.7626859983494692
286 0.7630850395798949
287 0.7633452474302681
288 0.7638123555201162
289 0.7647931458690037
290 0.7647931458690037
291 0.7650347521870927
292 0.7652901582041711
293 0.765486895619955
294 0.7655837617999363
295 0.7656537722743636
296 0.7656985558702818
297 0.7657152262469387
298 0.7657152262469387
299 0.7670743503279799
300 0.7673613885252574
301 0.7676655823945091
302 0.7677095959995356
303 0.7680385314373981
304 0.7680618877338591
305 0.7681215637243314
306 0.7681936352257734
307 0.7682478931107035
308 0.7683598879643706
309 0.7689311805427244
310 0.7695219922228339
311 0.770163825670637
312 0.770493208987035
313 0.7711311107690701
314 0.7716396955536371
315 0.7719168816679026
316 0.772125556061549
317 0.7723126638609116
318 0.7725195313706157
319 0.7728500532864465
320 0.7729024972662533
321 0.7729601447399841
322 0.7730543545980395
323 0.7730543545980395
324 0.7738039533411036
325 0.7738039533411036
326 0.7740057275665806
327 0.7743496398042556
328 0.7746262913224826
329 0.7749154179415633
330 0.7753102196177101
331 0.7757300480975594
332 0.7759876984307598
333 0.7760744590346305
334 0.7763094206405228
335 0.7764968327241241
336 0.7768065004214102
337 0.7768240023563847
338 0.7769046446291074
339 0.7770391464680374
340 0.7770808685630176
341 0.7773989299183494
342 0.7775717779276692
343 0.7777830443297035
344 0.7780411134041308
345 0.778285729539489
346 0.7786980480844615
347 0.7790697540369464
348 0.7792153843449346
349 0.7794741862651486
350 0.7796210287105877
351 0.7798576637097853
352 0.780004176638831
353 0.7802812780422078
354 0.7804109611871994
355 0.7805466764955133
356 0.7807705851598556
357 0.7809986320612203
358 0.781144206407409
359 0.7815006279152769
360 0.7817689036790844
361 0.7819367480966568
362 0.782085155117175
363 0.7824859352349937
364 0.782703575964544
365 0.7827865990983455
366 0.7830424780244628
367 0.7832682637596818
368 0.7835343333118749
369 0.7836458457338469
370 0.783753379746028
371 0.7838969490782913
372 0.7841465323404817
373 0.7842540713709613
374 0.7844809485083458
375 0.7848111040608823
376 0.7849561710325781
377 0.7852120485719106
378 0.7855222066070253
379 0.7859551097063716
380 0.7863818922147622
381 0.7865393776463256
382 0.7866860431039968
383 0.7870895416034028
384 0.7873274284760222
385 0.787430174806464
386 0.7878454745109389
387 0.7880045285292754
388 0.7880159903818109
389 0.7881190477125019
390 0.7882693957509139
391 0.7883892529453405
392 0.7887609417657253
393 0.7889202448805122
394 0.7892916402061374
395 0.7893592953102957
396 0.7898106480752398
397 0.789878351522095
398 0.7901311996992968
399 0.790321671324413
400 0.7906676114769357
401 0.7907489361189113
402 0.7910394888074181
403 0.791246996439492
404 0.7914956130251521
405 0.791896276952443
406 0.7919810566474753
407 0.7920744237515285
408 0.7924368871849229
409 0.7925462691866714
410 0.7926962821703003
411 0.7929979529195146
412 0.793124265896397
413 0.7931730007685404
414 0.7934310746852345
415 0.7936794672771662
416 0.7939673971904401
417 0.7941601953192488
418 0.7944364371566303
419 0.7947353928464684
420 0.7952834462770108
421 0.7958043648191104
422 0.7963553380048813
423 0.7963553380048813
424 0.7964836492658336
425 0.796839123728004
426 0.7970264037740803
427 0.7970539625919025
428 0.7974647278310797
429 0.7974647278310797
430 0.7975693078256472
431 0.7976903617669734
432 0.7979999068354959
433 0.7982543022156725
434 0.7986831853626053
435 0.7988684014110062
436 0.7993437114834612
437 0.7996123633919353
438 0.7999084660020122
439 0.8002691821657887
440 0.8005337874422715
441 0.8008753320554017
442 0.8010805823552043
443 0.8013756439386818
444 0.8013908941431712
445 0.801406941495804
446 0.8014345932319233
447 0.8014669930605132
448 0.8014883908239637
449 0.8018966742357808
450 0.8024074689734655
451 0.8024074689734655
452 0.8025746694787244
453 0.8027952283547002
454 0.8029536627039601
455 0.8031735494794654
456 0.8037150270051947
457 0.8038687034248146
458 0.8045616236449208
459 0.8047018723658337
460 0.8053717390174318
461 0.8055564809376958
462 0.805917068117945
463 0.805991633647189
464 0.8060429546921759
465 0.8062001409987577
466 0.8063053264652063
467 0.8063806087027608
468 0.8064947706695978
469 0.8065876805577502
470 0.8067213107133597
471 0.8068398680671296
472 0.8070226958423932
473 0.8074006013225316
474 0.8078019341319658
475 0.8079171720624259
476 0.8081059810945573
477 0.808392030801702
478 0.8086668837843826
479 0.8091636160841104
480 0.8093475602080453
481 0.8094007192778777
482 0.8097086988235384
483 0.8098541695042016
484 0.8101778252158164
485 0.8103647279833612
486 0.810420054343503
487 0.8105407407259385
488 0.8106051908790356
489 0.8108814868009719
490 0.810992854782039
491 0.8111751071892757
492 0.8113111947058151
493 0.8114142908611296
494 0.8115970968912247
495 0.811839418748113
496 0.8120375784051972
497 0.8122862906674682
498 0.8126180451391779
499 0.8127230184742166
500 0.8130512705300653
501 0.8132932899216627
502 0.8136693611477994
503 0.8138317765378569
504 0.8138729947703378
505 0.814362106010119
506 0.8144673842192118
507 0.8144977105269907
508 0.8146044990526855
509 0.8147019256837162
510 0.8149308286277117
511 0.8150703426948148
512 0.8152891847173633
513 0.8153744151198121
514 0.8155773124208251
515 0.8159425762122268
516 0.8159425762122268
517 0.8162401499479527
518 0.8164208822890833
519 0.8170377269052517
520 0.8170488890756252
521 0.8172796787524244
522 0.8176332005686903
523 0.8178709183137924
524 0.8180113398715075
525 0.8184682011413192
526 0.8186153185516245
527 0.8187203039872107
528 0.8189868978335995
529 0.8191533745690275
530 0.8192615288313713
531 0.819314051015008
532 0.8195008661113533
533 0.8196781546676721
534 0.8197379352409658
535 0.8199530300053653
536 0.8201407784386128
537 0.8203422760774011
538 0.8206244504872543
539 0.8207858856129578
540 0.8210974132877603
541 0.8214255133616891
542 0.8214621638578706
543 0.8217174414348262
544 0.8219841726272048
545 0.8220995626692119
546 0.8223319401416982
547 0.8225939943810472
548 0.823137577058673
549 0.8232255440524431
550 0.8234030569160137
551 0.8236023703774497
552 0.8236787785941243
553 0.8238875445743994
554 0.8240915039508124
555 0.8243513872467092
556 0.8244154440582369
557 0.8245273751139001
558 0.8247308197979832
559 0.8248075838021602
560 0.8250051652195605
561 0.8251665077182321
562 0.8252286793878116
563 0.8253998589794296
564 0.8255324116339688
565 0.8255669414850794
566 0.8259168904918365
567 0.8260579940399986
568 0.8262923222135827
569 0.8265253488281987
570 0.8270851183134703
571 0.8271083876465835
572 0.8271961098598849
573 0.8277339953443201
574 0.8277393364306136
575 0.8279447073573946
576 0.8280308096060381
577 0.8282404629043846
578 0.8283139012865846
579 0.8286531097921268
580 0.8286902351822316
581 0.828854339529264
582 0.8289474424492417
583 0.8290580588035144
584 0.829249652466863
585 0.8293542607972092
586 0.8296493561052064
587 0.8299134232491746
588 0.8300905329627407
589 0.8306168237498164
590 0.8306168237498164
591 0.8306168237498164
592 0.830753432323982
593 0.8311825039444751
594 0.8311825039444751
595 0.831273653169936
596 0.8314120825058062
597 0.8314872520762772
598 0.8317508136217685
599 0.8320297251902491
600 0.832184068283055
601 0.832521378552565
602 0.8325610652203153
603 0.8327790261273834
604 0.832871788310741
605 0.8331043379043493
606 0.8333849400561405
607 0.8334218261890929
608 0.8337370455698128
609 0.833903838547216
610 0.8339464101064726
611 0.8341884344803734
612 0.83453383454093
613 0.8346409935421789
614 0.8349340070222253
615 0.8350378304753839
616 0.8354365807394409
617 0.8355533004222866
618 0.8356393949619502
619 0.835853207737915
620 0.8361546567724223
621 0.8364734965295632
622 0.8365951685765934
623 0.8365951685765934
624 0.8366891740225251
625 0.836868659619297
626 0.8369902537531474
627 0.8370334280340681
628 0.837207105324313
629 0.8372764279945683
630 0.8374791896706864
631 0.8375648627946627
632 0.837669518619934
633 0.837863071924018
634 0.8380994391460304
635 0.8381651862693905
636 0.8383052410038846
637 0.8384934352070319
638 0.8386589668209996
639 0.8388163880969963
640 0.8390326148697741
641 0.8391982109354688
642 0.8394378567831295
643 0.8394378567831295
644 0.8396653874926713
645 0.8398780159775074
646 0.8399991945320526
647 0.8402189493270271
648 0.8402830397659968
649 0.8405871948514382
650 0.8407808281677985
651 0.8408057142936668
652 0.8409947877621008
653 0.84136408676508
654 0.84136408676508
655 0.8415108986952612
656 0.8416438656573925
657 0.8417708952275528
658 0.8420428376178547
659 0.8420642378021439
660 0.8421950348344441
661 0.8422193438592074
662 0.8425594812350715
663 0.8426189711001727
664 0.8428107945231402
665 0.8429452198891951
666 0.8429799375291191
667 0.8430783800250164
668 0.8434348988367729
669 0.843491335480636
670 0.8434995225298649
671 0.8438085030740505
672 0.8438085030740505
673 0.8438688463157505
674 0.8440868224585961
675 0.8442052316347414
676 0.8442624969943701
677 0.8445489796421016
678 0.8446542527327603
679 0.8446661051530583
680 0.8447791851720797
681 0.8449347846004562
682 0.8451448458271469
683 0.8451549318989122
684 0.8452214381016995
685 0.8454302556186821
686 0.8454302556186821
687 0.8455583252624261
688 0.8458065954977845
689 0.8458810385139585
690 0.8459634866108952
691 0.8460882238296623
692 0.846287701916455
693 0.8463176084750452
694 0.8464500357269554
695 0.8464596696579407
696 0.8466368654042807
697 0.8467708364775548
698 0.8468159866873317
699 0.8469922625637183
700 0.8470160217053394
701 0.8471276439465417
702 0.8471815806472193
703 0.8472435517928117
704 0.8473854655719931
705 0.8474113978303686
706 0.8474879872602465
707 0.8476175311589925
708 0.8478274549555886
709 0.8478274549555886
710 0.8478274549555886
711 0.8479055033054329
712 0.8482870465545385
713 0.8482870465545385
714 0.8482870465545385
715 0.8483114338610658
716 0.8484389478125828
717 0.8486159594094954
718 0.8486353496631954
719 0.8487774138413432
720 0.8488008599324924
721 0.8489305987675242
722 0.8489305987675242
723 0.8490541610105317
724 0.8491586005735915
725 0.8492633992972092
726 0.8492876650959352
727 0.8494036389312223
728 0.8494424655075719
729 0.8496886566481404
730 0.8496886566481404
731 0.8497651329962106
732 0.8497651329962106
733 0.8498133059258856
734 0.8499625486374981
735 0.8500062474383084
736 0.8501619363728005
737 0.8502698413160527
738 0.8502997137040484
739 0.8504698005279293
740 0.8505830043471976
741 0.8507017656275868
742 0.8507017656275868
743 0.8507607521335999
744 0.8508076759778607
745 0.8509212367059484
746 0.8509386648996977
747 0.8509723744199776
748 0.8510523725051357
749 0.8511239507243104
750 0.8511432814731517
751 0.8512908078063763
752 0.851389862767092
753 0.851416450807902
754 0.8514315527890549
755 0.8515154539974692
756 0.8515714619371315
757 0.8517132686318316
758 0.8517422573379161
759 0.851853266481828
760 0.851853266481828
761 0.8519312444111834
762 0.8519884296651619
763 0.8520229406328216
764 0.852140038261901
765 0.8522312395032049
766 0.8522312395032049
767 0.8522808822048389
768 0.8523695979043038
769 0.8523695979043038
770 0.8524143242750785
771 0.8524535325478853
772 0.8525088578482685
773 0.8525595874251923
774 0.8527037781659459
775 0.8527097524358518
776 0.8527745325533874
777 0.852815391100726
778 0.8528419235674125
779 0.8529969868310987
780 0.8529969868310987
781 0.8530030964078549
782 0.8530637284830229
783 0.8531225237066092
784 0.8531288748034106
785 0.8532278506708817
786 0.853277426438688
787 0.853277426438688
788 0.8533223158544548
789 0.8533344595001046
790 0.853468376523904
791 0.853554031862223
792 0.853554031862223
793 0.8535755275651422
794 0.8536714940766967
795 0.8537337530410309
796 0.853778103115351
797 0.85385421028376
798 0.8539462688457248
799 0.8539462688457248
800 0.8540041211447971
801 0.8540455825400436
802 0.8541954010282801
803 0.8541954010282801
804 0.8542153100528938
805 0.8542188293067623
806 0.8542215844512809
807 0.854267795479733
808 0.8543261913786322
809 0.8543791397079665
810 0.8543791397079665
811 0.8544800804480353
812 0.854545887993411
813 0.8545559393438217
814 0.8546282968691861
815 0.8546282968691861
816 0.8546839353564955
817 0.8547506904173845
818 0.8547534645843345
819 0.8547595482792646
820 0.8547867743349071
821 0.8548121240499628
822 0.8548484144718387
823 0.854917396661051
824 0.854945173608625
825 0.8549906761061749
826 0.8550101235103913
827 0.8550391962615242
828 0.8550820822938604
829 0.8551763138036612
830 0.8551763138036612
831 0.855242738834899
832 0.8553201976389802
833 0.8553201976389802
834 0.855323307102202
835 0.8553578186087142
836 0.8553846100862307
837 0.8554526003662752
838 0.855468290864033
839 0.8554885278822781
840 0.8555012405534272
841 0.8556016526004749
842 0.8556184975350546
843 0.8556335153469548
844 0.8557064591340381
845 0.8557064591340381
846 0.8557436084841118
847 0.8557531453634803
848 0.8557791059776636
849 0.8558437195749236
850 0.8558895899336958
851 0.8559043609841996
852 0.8559376969986254
853 0.8560301619311707
854 0.8560301619311707
855 0.8560461496229737
856 0.8560531652560719
857 0.8561457185820742
858 0.8561457185820742
859 0.8561619622821892
860 0.8561789617672443
861 0.8561915687746036
862 0.8562553381656077
863 0.8562608393576874
864 0.856297435184868
865 0.8563149696220442
866 0.8563586517610645
867 0.8564191587075688
868 0.856437869288361
869 0.8564836189271375
870 0.8564836189271375
871 0.8565177097415275
872 0.8565177097415275
873 0.856542481588067
874 0.8565723553459555
875 0.8566500697892304
876 0.8566501036678369
877 0.8566759407151463
878 0.8567386510254347
879 0.8567424313428408
880 0.856782085560927
881 0.8567833953896247
882 0.8568047933444902
883 0.8568500557234409
884 0.8568599581011006
885 0.8568599581011006
886 0.8568801654945095
887 0.8569103260918902
888 0.856943746029213
889 0.8569665365347763
890 0.8569854733829683
891 0.8570126983785121
892 0.8570829075095685
893 0.8570829075095685
894 0.8571300964748938
895 0.857169767867525
896 0.857169767867525
897 0.8572245669641378
898 0.8572245669641378
899 0.8572592994739775
900 0.8572684486090246
901 0.8572684486090246
902 0.8572938514553389
903 0.8573268114171537
904 0.8573286274813428
905 0.8573529001067982
906 0.8573724011602505
907 0.8573855185437588
908 0.8573930357423651
909 0.857423534282969
910 0.8574726520085333
911 0.8574985929778562
912 0.8575075598844506
913 0.8575173692064949
914 0.8575258199450179
915 0.8575586035107213
916 0.8575723349883044
917 0.857579258530941
918 0.8576153128225792
919 0.8576189565058758
920 0.8576406820980755
921 0.8576898315686059
922 0.8576898315686059
923 0.8576983833052019
924 0.8577097904678996
925 0.8577333719040136
926 0.8577480451899026
927 0.8577618497982594
928 0.8578160591886492
929 0.8578160591886492
930 0.8578160591886492
931 0.8578280068594005
932 0.8578438482254253
933 0.857883994660022
934 0.857883994660022
935 0.857883994660022
936 0.857883994660022
937 0.8579028087251092
938 0.8579263426459378
939 0.8579630493362812
940 0.8579677118596314
941 0.8579881686344654
942 0.8580160884584492
943 0.8580285278988707
944 0.8580512520914187
945 0.8580515895668973
946 0.8580515895668973
947 0.8580582766478622
948 0.8580592488036597
949 0.8581058231600266
950 0.8581129308939416
951 0.8581339990836989
952 0.8581534221216967
953 0.8581534221216967
954 0.8581899029297365
955 0.8581904623776715
956 0.858204365543543
957 0.8582105455670518
958 0.8582213778724292
959 0.8582490577005065
960 0.8582514617220192
961 0.8582542200798055
962 0.8582747582904162
963 0.858297482904945
964 0.8583179980660272
965 0.8583179980660272
966 0.8583404585711328
967 0.8583440342860275
968 0.8583703568011475
969 0.8583834795993123
970 0.8584056684926675
971 0.8584094578733017
972 0.8584158545494094
973 0.8584390719493266
974 0.8584390719493266
975 0.8584390719493266
976 0.8584813732847952
977 0.8584813732847952
978 0.8584813732847952
979 0.8584946441102156
980 0.8584946441102156
981 0.8584951771305266
982 0.8585375013859066
983 0.8585375013859066
984 0.8585473441127821
985 0.8585721883972568
986 0.8585721883972568
987 0.8585746593075146
988 0.8585806787231615
989 0.8585998927614585
990 0.8586020858510323
991 0.8586216341811529
992 0.8586316386990913
993 0.8586316386990913
994 0.8586438344388417
995 0.8586695710649225
996 0.8586869473643514
997 0.8586891257370559
998 0.8586927825023755
999 0.8587046606346459
1000 0.8587186174245655
1001 0.8587434882475464
1002 0.858758834053911
1003 0.858758834053911
1004 0.8587706122744049
1005 0.8587842250833162
1006 0.8587842674239743
1007 0.8587923046641288
1008 0.8588157467569646
1009 0.8588157467569646
1010 0.8588232013467686
1011 0.8588296759553421
1012 0.8588392221391978
1013 0.8588512495115653
1014 0.858852886632176
1015 0.8588660785929358
1016 0.8588660785929358
1017 0.8588825313154972
1018 0.8588825313154972
1019 0.858909497168591
1020 0.858909497168591
1021 0.858909497168591
1022 0.8589263650847705
1023 0.8589402066315149
1024 0.8589632317213102
1025 0.8589632317213102
1026 0.8589632317213102
1027 0.8589653547573105
1028 0.8589717774666104
1029 0.8589812662602385
1030 0.8589812662602385
1031 0.8589984108893332
1032 0.8590285660101505
1033 0.8590285660101505
1034 0.8590285660101505
1035 0.8590285660101505
1036 0.8590368291561077
1037 0.8590534982659874
1038 0.8590534982659874
1039 0.8590598189237889
1040 0.8590724896431348
1041 0.8590776591829794
1042 0.8591052783549961
1043 0.8591052783549961
1044 0.8591053568238783
1045 0.8591202829655513
1046 0.8591351233613205
1047 0.8591579528061936
1048 0.8591579528061936
1049 0.8591579528061936
1050 0.8591579528061936
1051 0.8591712330928181
1052 0.8591745225424308
1053 0.8591965442743797
1054 0.8592050347108491
1055 0.8592294892361317
1056 0.8592505293845386
1057 0.8592593447206808
1058 0.8592613883800773
1059 0.8592676543197257
1060 0.8592757794806043
1061 0.8592813202668508
1062 0.8593014626480565
1063 0.8593039628612839
1064 0.8593256723241117
1065 0.8593335376896282
1066 0.8593335947998082
1067 0.8593405869180238
1068 0.8593435429981257
1069 0.8593539110578243
1070 0.8593640026900471
1071 0.8593841299780977
1072 0.8593841299780977
1073 0.8593872139655296
1074 0.859389672679373
1075 0.8593961926052875
1076 0.8594117657429726
1077 0.8594394294633222
1078 0.8594410579771437
1079 0.8594423132356119
1080 0.8594487544040379
1081 0.8594523667284766
1082 0.8594642813452238
1083 0.8594666745826988
1084 0.859474039620035
1085 0.8594845422148895
1086 0.8594994398962914
1087 0.85950707211037
1088 0.8595308602341755
1089 0.8595308602341755
1090 0.8595308602341755
1091 0.8595488508816578
1092 0.8595488508816578
1093 0.8595612425061092
1094 0.8595817043257512
1095 0.8595871021745305
1096 0.8595949144969931
1097 0.8595959185782525
1098 0.8596060056772057
1099 0.8596404996686433
1100 0.8596404996686433
1101 0.8596404996686433
1102 0.8596564752702299
1103 0.8596676746154124
1104 0.8596833423587594
1105 0.8597068978312776
1106 0.8597068978312776
1107 0.8597206365122454
1108 0.8597283469533439
1109 0.8597340006584315
1110 0.8597519021975109
1111 0.8597519021975109
1112 0.8597519021975109
1113 0.8597763408335504
1114 0.8597767355532948
1115 0.8597825484181882
1116 0.859806217305406
1117 0.859806217305406
1118 0.859806217305406
1119 0.8598145086029793
1120 0.8598392644089251
1121 0.8598436614877668
1122 0.8598450167017107
1123 0.8598455591961227
1124 0.8598585954876714
1125 0.859874364008048
1126 0.8598772479780786
1127 0.8599173614113329
1128 0.8599173614113329
1129 0.8599173614113329
1130 0.859921074921454
1131 0.8599237503488163
1132 0.859960801007638
1133 0.859960801007638
1134 0.859978043884465
1135 0.859978043884465
1136 0.8599910731318545
1137 0.8600088852550577
1138 0.8600178756194764
1139 0.86003410414255
1140 0.8600627481549904
1141 0.8600817581781792
1142 0.8600972874915321
1143 0.8600972874915321
1144 0.8601025940460265
1145 0.8601188543352557
1146 0.8601340891010574
1147 0.8601734670472694
1148 0.8602014643161505
1149 0.8602014643161505
1150 0.8602171228200176
1151 0.8602171228200176
1152 0.8602389184162453
1153 0.8602389184162453
1154 0.8602602892867813
1155 0.860275425649147
1156 0.8602998864817037
1157 0.8602998864817037
1158 0.8603112656776425
1159 0.8603731218258583
1160 0.8603731218258583
1161 0.8603731218258583
1162 0.8603844439654027
1163 0.8603959911390261
1164 0.8604197294002637
1165 0.8604372725868362
1166 0.8604601542441624
1167 0.860489651248532
1168 0.8604917802826686
1169 0.860538118366139
1170 0.8605929143953582
1171 0.8605965225332611
1172 0.8606061867532644
1173 0.8606662912733091
1174 0.8606662912733091
1175 0.8606940329727535
1176 0.8606991241300095
1177 0.8607344637504973
1178 0.8607976546077112
1179 0.8608406217403773
1180 0.8608781198558696
1181 0.8609274660479905
1182 0.8609631985972168
1183 0.861044927188156
1184 0.861044927188156
1185 0.861106098577862
1186 0.861106098577862
1187 0.8611791814366446
1188 0.8612449630615396
1189 0.8612553795374035
1190 0.8612808914190444
1191 0.8614049743630671
1192 0.8614796976371787
1193 0.8615980162068526
1194 0.8616586364281802
1195 0.8617026971014942
1196 0.8618728389485496
1197 0.8618728389485496
1198 0.8619564747539143
1199 0.8620261087940772
1200 0.8620777122035711
1201 0.8623177190901353
1202 0.8624604708764959
1203 0.8624952895710268
1204 0.8627407942550428
1205 0.8628297603701875
1206 0.862914798898074
1207 0.8631479768616128
1208 0.8633086947091669
1209 0.8634886201219099
1210 0.8636911964951267
1211 0.8639607307469868
1212 0.8642124917538813
1213 0.8647233049806108
1214 0.8649742058725407
1215 0.865214794013637
1216 0.865427903247438
1217 0.8658504276367476
1218 0.866267569365287
1219 0.8667177586524536
1220 0.8670328244124391
1221 0.8672909850020569
1222 0.8674653066086145
1223 0.8675435238171512
1224 0.8677494746009068
1225 0.8679010034003185
1226 0.8679776069646095
1227 0.8680330362359948
1228 0.8682778283988485
1229 0.8684234221302347
1230 0.868654469216461
1231 0.8691437618304538
1232 0.8693515549886707
1233 0.8698251014583566
1234 0.8704128654806875
1235 0.8705382755102142
1236 0.8712508053646513
1237 0.8717177210599607
1238 0.8721314189435129
1239 0.8725595515540578
1240 0.8726821429674848
1241 0.8728825484865084
1242 0.8729522881322105
1243 0.8730038450557572
1244 0.8731098470629941
1245 0.873211355666217
1246 0.8732643025187398
1247 0.873357340779251
1248 0.8737282566936194
1249 0.874088506723638
1250 0.8753200767439642
1251 0.8760408475866058
1252 0.8765151591527741
1253 0.8768847841219948
1254 0.8773764777461116
1255 0.878321248947664
1256 0.8784634496294492
1257 0.8788901391353828
1258 0.8794196139087155
1259 0.8798398059826211
1260 0.880321549666072
1261 0.880321549666072
1262 0.880699671839487
1263 0.8809153022059016
1264 0.8811436832388758
1265 0.8812159247417014
1266 0.8812696917658454
1267 0.8812974351374551
1268 0.8813389774532691
1269 0.8820950562494535
1270 0.88226415558248
1271 0.8832572027754161
1272 0.8834384406246559
1273 0.8842019129908266
1274 0.8847811900184117
1275 0.8854349758193737
1276 0.8860101249400818
1277 0.8863173712242248
1278 0.8867060519264315
1279 0.8871132428338443
1280 0.8871923011281316
1281 0.8872419104733065
1282 0.8872553049416975
1283 0.88745679552644
1284 0.88745679552644
1285 0.8875417739231326
1286 0.8875527534954047
1287 0.8881482336272002
1288 0.8884236621905744
1289 0.8893584531907377
1290 0.8896089753620737
1291 0.8904954074439457
1292 0.8909640205752067
1293 0.891534246395177
1294 0.8922327577691982
1295 0.8932478302956451
1296 0.8932511338066424
1297 0.8937800354674088
1298 0.893930416446591
1299 0.8942283902786144
1300 0.8943696565967153
1301 0.8946311927097096
1302 0.8946311927097096
1303 0.894735254778368
1304 0.8947392796955496
1305 0.8954313109312709
1306 0.8956655117376017
1307 0.8961415419234687
1308 0.8962455340737784
1309 0.8964791989286125
1310 0.8968013726518947
1311 0.8973072811653476
1312 0.8973753961043653
1313 0.8976184054742555
1314 0.8977164450549598
1315 0.8977990844423334
1316 0.8977990844423334
1317 0.8984200299147845
1318 0.8985750170773174
1319 0.898753163621364
1320 0.8991713035436852
1321 0.8994034476787938
1322 0.89953679181019
1323 0.8996992969495372
1324 0.8997383230161755
1325 0.8997843616538045
1326 0.8998332204761946
1327 0.9004536034115735
1328 0.9004918640975184
1329 0.9009618964755278
1330 0.9010307381420695
1331 0.9014066849731874
1332 0.9016760717196157
1333 0.9018845016448754
1334 0.9021340655122234
1335 0.902325282507121
1336 0.902325282507121
1337 0.9024715908652173
1338 0.9025187488502296
1339 0.9027309693861071
1340 0.9029832039846037
1341 0.9030762060445778
1342 0.9032940243885629
1343 0.9032940243885629
1344 0.9033817960861524
1345 0.9034237030667366
1346 0.903461925936269
1347 0.9035517052392097
1348 0.9036655772931795
1349 0.903706082629204
1350 0.9037856362079272
1351 0.9038661029327144
1352 0.9039553579345698
1353 0.903979044895495
1354 0.9041214338056767
1355 0.9041308325760167
1356 0.9042979134333783
1357 0.9042979134333783
1358 0.9042979134333783
1359 0.9043605229562349
1360 0.9043605229562349
1361 0.9044002433328971
1362 0.9044175713304492
1363 0.9044433625751317
1364 0.9044957269364542
1365 0.904502640570904
1366 0.9045425326907616
1367 0.9045463136799717
1368 0.9045864086524018
1369 0.9045864086524018
1370 0.9045951738084037
1371 0.9046178443819726
1372 0.9046418089774843
1373 0.9046428665910583
1374 0.9046591001441339
1375 0.9046767931363593
1376 0.9046866149172977
1377 0.9047290873394119
1378 0.9047290873394119
1379 0.9047353009790156
1380 0.9047609536329336
1381 0.9047919488227981
1382 0.9047919488227981
1383 0.9048188295657696
1384 0.9048282504185751
1385 0.9048346938114802
1386 0.9048449979120516
1387 0.9048648259861721
1388 0.9048798201361795
1389 0.9048955636617827
1390 0.9049074779787835
1391 0.9049335728699173
1392 0.9049335728699173
1393 0.9049469331989974
1394 0.9049537312176518
1395 0.9049548174816497
1396 0.9049832359959236
1397 0.9050040668799083
1398 0.9050040668799083
1399 0.9050040668799083
1400 0.9050228263438267
1401 0.9050315142311103
1402 0.9050315142311103
1403 0.9050315142311103
1404 0.9050423308428154
1405 0.9050458431848518
1406 0.905052368222962
1407 0.905052368222962
1408 0.9050713892859064
1409 0.9050727164826384
1410 0.905082218364919
1411 0.905082218364919
1412 0.9050970756761806
1413 0.9050970756761806
1414 0.9051262108673103
1415 0.9051398141219494
1416 0.9051398141219494
1417 0.9051576102663305
1418 0.9051999389925391
1419 0.9052009203288703
1420 0.9052422370433455
1421 0.9052550485075105
1422 0.9052877716177912
1423 0.9053282821083213
1424 0.9053524489224694
1425 0.9053996244932604
1426 0.9054389158031619
1427 0.9054437954355649
1428 0.9054869827748563
1429 0.9055151869741608
1430 0.9055599880101084
1431 0.9055599880101084
1432 0.9055664095732234
1433 0.9055907718316597
1434 0.9056096211243223
1435 0.9056421291485072
1436 0.9056421291485072
1437 0.9056522009216387
1438 0.9057016740486872
1439 0.9057016740486872
1440 0.9057186564656268
1441 0.9057186564656268
1442 0.9057189992713365
1443 0.9057412703132596
1444 0.905766095738971
1445 0.905766095738971
1446 0.905766095738971
1447 0.905766095738971
1448 0.9057854239914935
1449 0.905794103526404
1450 0.9057953925940051
1451 0.9058109225373029
1452 0.9058109225373029
1453 0.9058219879670931
1454 0.9058399981340884
1455 0.9058399981340884
1456 0.9058542809124395
1457 0.9058760035859915
1458 0.9058833412626476
1459 0.9058841155750061
1460 0.9058960094726686
1461 0.9058960094726686
1462 0.9059211047170687
1463 0.9059211047170687
1464 0.9059403501237938
1465 0.9059403501237938
1466 0.9059403501237938
1467 0.9059514760028645
1468 0.9059568254678289
1469 0.9059568254678289
1470 0.9059604385927796
1471 0.9059753032072185
1472 0.9059839101022571
1473 0.9059922919849124
1474 0.9059922919849124
1475 0.9059925141655697
1476 0.9059984419984918
1477 0.9059984419984918
1478 0.9060043940535458
1479 0.9060043940535458
1480 0.9060167772682203
1481 0.9060167772682203
1482 0.9060167772682203
1483 0.9060177835352007
1484 0.9060224522599603
1485 0.9060224522599603
1486 0.9060224522599603
1487 0.9060289322813022
1488 0.9060289322813022
1489 0.9060297684006376
1490 0.9060297684006376
1491 0.9060297684006376
1492 0.9060349655853722
1493 0.9060349655853722
1494 0.9060360944597334
1495 0.9060381246364707
1496 0.9060381246364707
1497 0.9060422472591535
1498 0.906048587704739
1499 0.906048587704739
1500 0.906048587704739
1501 0.906054556504864
1502 0.906054556504864
1503 0.9060567148837874
1504 0.9060604699773275
1505 0.906070550180285
1506 0.906070550180285
1507 0.9060709554627254
1508 0.906077038933526
1509 0.906077038933526
1510 0.9060811600943403
1511 0.9060819803694039
1512 0.9060956691423608
1513 0.9060956691423608
1514 0.9061061371631468
1515 0.9061061371631468
1516 0.9061061371631468
1517 0.9061105106817898
1518 0.9061105106817898
1519 0.9061195041092882
1520 0.9061195041092882
1521 0.9061236619782584
1522 0.9061287237091793
1523 0.9061287237091793
1524 0.9061295735651703
1525 0.9061318552309241
1526 0.9061344497430746
1527 0.9061366184254718
1528 0.9061368233760375
1529 0.9061400112078091
1530 0.9061405305894156
1531 0.9061512759639159
1532 0.9061512759639159
1533 0.9061512759639159
1534 0.9061512759639159
1535 0.9061512759639159
1536 0.9061541129220737
1537 0.9061541129220737
1538 0.9061573396234138
1539 0.9061579952779012
1540 0.9061729899269702
1541 0.9061745249256548
1542 0.9061745249256548
1543 0.9061767378092725
1544 0.906181523085386
1545 0.906181523085386
1546 0.906181523085386
1547 0.906181523085386
1548 0.906181523085386
1549 0.906191186554271
1550 0.906191186554271
1551 0.906191186554271
1552 0.9061937222298905
1553 0.9061937222298905
1554 0.9061969927289526
1555 0.9061974347632696
1556 0.9062027791766676
1557 0.9062027791766676
1558 0.9062027791766676
1559 0.906211216112498
1560 0.906211216112498
1561 0.906211216112498
1562 0.906211216112498
1563 0.906211216112498
1564 0.906211216112498
1565 0.906211216112498
1566 0.906211216112498
1567 0.9062144452643289
1568 0.9062144452643289
1569 0.9062144452643289
1570 0.9062172686181785
1571 0.9062184523508202
1572 0.9062199016802243
1573 0.9062200553606908
1574 0.9062248835639788
1575 0.9062248835639788
1576 0.9062268975439883
1577 0.9062268975439883
1578 0.9062294455242539
1579 0.9062294455242539
1580 0.9062309438815604
1581 0.9062309438815604
1582 0.9062309438815604
1583 0.9062347257423135
1584 0.9062347257423135
1585 0.9062379333346183
1586 0.9062379333346183
1587 0.9062381163280314
1588 0.9062398852669563
1589 0.9062404814669142
1590 0.9062404814669142
1591 0.9062411175428873
1592 0.9062411175428873
1593 0.9062411175428873
1594 0.9062465125976492
1595 0.9062465125976492
1596 0.9062465352257636
1597 0.9062465352257636
1598 0.9062465352257636
1599 0.9062465352257636
1600 0.9062475499659436
1601 0.9062493968773544
1602 0.9062493968773544
1603 0.9062493968773544
1604 0.9062527561305432
1605 0.9062527561305432
1606 0.9062527561305432
1607 0.9062527561305432
1608 0.9062527561305432
1609 0.9062527561305432
1610 0.9062527561305432
1611 0.9062527561305432
1612 0.9062527561305432
1613 0.9062527561305432
1614 0.9062537818283303
1615 0.9062548051096102
1616 0.9062548051096102
1617 0.9062548051096102
1618 0.9062548051096102
1619 0.9062548051096102
1620 0.9062552013983453
1621 0.9062559048650352
1622 0.9062559048650352
1623 0.9062586169046121
1624 0.9062586169046121
1625 0.9062586169046121
1626 0.9062586169046121
1627 0.9062587630744262
1628 0.9062607649904121
1629 0.9062607649904121
1630 0.9062666866608423
1631 0.9062666866608423
1632 0.9062666866608423
1633 0.9062666866608423
1634 0.9062666866608423
1635 0.9062666866608423
1636 0.9062666866608423
1637 0.9062694006164258
1638 0.9062694006164258
1639 0.9062713056782123
1640 0.9062720375939213
1641 0.9062745590335954
1642 0.9062745590335954
1643 0.9062745590335954
1644 0.90627515595443
1645 0.906281959444216
1646 0.906281959444216
1647 0.906281959444216
1648 0.906281959444216
1649 0.9062829576118533
1650 0.9062889012997875
1651 0.9062889012997875
1652 0.9062889012997875
1653 0.9062906734077695
1654 0.9062946372639122
1655 0.9062962367275406
1656 0.9062962367275406
1657 0.9062968131769711
1658 0.906297661786441
1659 0.906297661786441
1660 0.9062988485204154
1661 0.906301469054518
1662 0.9063044636520995
1663 0.9063061487992599
1664 0.9063074772661723
1665 0.9063074772661723
1666 0.9063114865955463
1667 0.9063136369983265
1668 0.9063136369983265
1669 0.9063136369983265
1670 0.9063136369983265
1671 0.9063147181180997
1672 0.9063152298549509
1673 0.9063159587825793
1674 0.9063195039442701
1675 0.9063197084062257
1676 0.9063197084062257
1677 0.9063197084062257
1678 0.9063217095913972
1679 0.9063217095913972
1680 0.9063244852536044
1681 0.9063252691589779
1682 0.9063267795405973
1683 0.9063267795405973
1684 0.9063267795405973
1685 0.9063300685324365
1686 0.9063300685324365
1687 0.906330602480407
1688 0.906330602480407
1689 0.9063331366613403
1690 0.9063331366613403
1691 0.9063331366613403
1692 0.9063331366613403
1693 0.9063331366613403
1694 0.9063334123873479
1695 0.9063357729961367
1696 0.9063357729961367
1697 0.9063387269298049
1698 0.9063387269298049
1699 0.9063387269298049
1700 0.906339817387699
1701 0.906339817387699
1702 0.906339817387699
1703 0.906339817387699
1704 0.906339817387699
1705 0.9063412132644232
1706 0.9063412132644232
1707 0.9063412132644232
1708 0.9063412132644232
1709 0.9063419270877403
1710 0.9063434378005764
1711 0.9063434378005764
1712 0.9063434378005764
1713 0.9063434378005764
1714 0.9063434378005764
1715 0.9063434378005764
1716 0.9063434378005764
1717 0.9063445366103748
1718 0.9063445366103748
1719 0.9063445366103748
1720 0.9063445366103748
1721 0.9063454703722486
1722 0.9063454703722486
1723 0.906346239173321
1724 0.906346239173321
1725 0.9063463246831728
1726 0.9063463246831728
1727 0.9063464085146395
1728 0.9063464085146395
1729 0.9063467013410645
1730 0.9063467939463619
1731 0.9063473820521698
1732 0.9063473820521698
1733 0.9063473820521698
1734 0.9063473820521698
1735 0.9063476729483303
1736 0.9063477347973095
1737 0.9063477347973095
1738 0.9063477347973095
1739 0.9063477347973095
1740 0.9063481063286277
1741 0.9063486454216728
1742 0.9063490417046559
1743 0.9063490417046559
1744 0.9063493992238254
1745 0.9063494326577825
1746 0.9063494326577825
1747 0.9063498286359839
1748 0.9063505769788078
1749 0.9063505769788078
1750 0.9063505769788078
1751 0.9063516076239353
1752 0.9063516076239353
1753 0.9063516076239353
1754 0.9063516076239353
1755 0.9063531994103085
1756 0.9063531994103085
1757 0.9063531994103085
1758 0.9063531994103085
1759 0.9063531994103085
1760 0.906353605665615
1761 0.9063540796571707
1762 0.9063540796571707
1763 0.9063540796571707
1764 0.9063549287984207
1765 0.906354995593937
1766 0.906354995593937
1767 0.906354995593937
1768 0.9063553885958471
1769 0.9063556851676432
1770 0.9063561084989065
1771 0.9063561084989065
1772 0.9063562972900648
1773 0.9063562972900648
1774 0.9063562972900648
1775 0.9063569379808901
1776 0.9063569675689575
1777 0.9063570692602585
1778 0.9063575110354362
1779 0.9063575110354362
1780 0.9063575110354362
1781 0.9063597794590633
1782 0.9063597794590633
1783 0.9063597794590633
1784 0.9063597794590633
1785 0.9063597794590633
1786 0.9063597794590633
1787 0.9063597794590633
1788 0.9063597794590633
1789 0.9063597794590633
1790 0.9063597794590633
1791 0.9063599075149767
1792 0.9063599075149767
1793 0.9063599075149767
1794 0.9063608001539923
1795 0.9063612895798495
1796 0.9063612895798495
1797 0.9063612895798495
1798 0.9063612895798495
1799 0.9063621970888927
1800 0.9063621970888927
1801 0.9063621970888927
1802 0.9063621970888927
1803 0.9063621970888927
1804 0.9063621970888927
1805 0.9063628321169895
1806 0.9063628321169895
1807 0.9063628321169895
1808 0.9063632051208735
1809 0.9063638000476376
1810 0.90636396303980
1811 0.90636396303980
1812 0.90636396303980
1813 0.90636396303980
1814 0.9063640951723034
1815 0.9063651957727891
1816 0.9063651957727891
1817 0.9063654308357155
1818 0.9063655723737778
1819 0.9063656560156415
1820 0.9063656560156415
1821 0.9063661871346045
1822 0.9063666089640842
1823 0.9063666089640842
1824 0.9063669560733095
1825 0.9063669560733095
1826 0.9063669560733095
1827 0.906368300064997
1828 0.906368300064997
1829 0.906368300064997
1830 0.906368300064997
1831 0.906368300064997
1832 0.906368575340103
1833 0.9063688609481342
1834 0.9063691014082016
1835 0.9063698600575387
1836 0.9063698600575387
1837 0.9063698600575387
1838 0.9063723149223978
1839 0.9063723149223978
1840 0.9063739313669452
1841 0.9063739313669452
1842 0.9063739313669452
1843 0.9063739313669452
1844 0.9063739313669452
1845 0.9063739313669452
1846 0.9063739313669452
1847 0.9063739313669452
1848 0.9063739313669452
1849 0.906373951584879
1850 0.906373951584879
1851 0.906373951584879
1852 0.9063754605295959
1853 0.9063754605295959
1854 0.9063768530009316
1855 0.9063768530009316
1856 0.9063768530009316
1857 0.9063768530009316
1858 0.9063768530009316
1859 0.9063768530009316
1860 0.9063768530009316
1861 0.9063768530009316
1862 0.9063768530009316
1863 0.9063768530009316
1864 0.906377308919396
1865 0.9063780853888673
1866 0.9063780853888673
1867 0.9063780853888673
1868 0.9063783201819207
1869 0.9063783201819207
1870 0.9063795212431699
1871 0.9063798390256429
1872 0.9063805603608182
1873 0.9063805603608182
1874 0.9063816745975333
1875 0.9063816745975333
1876 0.9063816745975333
1877 0.9063816745975333
1878 0.9063829720812312
1879 0.9063829720812312
1880 0.9063829720812312
1881 0.9063829720812312
1882 0.9063829720812312
1883 0.9063829720812312
1884 0.9063834098698436
1885 0.9063834098698436
1886 0.9063834098698436
1887 0.9063834098698436
1888 0.9063835342486704
1889 0.9063842983943856
1890 0.9063842983943856
1891 0.9063846945494951
1892 0.9063855988662379
1893 0.9063855988662379
1894 0.906386664393731
1895 0.906386664393731
1896 0.906386664393731
1897 0.9063868314977681
1898 0.9063870572298671
1899 0.9063870572298671
1900 0.9063870572298671
1901 0.9063878471764716
1902 0.9063878471764716
1903 0.9063879160446846
1904 0.9063879160446846
1905 0.9063881909034042
1906 0.906388288141578
1907 0.906388288141578
1908 0.9063900216325407
1909 0.9063900216325407
1910 0.9063900216325407
1911 0.9063900216325407
1912 0.9063900216325407
1913 0.9063901635812145
1914 0.9063905552315438
1915 0.9063905552315438
1916 0.9063905552315438
1917 0.9063910660664968
1918 0.9063910660664968
1919 0.9063910660664968
1920 0.9063910660664968
1921 0.9063910660664968
1922 0.9063910660664968
1923 0.9063919366204972
1924 0.9063919438322642
1925 0.9063919438322642
1926 0.9063919438322642
1927 0.9063922161698388
1928 0.9063924588389192
1929 0.9063924588389192
1930 0.9063927610444471
1931 0.9063927610444471
1932 0.906394227157846
1933 0.906394227157846
1934 0.9063944406629352
1935 0.9063944406629352
1936 0.9063944406629352
1937 0.9063949726525253
1938 0.9063949726525253
1939 0.9063949726525253
1940 0.9063949726525253
1941 0.9063949726525253
1942 0.906395485104631
1943 0.9063972760180371
1944 0.9063972760180371
1945 0.9063972760180371
1946 0.9063972760180371
1947 0.9063972760180371
1948 0.9063989664532446
1949 0.9063989664532446
1950 0.9063989664532446
1951 0.9063989664532446
1952 0.9063989664532446
1953 0.9063989664532446
1954 0.9063991301612385
1955 0.9063991841072863
1956 0.9063993479005784
1957 0.9063997319881502
1958 0.9064014620336789
1959 0.9064014620336789
1960 0.9064014620336789
1961 0.9064014620336789
1962 0.9064014620336789
1963 0.9064034628147433
1964 0.9064034628147433
1965 0.9064034628147433
1966 0.9064034628147433
1967 0.9064034628147433
1968 0.9064034628147433
1969 0.9064049526548889
1970 0.9064049526548889
1971 0.9064052326650721
1972 0.9064052326650721
1973 0.9064065042263932
1974 0.9064065042263932
1975 0.9064075176805769
1976 0.9064086682644842
1977 0.9064103105276895
1978 0.9064103105276895
1979 0.9064103105276895
1980 0.9064103105276895
1981 0.9064122528810049
1982 0.906413175481713
1983 0.906413175481713
1984 0.906413175481713
1985 0.906413175481713
1986 0.906413414458178
1987 0.9064172028249423
1988 0.9064173725293533
1989 0.9064173725293533
1990 0.9064173725293533
1991 0.9064173725293533
1992 0.9064199896078106
1993 0.9064199896078106
1994 0.9064203473717242
1995 0.9064203473717242
1996 0.9064203473717242
1997 0.9064207018452113
1998 0.9064207018452113
1999 0.9064227513447648
2000 0.9064236550612309
