000 0.22849192310722527
001 0.4147215052548601
002 0.4147215052548601
003 0.47801845320051684
004 0.5214482804665898
005 0.6179074714280008
006 0.6351017894531027
007 0.6858317429179921
008 0.7783079052609118
009 0.7783079052609118
010 0.8109791689478184
011 0.8424171755130081
012 0.8646175446897254
013 0.8703137087092949
014 0.8857896939487999
015 0.8859825966005008
016 0.8890422127229888
017 0.8903770623477705
018 0.8909984586050096
019 0.8919960358702823
020 0.892096659257328
021 0.8928564547288368
022 0.8938529531061475
023 0.8962537201032887
024 0.8972006272199884
025 0.8973025952913779
026 0.8974460164411069
027 0.8974657426312935
028 0.8974657426312935
029 0.8974657426312935
030 0.8974970743734424
031 0.8974970743734424
032 0.8977739923743351
033 0.8977739923743351
034 0.8997446907690507
035 0.9002646340609326
036 0.9008820299770823
037 0.9013751665645434
038 0.9015546351786563
039 0.9016179798346037
040 0.9016719535052732
041 0.9016863990004365
042 0.901687627309321
043 0.901687627309321
044 0.9016890962200932
045 0.9016890962200932
046 0.9026117953556406
047 0.9033537958090018
048 0.9037397655678632
049 0.9040034257291517
050 0.9049656141915556
051 0.9050286665995312
052 0.9052705063128138
053 0.9053715764857124
054 0.905397178401738
055 0.9054581211006685
056 0.9054924603246428
057 0.9055336114010892
058 0.9057682538628405
059 0.9057682845686512
060 0.9058988093003889
061 0.9060689621227688
062 0.9060734821908435
063 0.906173338808135
064 0.9063017918030967
065 0.9063612547705624
066 0.9064256097849416
067 0.9065007192416678
068 0.9066857429657569
069 0.9066857429657569
070 0.9067032669102382
071 0.9067342600796832
072 0.9068106418434932
073 0.9068106418434932
074 0.9068407865279844
075 0.9069532864899017
076 0.9069532864899017
077 0.907013772152584
078 0.907013772152584
079 0.907013772152584
080 0.9070365560130286
081 0.9070755383175135
082 0.9070755383175135
083 0.9070910207916612
084 0.9071043979349602
085 0.9071597943301529
086 0.9071669701806035
087 0.9071788898793061
088 0.9071855693815238
089 0.9071890237192599
090 0.9072215956813978
091 0.9072303661416038
092 0.9072865932966593
093 0.9072865932966593
094 0.9072920599334412
095 0.9072992782271004
096 0.9073133788689439
097 0.9073133788689439
098 0.9073319738663523
099 0.9073401245387668
100 0.9073826667775015
101 0.9073826667775015
102 0.9073914319048508
103 0.9073914319048508
104 0.9073984603684878
105 0.9074054694446873
106 0.9074113829902936
107 0.9074113829902936
108 0.9074429266665601
109 0.9074429266665601
110 0.9074429266665601
111 0.9074429266665601
112 0.9074519366752523
113 0.9074519366752523
114 0.9074714480864826
115 0.9074714480864826
116 0.9074756176673795
117 0.9074756176673795
118 0.9074921897865063
119 0.9075027585326588
120 0.907506271876869
121 0.907506271876869
122 0.9075138849298185
123 0.9075190406829524
124 0.9075190406829524
125 0.9075259459542971
126 0.9075424440932496
127 0.9075424440932496
128 0.9075452939585027
129 0.9075452939585027
130 0.9075524035042457
131 0.9075524035042457
132 0.9075591042861307
133 0.9075591042861307
134 0.9075701498628509
135 0.9075704087060158
136 0.907575221569577
137 0.907575221569577
138 0.907575221569577
139 0.907575221569577
140 0.9075763640038594
141 0.9075763640038594
142 0.9075900879108706
143 0.9075900879108706
144 0.907591487587447
145 0.9075955377365316
146 0.907597134369127
147 0.9076038093840176
148 0.9076038093840176
149 0.9076038093840176
150 0.9076038093840176
151 0.9076155679994193
152 0.9076155679994193
153 0.9076155679994193
154 0.9076155679994193
155 0.9076155679994193
156 0.9076179376682294
157 0.9076193589180228
158 0.907621973798279
159 0.9076293042544267
160 0.9076293042544267
161 0.9076293042544267
162 0.9076293042544267
163 0.9076320121388937
164 0.9076328791193939
165 0.9076394171899244
166 0.9076394171899244
167 0.9076394171899244
168 0.9076439113990824
169 0.9076439113990824
170 0.9076439113990824
171 0.9076439113990824
172 0.9076460364818985
173 0.9076460780097448
174 0.9076469418747517
175 0.9076505262861373
176 0.9076533120601287
177 0.9076533120601287
178 0.9076536532633118
179 0.9076536532633118
180 0.9076548075859644
181 0.9076554985523766
182 0.9076554985523766
183 0.9076567665867685
184 0.9076567665867685
185 0.9076620099493586
186 0.9076620611414692
187 0.9076620611414692
188 0.9076620611414692
189 0.9076637685399934
190 0.9076637685399934
191 0.9076637685399934
192 0.9076661704132404
193 0.9076661704132404
194 0.9076678481453438
195 0.9076732779030787
196 0.9076732779030787
197 0.9076732779030787
198 0.9076732779030787
199 0.9076732779030787
200 0.9076732779030787
201 0.9076732779030787
202 0.9076732779030787
203 0.9076771915762808
204 0.9076771915762808
205 0.9076771915762808
206 0.9076773039268702
207 0.9076785090185381
208 0.9076801055323727
209 0.9076801055323727
210 0.907680911344559
211 0.9076816374430818
212 0.9076816374430818
213 0.9076833451067016
214 0.9076833451067016
215 0.9076833451067016
216 0.9076833451067016
217 0.9076843260464428
218 0.907685296384244
219 0.9076854817805723
220 0.9076854817805723
221 0.9076854817805723
222 0.9076859682185807
223 0.9076869820505503
224 0.9076869820505503
225 0.9076869820505503
226 0.9076890641876845
227 0.9076897778456529
228 0.9076897778456529
229 0.9076897778456529
230 0.907689803531202
231 0.9076903420612499
232 0.9076923298230037
233 0.9076923298230037
234 0.907693750516455
235 0.907693750516455
236 0.907693750516455
237 0.907693750516455
238 0.9076970677274856
239 0.9076970677274856
240 0.9076972329180459
241 0.9076972329180459
242 0.9076972329180459
243 0.9076985876846011
244 0.9076987709015881
245 0.9076987709015881
246 0.9077005177861511
247 0.9077005177861511
248 0.9077016234390717
249 0.9077016234390717
250 0.9077016234390717
251 0.9077016234390717
252 0.9077027554806149
253 0.9077046022842852
254 0.9077046022842852
255 0.9077046022842852
256 0.9077048656328291
257 0.9077067445834136
258 0.9077067445834136
259 0.9077067445834136
260 0.9077072214463966
261 0.9077072214463966
262 0.9077075157835827
263 0.9077075157835827
264 0.9077081880654291
265 0.9077124646832172
266 0.9077124646832172
267 0.9077124646832172
268 0.9077124646832172
269 0.9077126317805732
270 0.9077126317805732
271 0.9077126317805732
272 0.9077126317805732
273 0.9077126892690088
274 0.9077153264447239
275 0.9077153264447239
276 0.9077166666408344
277 0.9077168777906046
278 0.9077177594955783
279 0.9077211390108664
280 0.9077211390108664
281 0.9077212750869375
282 0.9077263139717594
283 0.9077263139717594
284 0.9077263139717594
285 0.9077263139717594
286 0.9077312333169446
287 0.9077312333169446
288 0.9077312333169446
289 0.9077340802251914
290 0.9077378036748278
291 0.9077378036748278
292 0.9077378036748278
293 0.9077387383580899
294 0.9077387383580899
295 0.9077396902357427
296 0.9077396902357427
297 0.9077414328901292
298 0.9077446687223343
299 0.9077446687223343
300 0.9077490849434603
301 0.9077504875230916
302 0.9077627404649514
303 0.9077627404649514
304 0.9077663590514433
305 0.9077700996298885
306 0.9077700996298885
307 0.9077703731913964
308 0.9077916586912516
309 0.9077996713381088
310 0.9078080889985759
311 0.9078194041485586
312 0.9078194041485586
313 0.9078231245427147
314 0.907830780519258
315 0.9078578271930341
316 0.9078700763895177
317 0.9079108491867245
318 0.907928541167102
319 0.907928541167102
320 0.9079663887596594
321 0.9080284054047573
322 0.9080957985776379
323 0.9081079701406237
324 0.9081460989129102
325 0.908244258170281
326 0.9083025998063264
327 0.9083701539515103
328 0.9084513288548134
329 0.9085187490624735
330 0.9086774334852301
331 0.9087279008067102
332 0.908742210251203
333 0.9087817430557834
334 0.9088157113458858
335 0.9088834501096592
336 0.9089251116863565
337 0.9089251116863565
338 0.9089434228170608
339 0.9089527951017375
340 0.9089527951017375
341 0.9089736399680157
342 0.9089977802836889
343 0.9089977802836889
344 0.9089977802836889
345 0.9090035659439732
346 0.9090071448950771
347 0.9090080428916512
348 0.9090080428916512
349 0.9090173448042268
350 0.909025004432341
351 0.909025004432341
352 0.9090288371500277
353 0.9090288371500277
354 0.9090296650493516
355 0.9090296650493516
356 0.9090305930566247
357 0.9090305930566247
358 0.9090305930566247
359 0.9090335549680317
360 0.9090341615865908
361 0.9090341615865908
362 0.909037176919916
363 0.9090383975990501
364 0.9090383975990501
365 0.9090383975990501
366 0.9090394000922889
367 0.9090394000922889
368 0.9090394000922889
369 0.9090394000922889
370 0.9090394000922889
371 0.9090394000922889
372 0.9090394000922889
373 0.9090394000922889
374 0.9090394000922889
375 0.9090397525498779
376 0.9090397525498779
377 0.9090397926487456
378 0.9090403336604695
379 0.909040653500024
380 0.909040653500024
381 0.9090409497591518
382 0.9090409497591518
383 0.9090409497591518
384 0.9090409497591518
385 0.9090409497591518
386 0.9090409497591518
387 0.9090417580945152
388 0.9090417580945152
389 0.9090417580945152
390 0.9090417580945152
391 0.909041884334484
392 0.909041884334484
393 0.909041884334484
394 0.909041884334484
395 0.909041884334484
396 0.909041884334484
397 0.909041884334484
398 0.909041884334484
399 0.909041884334484
400 0.9090418930493409
401 0.9090418930493409
402 0.9090418930493409
403 0.9090422419028414
404 0.909042257904554
405 0.909042257904554
406 0.909042257904554
407 0.909042257904554
408 0.909042257904554
409 0.909042257904554
410 0.909042257904554
411 0.909042257904554
412 0.909042257904554
413 0.909042257904554
414 0.909042311381379
415 0.9090423436393933
416 0.9090424888857763
417 0.9090424888857763
418 0.9090424888857763
419 0.9090424888857763
420 0.9090424888857763
421 0.9090424888857763
422 0.9090426550191869
423 0.9090426550191869
424 0.9090427022111839
425 0.9090427022111839
426 0.9090427022111839
427 0.9090427022111839
428 0.9090427022111839
429 0.9090427022111839
430 0.9090427891625859
431 0.9090427891625859
432 0.9090427891625859
433 0.9090427891625859
434 0.9090429014803305
435 0.9090429014803305
436 0.9090429014803305
437 0.9090429014803305
438 0.9090429014803305
439 0.9090429014803305
440 0.9090429392614533
441 0.9090429392614533
442 0.9090429392614533
443 0.9090429495158338
444 0.9090430675020634
445 0.9090430675020634
446 0.9090430722493182
447 0.9090430722493182
448 0.9090430722493182
449 0.9090430722493182
450 0.9090430722493182
451 0.9090430722493182
452 0.9090430722493182
453 0.9090430722493182
454 0.9090430959959547
455 0.9090430959959547
456 0.9090430959959547
457 0.9090430959959547
458 0.9090430959959547
459 0.9090430959959547
460 0.9090430959959547
461 0.9090430959959547
462 0.9090430959959547
463 0.9090430959959547
464 0.9090430959959547
465 0.9090430959959547
466 0.9090430959959547
467 0.9090431288983131
468 0.9090431288983131
469 0.9090431288983131
470 0.9090431288983131
471 0.9090431496836732
472 0.9090432334928049
473 0.9090432334928049
474 0.9090432334928049
475 0.9090432334928049
476 0.9090432334928049
477 0.9090432334928049
478 0.9090432898837618
479 0.9090432898837618
480 0.9090432898837618
481 0.9090432898837618
482 0.9090432898837618
483 0.9090432898837618
484 0.9090432898837618
485 0.9090432898837618
486 0.9090432898837618
487 0.9090432898837618
488 0.9090432898837618
489 0.9090432898837618
490 0.9090432898837618
491 0.9090432898837618
492 0.9090433201348906
493 0.9090433201348906
494 0.9090433201348906
495 0.9090433201348906
496 0.9090433201348906
497 0.9090433201348906
498 0.9090433201348906
499 0.9090433201348906
500 0.9090433201348906
501 0.9090433201348906
502 0.9090433201348906
503 0.9090433201348906
504 0.9090433201348906
505 0.9090433201348906
506 0.9090433201348906
507 0.9090433201348906
508 0.9090433201348906
509 0.9090433201348906
510 0.9090433201348906
511 0.9090433201348906
512 0.9090433201348906
