000 0.3760793469692407
001 0.46103374501271166
002 0.5068775199212754
003 0.5506732631356335
004 0.6723069495006048
005 0.7522653370479773
006 0.7703734152257601
007 0.7703734152257601
008 0.8007643802330114
009 0.8225026523714948
010 0.8416688075307177
011 0.859240497156145
012 0.861864123886388
013 0.8660571813097402
014 0.8675458872347334
015 0.8685729229522023
016 0.8695909532962993
017 0.8716131219141892
018 0.8718315703180993
019 0.8718411588981362
020 0.8718411588981362
021 0.8718411588981362
022 0.8718411588981362
023 0.8718411588981362
024 0.8718411588981362
025 0.8718411588981362
026 0.8718411588981362
027 0.8731539626487469
028 0.8737576070557151
029 0.8747217275902996
030 0.8753375813529447
031 0.8755342768788047
032 0.8756715553424056
033 0.8760585979429764
034 0.8761473398368157
035 0.8761562359093825
036 0.8761562359093825
037 0.8761567151920501
038 0.8766671499210821
039 0.8767154366078918
040 0.8770199474223139
041 0.8772358827509522
042 0.877607223992244
043 0.8780554828651417
044 0.8782322570784501
045 0.8783324591670354
046 0.8784411980463658
047 0.878553683446868
048 0.8786795634087805
049 0.8786795634087805
050 0.8787686466347597
051 0.8788430559857171
052 0.8788741830090404
053 0.8789203920717711
054 0.8789271758873534
055 0.8789966887605402
056 0.8791044830522006
057 0.8792492841063773
058 0.879261123696687
059 0.8793100180593347
060 0.8793745222504471
061 0.8794055156885288
062 0.8794660397770456
063 0.8795027484265209
064 0.8795324861434414
065 0.8795897821293576
066 0.8796479985158899
067 0.8796479985158899
068 0.8796609383681634
069 0.8796853232815933
070 0.8797321029421611
071 0.8797454739400626
072 0.8797967761158686
073 0.8797967761158686
074 0.8798229458739814
075 0.8798271757277066
076 0.8798703797033326
077 0.879902381351651
078 0.8799363254900393
079 0.8799363254900393
080 0.8799363254900393
081 0.87998631554637
082 0.8799883859292486
083 0.8799953952594729
084 0.8800588901956773
085 0.8800588901956773
086 0.8800749367535369
087 0.8800854836481927
088 0.8800932833008833
089 0.8800966174162275
090 0.8801187181825626
091 0.8801212725262633
092 0.8801562180602966
093 0.8801644928396671
094 0.8801761005455027
095 0.8801761005455027
096 0.8801761005455027
097 0.8801761005455027
098 0.8801840637872614
099 0.8802011076485161
100 0.8802109516970794
101 0.8802109516970794
102 0.8802157700351257
103 0.880219954908877
104 0.8802232744457968
105 0.8802242806299265
106 0.8802304914283321
107 0.8802363772516549
108 0.8802363772516549
109 0.8802363772516549
110 0.8802379111238695
111 0.8802434315805084
112 0.8802559894260907
113 0.8802559894260907
114 0.8802559894260907
115 0.8802559894260907
116 0.8802559894260907
117 0.8802559894260907
118 0.8802579599231106
119 0.8802579599231106
120 0.8802579599231106
121 0.8802590790030504
122 0.8802590790030504
123 0.8802623251557039
124 0.880264583666045
125 0.880264583666045
126 0.880266107091636
127 0.880266107091636
128 0.880269091262485
129 0.8802704703989062
130 0.8802704703989062
131 0.8802712234782607
132 0.8802774922018364
133 0.8802774922018364
134 0.8802774922018364
135 0.8802784530377469
136 0.8802784530377469
137 0.8802784530377469
138 0.8802784530377469
139 0.8802808375103709
140 0.8802808375103709
141 0.8802808375103709
142 0.8802823296436687
143 0.8802823296436687
144 0.8802848276757137
145 0.8802853748649738
146 0.8802853748649738
147 0.8802869435917938
148 0.8802899610560588
149 0.880290575835434
150 0.880290575835434
151 0.8802913106387988
152 0.8802929015276605
153 0.8802929015276605
154 0.8802929015276605
155 0.8802943003467444
156 0.8802949800117125
157 0.8802951221941753
158 0.8802976567500389
159 0.8802976567500389
160 0.8802983740491495
161 0.8802983740491495
162 0.8802983740491495
163 0.880298479316999
164 0.8802992880312089
165 0.8802992880312089
166 0.8803026933637564
167 0.8803026933637564
168 0.8803041947050005
169 0.8803041947050005
170 0.8803041947050005
171 0.8803041947050005
172 0.8803041947050005
173 0.8803041947050005
174 0.8803041947050005
175 0.8803041947050005
176 0.8803041947050005
177 0.8803041947050005
178 0.8803041947050005
179 0.8803041947050005
180 0.8803041947050005
181 0.8803055146192763
182 0.8803055146192763
183 0.8803055146192763
184 0.8803066095336598
185 0.8803066095336598
186 0.8803073775451062
187 0.8803073775451062
188 0.880309502916387
189 0.8803097488206038
190 0.8803097488206038
191 0.8803097488206038
192 0.8803097488206038
193 0.8803097488206038
194 0.8803106232700262
195 0.8803106232700262
196 0.8803106232700262
197 0.8803121998762775
198 0.8803121998762775
199 0.8803121998762775
200 0.8803121998762775
201 0.8803129943849314
202 0.8803129943849314
203 0.8803129943849314
204 0.8803129943849314
205 0.8803151096896278
206 0.8803152276264208
207 0.8803152276264208
208 0.8803152276264208
209 0.8803175426174418
210 0.8803175426174418
211 0.8803175426174418
212 0.8803175426174418
213 0.8803175426174418
214 0.8803175426174418
215 0.8803181076176327
216 0.8803181076176327
217 0.8803181076176327
218 0.8803181076176327
219 0.8803181076176327
220 0.8803181076176327
221 0.8803181076176327
222 0.8803181076176327
223 0.8803181076176327
224 0.8803181076176327
225 0.8803181076176327
226 0.8803181076176327
227 0.880318122177598
228 0.880318122177598
229 0.8803185632864403
230 0.8803185632864403
231 0.8803185632864403
232 0.8803190988407007
233 0.8803190988407007
234 0.8803190988407007
235 0.8803190988407007
236 0.8803190988407007
237 0.8803211831557831
238 0.8803211831557831
239 0.8803211831557831
240 0.8803221890222783
241 0.8803221890222783
242 0.8803221890222783
243 0.8803221890222783
244 0.8803221890222783
245 0.8803221890222783
246 0.8803221890222783
247 0.8803221890222783
248 0.8803221890222783
249 0.8803221890222783
250 0.8803221890222783
251 0.8803230149373293
252 0.8803230149373293
253 0.8803230149373293
254 0.8803230149373293
255 0.8803231113924576
256 0.8803231113924576
257 0.8803231137248348
258 0.8803231137248348
259 0.8803231559244821
260 0.8803237539445522
261 0.8803237539445522
262 0.8803237539445522
263 0.8803237539445522
264 0.8803237539445522
265 0.8803243684563152
266 0.8803243684563152
267 0.8803246370009857
268 0.8803255467876291
269 0.8803255467876291
270 0.8803255467876291
271 0.8803255467876291
272 0.8803255467876291
273 0.8803255467876291
274 0.8803255467876291
275 0.8803255467876291
276 0.8803255467876291
277 0.8803255467876291
278 0.8803255467876291
279 0.8803255467876291
280 0.8803259771696167
281 0.8803259771696167
282 0.8803260014441505
283 0.8803260014441505
284 0.8803260014441505
285 0.8803267268464587
286 0.8803267268464587
287 0.8803267268464587
288 0.8803267268464587
289 0.8803280225674747
290 0.8803280225674747
291 0.8803280225674747
292 0.8803280225674747
293 0.8803280225674747
294 0.8803280225674747
295 0.8803290442151848
296 0.8803290442151848
297 0.8803290442151848
298 0.8803290442151848
299 0.8803290442151848
300 0.8803290442151848
301 0.8803290442151848
302 0.8803290442151848
303 0.8803296648872081
304 0.8803296648872081
305 0.8803296648872081
306 0.8803296648872081
307 0.8803296648872081
308 0.8803296648872081
309 0.8803296648872081
310 0.8803296648872081
311 0.8803296648872081
312 0.8803296648872081
313 0.8803296648872081
314 0.8803296648872081
315 0.8803297215794685
316 0.8803297215794685
317 0.8803297215794685
318 0.8803304415782229
319 0.8803304415782229
320 0.8803304415782229
321 0.8803304415782229
322 0.8803304415782229
323 0.8803304415782229
324 0.8803304415782229
325 0.8803308983901156
326 0.8803308983901156
327 0.8803308983901156
328 0.8803308983901156
329 0.8803308983901156
330 0.8803308983901156
331 0.8803308983901156
332 0.8803308983901156
333 0.8803308983901156
334 0.8803308983901156
335 0.8803311352713282
336 0.8803311352713282
337 0.8803311546597823
338 0.8803311880074621
339 0.8803311880074621
340 0.8803311880074621
341 0.8803311880074621
342 0.8803312275764679
343 0.8803313484042017
344 0.8803315898131214
345 0.880331604939761
346 0.880331604939761
347 0.880331604939761
348 0.880331604939761
349 0.880331604939761
350 0.880331604939761
351 0.880331604939761
352 0.880331604939761
353 0.880331604939761
354 0.880331604939761
355 0.880331604939761
356 0.8803318573110468
357 0.8803318573110468
358 0.8803318573110468
359 0.8803318573110468
360 0.8803318573110468
361 0.8803318573110468
362 0.8803318573110468
363 0.8803318573110468
364 0.8803318573110468
365 0.8803318573110468
366 0.8803318573110468
367 0.8803319882809908
368 0.8803319882809908
369 0.8803319882809908
370 0.8803319882809908
371 0.8803320422951795
372 0.8803320422951795
373 0.8803320422951795
374 0.8803321380493506
375 0.8803321380493506
376 0.8803321380493506
377 0.8803321380493506
378 0.880332207470836
379 0.880332207470836
380 0.880332207470836
381 0.880332207470836
382 0.880332207470836
383 0.880332207470836
384 0.8803322174817523
385 0.8803322174817523
386 0.880332412790613
387 0.880332412790613
388 0.880332412790613
389 0.880332412790613
390 0.880332412790613
391 0.880332412790613
392 0.880332412790613
393 0.880332412790613
394 0.880332412790613
395 0.880332412790613
396 0.880332412790613
397 0.880332412790613
398 0.880332412790613
399 0.880332412790613
400 0.880332606646134
401 0.880332606646134
402 0.880332606646134
403 0.880332606646134
404 0.8803327480225019
405 0.8803327480225019
406 0.8803327480225019
407 0.8803327480225019
408 0.8803327480225019
409 0.8803327480225019
410 0.8803327480225019
411 0.8803327480225019
412 0.8803327480225019
413 0.8803327480225019
414 0.8803328226381331
415 0.8803328759542147
416 0.8803328759542147
417 0.8803329110065338
418 0.8803329110065338
419 0.8803329110065338
420 0.8803329828409863
421 0.8803329828409863
422 0.8803330937401045
423 0.8803330937401045
424 0.8803330937401045
425 0.8803330937401045
426 0.8803330937401045
427 0.8803330937401045
428 0.8803330937401045
429 0.8803330937401045
430 0.8803330937401045
431 0.8803330937401045
432 0.8803330937401045
433 0.8803330937401045
434 0.8803330937401045
435 0.8803330937401045
436 0.8803330937401045
437 0.8803333368280007
438 0.8803333368280007
439 0.8803333368280007
440 0.8803333368280007
441 0.8803333368280007
442 0.8803333368280007
443 0.8803333368280007
444 0.8803333368280007
445 0.8803333368280007
446 0.8803333368280007
447 0.8803333368280007
448 0.8803333368280007
449 0.8803333368280007
450 0.8803333368280007
451 0.8803333368280007
452 0.8803333368280007
453 0.8803333368280007
454 0.8803333580512588
455 0.8803333580512588
456 0.8803333580512588
457 0.8803333580512588
458 0.8803333899362159
459 0.8803333899362159
460 0.8803333899362159
461 0.8803333899362159
462 0.8803333899362159
463 0.8803334947788745
464 0.8803334947788745
465 0.8803334947788745
466 0.8803334947788745
467 0.8803334947788745
468 0.8803334947788745
469 0.8803334947788745
470 0.8803334947788745
471 0.8803334947788745
472 0.8803334947788745
473 0.8803334947788745
474 0.8803334947788745
475 0.8803335187955653
476 0.8803336499135788
477 0.8803336499135788
478 0.8803336587505761
479 0.8803336587505761
480 0.8803336587505761
481 0.8803336587505761
482 0.8803336587505761
483 0.8803337870491268
484 0.8803337870491268
485 0.8803337870491268
486 0.8803337870491268
487 0.8803337870491268
488 0.8803337870491268
489 0.8803337870491268
490 0.8803337870491268
491 0.8803337870491268
492 0.8803337870491268
493 0.8803337870491268
494 0.8803337870491268
495 0.8803337870491268
496 0.8803337870491268
497 0.8803337870491268
498 0.8803337870491268
499 0.8803337870491268
500 0.8803338078089981
501 0.8803338078089981
502 0.8803338078089981
503 0.8803338078089981
504 0.8803338078089981
505 0.8803338078089981
506 0.8803338078089981
507 0.8803338078089981
508 0.8803338370527389
509 0.8803338370527389
510 0.8803338370527389
511 0.8803338370527389
512 0.8803338370527389
513 0.8803338370527389
514 0.8803338370527389
515 0.8803338370527389
516 0.8803339081487731
517 0.8803339081487731
518 0.8803339427097127
519 0.8803339427097127
520 0.8803339427097127
521 0.8803339427097127
522 0.8803339427097127
523 0.8803339427097127
524 0.8803339427097127
525 0.8803339427097127
526 0.8803339427097127
527 0.8803339427097127
528 0.8803339427097127
529 0.8803339427097127
530 0.8803339427097127
531 0.8803339427097127
532 0.8803339845784292
533 0.8803339845784292
534 0.8803339845784292
535 0.8803339845784292
536 0.8803339845784292
537 0.8803339845784292
538 0.8803339845784292
539 0.8803339845784292
540 0.8803339845784292
541 0.8803339845784292
542 0.8803339845784292
543 0.8803339845784292
544 0.8803339845784292
545 0.8803339845784292
546 0.8803339883156792
547 0.8803340497338041
548 0.8803340497338041
549 0.8803340497338041
550 0.8803340497338041
551 0.8803340497338041
552 0.8803340497338041
553 0.8803340497338041
554 0.8803340552999858
555 0.8803340552999858
556 0.8803341477621145
557 0.8803341477621145
558 0.8803341477621145
559 0.8803341477621145
560 0.8803341477621145
561 0.8803341477621145
562 0.8803341477621145
563 0.8803341477621145
564 0.8803341477621145
565 0.8803341477621145
566 0.8803341477621145
567 0.8803341477621145
568 0.8803341477621145
569 0.8803341477621145
570 0.8803341477621145
571 0.8803341477621145
572 0.8803341477621145
573 0.8803341477621145
574 0.8803341477621145
575 0.8803341477621145
576 0.8803341477621145
