000 0.18248036161103393
001 0.18248036161103393
002 0.2670350822894704
003 0.43844305389651056
004 0.4961060790859528
005 0.5481412842964413
006 0.5481412842964413
007 0.614288200958436
008 0.6533464633649201
009 0.7378729598818982
010 0.7378729598818982
011 0.7378729598818982
012 0.7986419985726296
013 0.7986419985726296
014 0.7986419985726296
015 0.8145005815199977
016 0.8145005815199977
017 0.8164431636915094
018 0.8164431636915094
019 0.8191194694150523
020 0.8207420990212544
021 0.8207420990212544
022 0.8207420990212544
023 0.8207420990212544
024 0.8256588412830377
025 0.8256588412830377
026 0.8256588412830377
027 0.8289702295248405
028 0.8289702295248405
029 0.8289702295248405
030 0.8297224423157131
031 0.8297224423157131
032 0.8297224423157131
033 0.8297224423157131
034 0.8297224423157131
035 0.8320206446415892
036 0.8320206446415892
037 0.8320206446415892
038 0.8320206446415892
039 0.8320206446415892
040 0.8320206446415892
041 0.8320206446415892
042 0.8320206446415892
043 0.8320206446415892
044 0.8328695522954921
045 0.8391006659061064
046 0.8410458221629001
047 0.844534688466715
048 0.8502485455156251
049 0.8509139781804536
050 0.8518694195454489
051 0.8518694195454489
052 0.852851854040225
053 0.852894364329273
054 0.852894364329273
055 0.852894364329273
056 0.852894364329273
057 0.852894364329273
058 0.852894364329273
059 0.852894364329273
060 0.8572067669383845
061 0.8598312612509141
062 0.8625517160687796
063 0.8638450351010107
064 0.8640967657968404
065 0.8640967657968404
066 0.8642721758687798
067 0.8642721758687798
068 0.8642721758687798
069 0.8642721758687798
070 0.8647747946760217
071 0.8647747946760217
072 0.8647747946760217
073 0.8657165162030378
074 0.8661496562079619
075 0.867833172184296
076 0.869011495689954
077 0.8694751949887155
078 0.869958260783267
079 0.8707113396689224
080 0.8714898617579191
081 0.8715695247842852
082 0.87156953770485
083 0.8715894759135605
084 0.8717115733747467
085 0.8717368487696305
086 0.8724848179932683
087 0.8724959564969458
088 0.8724959564969458
089 0.8724959564969458
090 0.8736023084840369
091 0.8739511735453623
092 0.8739832749094207
093 0.8739840486870579
094 0.8739922546480324
095 0.8739965655364584
096 0.8747916997851266
097 0.8747916997851266
098 0.8747921790137727
099 0.8749924678656148
100 0.87567149902842
101 0.8758291071117146
102 0.8759465920423479
103 0.8761890531872994
104 0.8762707322519105
105 0.8763042587528188
106 0.8764394306738231
107 0.8776711342471831
108 0.8778276212914842
109 0.8781079558218245
110 0.878600934032787
111 0.8786834698839188
112 0.8788288914249802
113 0.8788908333469907
114 0.878947599896223
115 0.8791140145070074
116 0.8791140145070074
117 0.8797732212005217
118 0.8799382520866894
119 0.8803156742757645
120 0.8805104920362891
121 0.8805104920362891
122 0.8807508761914946
123 0.880867960323395
124 0.8808752890313963
125 0.8809231356907858
126 0.8810607090982355
127 0.8811690442395836
128 0.8813580680227171
129 0.8815677275482467
130 0.8815677275482467
131 0.8816958885457931
132 0.8818028108180309
133 0.8820806444397983
134 0.8821217579531231
135 0.8821633390724972
136 0.8824450794222689
137 0.882498242925575
138 0.8827475045814754
139 0.8827475045814754
140 0.883009186949004
141 0.8830462713025875
142 0.8832798926864548
143 0.8833943000466326
144 0.8833943000466326
145 0.8833943000466326
146 0.8834182402746279
147 0.8836348717993631
148 0.8836348717993631
149 0.8838285266999621
150 0.8838285266999621
151 0.8838735101672434
152 0.8839112679509505
153 0.8840735995784874
154 0.8840735995784874
155 0.8841568653787993
156 0.8843130363220036
157 0.8843945840735342
158 0.8843945840735342
159 0.8843945840735342
160 0.8844731799354801
161 0.8845696883440894
162 0.8845696883440894
163 0.8847194476414907
164 0.8847963442651915
165 0.88490698226539
166 0.88490698226539
167 0.8849371402198607
168 0.8849371402198607
169 0.8849371402198607
170 0.8851048501736996
171 0.8851048501736996
172 0.8851048501736996
173 0.8851048501736996
174 0.8851503033131873
175 0.8852177851910409
176 0.8852177851910409
177 0.8852177851910409
178 0.8852177851910409
179 0.885240979098752
180 0.8852755605054778
181 0.8852755605054778
182 0.8852755605054778
183 0.8853150469076657
184 0.8853150469076657
185 0.885389313677854
186 0.8854944100661624
187 0.8854944100661624
188 0.8855179808421378
189 0.8855214133804096
190 0.8855214133804096
191 0.8855832967096525
192 0.8855832967096525
193 0.8855859615682447
194 0.8855859615682447
195 0.8856787647374437
196 0.8856787647374437
197 0.8856787647374437
198 0.8856787647374437
199 0.8857303112889876
200 0.8857303112889876
201 0.8857303112889876
202 0.8857524141832189
203 0.8857536220919555
204 0.885763326099957
205 0.8857671951841423
206 0.8857671951841423
207 0.8857873787079633
208 0.8858425399737507
209 0.8858425399737507
210 0.8858425399737507
211 0.8858452703811445
212 0.8858452703811445
213 0.8858452703811445
214 0.8858593655498482
215 0.8859044079193241
216 0.8859044079193241
217 0.8859044079193241
218 0.8859044079193241
219 0.8859044079193241
220 0.8859197428124066
221 0.8859361445190932
222 0.8859361445190932
223 0.8859361445190932
224 0.8859361445190932
225 0.8859361445190932
226 0.8859493378782441
227 0.8859493378782441
228 0.8859523877140429
229 0.885971769921895
230 0.885971769921895
231 0.885971769921895
232 0.885971769921895
233 0.8859948783487007
234 0.8859948783487007
235 0.8860099848783887
236 0.8860099848783887
237 0.8860099848783887
238 0.8860173829272054
239 0.8860173829272054
240 0.8860283024441512
241 0.8860283024441512
242 0.8860687294687561
243 0.8860957005748936
244 0.8860957005748936
245 0.8860957005748936
246 0.8860957005748936
247 0.8860957005748936
248 0.8860957005748936
249 0.8860957005748936
250 0.8861353712214273
251 0.8861353712214273
252 0.8861353712214273
253 0.8861448574100419
254 0.8861448574100419
255 0.8861448574100419
256 0.8861448574100419
257 0.8861482178302054
258 0.8861482178302054
259 0.8861482178302054
260 0.8861482178302054
261 0.8861491552700695
262 0.8861491552700695
263 0.8861592687054357
264 0.8861592687054357
265 0.88616285223371
266 0.88616285223371
267 0.88616285223371
268 0.8861794062919646
269 0.8861794062919646
270 0.886191329381711
271 0.886191329381711
272 0.8861975253196447
273 0.8861975253196447
274 0.8861975253196447
275 0.8861975253196447
276 0.8862145542506703
277 0.8862145542506703
278 0.8862145542506703
279 0.8862145542506703
280 0.8862145542506703
281 0.8862145542506703
282 0.8862239252016894
283 0.8862239252016894
284 0.886227635066291
285 0.886227635066291
286 0.8862280798567118
287 0.8862404029940942
288 0.8862404029940942
289 0.8862404029940942
290 0.8862404029940942
291 0.8862404029940942
292 0.8862404029940942
293 0.8862465626620132
294 0.8862465626620132
295 0.8862480518659379
296 0.8862509762641803
297 0.8862509762641803
298 0.8862509762641803
299 0.8862509762641803
300 0.8862509762641803
301 0.8862642050692014
302 0.8862824001764472
303 0.8862824001764472
304 0.8862824001764472
305 0.8862824001764472
306 0.8862824001764472
307 0.8862824001764472
308 0.8862824001764472
309 0.8862865076619372
310 0.8862865076619372
311 0.8862865076619372
312 0.8862865076619372
313 0.8862865076619372
314 0.8862865076619372
315 0.8862865076619372
316 0.8862865076619372
317 0.8862865076619372
318 0.8862899827835764
319 0.8862899827835764
320 0.8862899827835764
321 0.8862906395038911
322 0.8862910343578919
323 0.8862910343578919
324 0.8862910343578919
325 0.8863054344506653
326 0.8863054344506653
327 0.8863054344506653
328 0.8863125073574132
329 0.8863125073574132
330 0.8863156694758527
331 0.8863156694758527
332 0.8863156694758527
333 0.8863161828400883
334 0.8863161828400883
335 0.8863177088434314
336 0.8863177713302273
337 0.8863213360592309
338 0.8863213360592309
339 0.8863213360592309
340 0.8863213360592309
341 0.8863233620428864
342 0.8863323767268252
343 0.8863323767268252
344 0.8863323767268252
345 0.8863357758899111
346 0.8863429727038974
347 0.886348239221156
348 0.886348239221156
349 0.886348239221156
350 0.886348239221156
351 0.8863539531457794
352 0.8863539531457794
353 0.8863539531457794
354 0.8863539531457794
355 0.8863539531457794
356 0.8863557231221391
357 0.8863579061351391
358 0.8863579061351391
359 0.8863579061351391
360 0.8863579061351391
361 0.8863579061351391
362 0.8863579061351391
363 0.8863592800345025
364 0.8863592800345025
365 0.8863650974095288
366 0.8863677109122091
367 0.8863677109122091
368 0.8863677109122091
369 0.8863677109122091
370 0.8863677109122091
371 0.8863677109122091
372 0.8863677109122091
373 0.8863677109122091
374 0.8863677109122091
375 0.8863677109122091
376 0.886374729824703
377 0.886374729824703
378 0.886374729824703
379 0.886374729824703
380 0.886374729824703
381 0.886374729824703
382 0.886374729824703
383 0.886374729824703
384 0.886374729824703
385 0.8863752906634139
386 0.8863801431742349
387 0.8863801431742349
388 0.8863801431742349
389 0.8863801431742349
390 0.8863801431742349
391 0.8863804233015832
392 0.8863824401409033
393 0.8863884280894052
394 0.8863884280894052
395 0.8863884280894052
396 0.8863884280894052
397 0.8863884280894052
398 0.8863884280894052
399 0.8863884280894052
400 0.8863884280894052
401 0.8863884280894052
402 0.8863884280894052
403 0.8863901276460886
404 0.8863901276460886
405 0.8863901276460886
406 0.8863901276460886
407 0.8863901276460886
408 0.8863901276460886
409 0.8863901276460886
410 0.8863901276460886
411 0.8864020798541693
412 0.8864020798541693
413 0.8864020798541693
414 0.8864020798541693
415 0.8864020798541693
416 0.8864020798541693
417 0.8864020798541693
418 0.8864020798541693
419 0.8864020798541693
420 0.8864020798541693
421 0.8864020798541693
422 0.8864020798541693
423 0.8864020798541693
424 0.8864020798541693
425 0.8864020798541693
426 0.8864020798541693
427 0.8864032582577994
428 0.8864032582577994
429 0.8864032582577994
430 0.8864032582577994
431 0.8864032582577994
432 0.8864032582577994
433 0.8864032582577994
434 0.8864061361672626
435 0.8864061361672626
436 0.8864076221673277
437 0.8864076221673277
438 0.8864076221673277
439 0.8864076221673277
440 0.8864076221673277
441 0.8864076221673277
442 0.8864076221673277
443 0.8864076221673277
444 0.8864076221673277
445 0.8864076221673277
446 0.8864083693708457
447 0.8864083693708457
448 0.8864128180787505
449 0.8864128180787505
450 0.8864143607161936
451 0.8864143607161936
452 0.8864143607161936
453 0.8864143607161936
454 0.8864143607161936
455 0.8864143607161936
456 0.8864170627521495
457 0.8864170627521495
458 0.8864170627521495
459 0.8864170627521495
460 0.8864174890102848
461 0.8864204822977336
462 0.8864204822977336
463 0.8864204822977336
464 0.8864250179057224
465 0.8864250179057224
466 0.8864250179057224
467 0.8864250179057224
468 0.8864250179057224
469 0.8864250179057224
470 0.8864250179057224
471 0.8864250179057224
472 0.8864250179057224
473 0.8864250179057224
474 0.8864250179057224
475 0.8864280470975099
476 0.8864280470975099
477 0.8864280470975099
478 0.8864280470975099
479 0.8864280470975099
480 0.8864280470975099
481 0.8864280470975099
482 0.8864280470975099
483 0.8864280470975099
484 0.8864280470975099
485 0.8864280470975099
486 0.8864280470975099
487 0.8864282317185075
488 0.8864282317185075
489 0.8864282317185075
490 0.8864282317185075
491 0.8864282317185075
492 0.8864297693337987
493 0.8864297693337987
494 0.8864297693337987
495 0.8864297693337987
496 0.8864297693337987
497 0.8864305180189447
498 0.8864305180189447
499 0.8864305180189447
500 0.8864305180189447
501 0.8864305180189447
502 0.8864305180189447
503 0.8864305180189447
504 0.8864305180189447
505 0.8864305180189447
506 0.8864318235607971
507 0.8864318235607971
508 0.8864318235607971
509 0.8864318235607971
510 0.8864318235607971
511 0.8864339036657505
512 0.8864339036657505
513 0.8864339036657505
514 0.8864340221394431
515 0.8864340221394431
516 0.8864340221394431
517 0.8864340221394431
518 0.8864341756703706
519 0.8864341756703706
520 0.8864341756703706
521 0.8864341756703706
522 0.8864341756703706
523 0.8864341756703706
524 0.8864341756703706
525 0.8864341756703706
526 0.8864342999959484
527 0.8864375724686336
528 0.8864375724686336
529 0.8864377692765399
530 0.8864377692765399
531 0.8864377692765399
532 0.8864377692765399
533 0.8864377692765399
534 0.8864377692765399
535 0.8864377692765399
536 0.8864377692765399
537 0.8864377692765399
538 0.8864377692765399
539 0.8864377692765399
540 0.8864377692765399
541 0.8864377692765399
542 0.8864377692765399
543 0.8864377692765399
544 0.8864377692765399
545 0.8864377692765399
546 0.8864377692765399
547 0.8864377692765399
548 0.8864377692765399
549 0.8864377692765399
