000 0.20612321628319824
001 0.24617248706959863
002 0.35606654003412885
003 0.4000986244473742
004 0.43663445488285046
005 0.5324722316114976
006 0.568739494064568
007 0.6403819460270564
008 0.718007778218041
009 0.7350226967705359
010 0.752038200109827
011 0.7955235303389356
012 0.8266903601007911
013 0.8604339730981424
014 0.8813905327755599
015 0.8855476471086121
016 0.8921606747686991
017 0.8929243228341662
018 0.8972958044600428
019 0.8975232116405123
020 0.8976514033376195
021 0.898221851056959
022 0.898221851056959
023 0.898221851056959
024 0.8996910856198388
025 0.8996910856198388
026 0.8996969858707334
027 0.8996969858707334
028 0.8996969858707334
029 0.9016143434248616
030 0.9016143434248616
031 0.9020641224428689
032 0.9020641224428689
033 0.9020641224428689
034 0.9020641224428689
035 0.9020641224428689
036 0.9020641224428689
037 0.9020641224428689
038 0.9020641224428689
039 0.9042056932193467
040 0.9056326822120698
041 0.9061682021354883
042 0.9071160651684742
043 0.9081515060477988
044 0.9083197961688543
045 0.9085379070387193
046 0.9085674378672821
047 0.9085682197174991
048 0.9085682197174991
049 0.9085692173565626
050 0.9086202361008489
051 0.9086210423757748
052 0.9086210423757748
053 0.9092998867251788
054 0.9104351103750888
055 0.9110875712517682
056 0.9127687915317967
057 0.9128039780724646
058 0.9129908565495032
059 0.9132102880283504
060 0.9134597664489338
061 0.9136089836025529
062 0.9136418119994977
063 0.9137082164268625
064 0.9137660044602712
065 0.9137660044602712
066 0.9155022401920052
067 0.91575938273111
068 0.9160960644264791
069 0.916459597851878
070 0.9167217777984776
071 0.9170631563337438
072 0.9172145747192237
073 0.9172970579522508
074 0.9174290219999954
075 0.9174816274014562
076 0.9176409639256738
077 0.9178357814280297
078 0.9179841457870028
079 0.9185510017557297
080 0.9191891497908222
081 0.9196640393565377
082 0.9201842472136983
083 0.9208569397056493
084 0.9210555287350124
085 0.9212875519580573
086 0.9214247036852217
087 0.9214805942877525
088 0.9214888478046461
089 0.9215128669044663
090 0.9215324977277679
091 0.9216349241995616
092 0.9216403094457122
093 0.9222508999874919
094 0.9225159976857988
095 0.9228014464041909
096 0.9232499017776371
097 0.923381634563369
098 0.9238926095138459
099 0.9241557836650371
100 0.9241557836650371
101 0.924392762695795
102 0.9245051716005006
103 0.9247891022589695
104 0.9247891022589695
105 0.9248982691783686
106 0.9249511019663337
107 0.9250962361362339
108 0.9252177347535508
109 0.9253003815438405
110 0.9254059014574354
111 0.9255103781785108
112 0.9256341466985294
113 0.9258186205483898
114 0.925888178763175
115 0.9261841094103992
116 0.9261841094103992
117 0.9262714938426574
118 0.9262908389214245
119 0.9265368630561438
120 0.9265406168917458
121 0.9267015370262617
122 0.9268172564011196
123 0.926923914846049
124 0.9269447939027764
125 0.9270341144355028
126 0.9271616353841436
127 0.9272417978636677
128 0.9272766680471505
129 0.9273934374715981
130 0.9274407860767594
131 0.9275527944387425
132 0.9276158724911526
133 0.9277331454710463
134 0.9277862153883507
135 0.9278600074447299
136 0.9278600074447299
137 0.9279226649262782
138 0.9280090368702061
139 0.9280491407416745
140 0.9280817263355292
141 0.9281955925389825
142 0.9281955925389825
143 0.928290348413868
144 0.928290348413868
145 0.9283162457503153
146 0.9283934942077755
147 0.928512192042981
148 0.9285184754935722
149 0.9285344775208839
150 0.9285760645835008
151 0.9286185223532943
152 0.9286795131035391
153 0.9287317550516213
154 0.9287689818010928
155 0.9287689818010928
156 0.9288393850742506
157 0.928862886053896
158 0.9289031103962422
159 0.9289499776688889
160 0.9289656264552631
161 0.9289656264552631
162 0.9290152976234838
163 0.9290152976234838
164 0.9290499281128305
165 0.9290530650984272
166 0.9290908375672678
167 0.9291116753846401
168 0.9291484007101957
169 0.9291581562126443
170 0.9292371007211063
171 0.9292371007211063
172 0.9292371007211063
173 0.929269620960626
174 0.9292828834004646
175 0.9292959203972646
176 0.9293077345254853
177 0.9293474654698153
178 0.9293482678224193
179 0.9293520727545288
180 0.9293874694871012
181 0.9294032808750511
182 0.9294163502057009
183 0.9294540911773993
184 0.9294540911773993
185 0.9294540911773993
186 0.929454802213992
187 0.9294786134120594
188 0.9294786134120594
189 0.9294950261283241
190 0.9294953104648404
191 0.9295105970119796
192 0.929512772835146
193 0.929532592580888
194 0.9295425872726452
195 0.9295425872726452
196 0.9295520557840594
197 0.9295877542239774
198 0.9295951411779105
199 0.9295951411779105
200 0.9296043077024252
201 0.929612066827152
202 0.9296168761642958
203 0.9296364433779247
204 0.9296364433779247
205 0.9296608389260663
206 0.9296614228869587
207 0.9296834685832598
208 0.9296891482019043
209 0.9296932514094437
210 0.9296972207838791
211 0.9297015680014067
212 0.9297205566510766
213 0.9297205566510766
214 0.9297407063121185
215 0.9297407063121185
216 0.9297454909843434
217 0.9297454909843434
218 0.9297537328196595
219 0.9297537328196595
220 0.9297537328196595
221 0.9297765220520644
222 0.9297765220520644
223 0.9297765220520644
224 0.9297793475825492
225 0.9297793475825492
226 0.9297827145059158
227 0.9297949791333799
228 0.9297949791333799
229 0.9297949791333799
230 0.9298055815090307
231 0.9298055815090307
232 0.9298116807424083
233 0.9298127211892234
234 0.9298137352902952
235 0.9298157531690924
236 0.9298315432105717
237 0.9298315432105717
238 0.9298315432105717
239 0.9298315432105717
240 0.9298347272637697
241 0.9298347272637697
242 0.9298385317667628
243 0.9298410555382975
244 0.92984745797312
245 0.929859036967091
246 0.929859036967091
247 0.929859036967091
248 0.929859036967091
249 0.9298598305353776
250 0.9298646355997295
251 0.9298648123523321
252 0.9298672729110878
253 0.9298672729110878
254 0.9298727862343666
255 0.9298878367639651
256 0.9298878367639651
257 0.9298878367639651
258 0.9298878367639651
259 0.9298878367639651
260 0.9298878367639651
261 0.9298878367639651
262 0.9298897436740435
263 0.9298939974167063
264 0.9298939974167063
265 0.9298939974167063
266 0.9298939974167063
267 0.9299009032093909
268 0.9299009032093909
269 0.9299009032093909
270 0.9299009032093909
271 0.9299024175123525
272 0.9299030089768981
273 0.9299098842672519
274 0.9299098842672519
275 0.9299104932050871
276 0.9299150001545193
277 0.9299150001545193
278 0.9299150001545193
279 0.9299164063362666
280 0.9299164063362666
281 0.9299165600395819
282 0.9299165600395819
283 0.929921038821777
284 0.929921038821777
285 0.929921038821777
286 0.929921038821777
287 0.929921038821777
288 0.929921038821777
289 0.9299231299540521
290 0.9299302650494509
291 0.9299302650494509
292 0.9299317368584703
293 0.9299317368584703
294 0.9299317694806151
295 0.9299403546576951
296 0.9299403546576951
297 0.9299403546576951
298 0.9299403546576951
299 0.9299403546576951
300 0.9299424914010553
301 0.9299428636124847
302 0.9299428636124847
303 0.9299428636124847
304 0.9299428636124847
305 0.9299428636124847
306 0.9299442646952192
307 0.9299480228402404
308 0.9299480228402404
309 0.9299480228402404
310 0.9299480228402404
311 0.9299546855423448
312 0.9299546855423448
313 0.9299553400379889
314 0.9299553400379889
315 0.9299563313012084
316 0.9299567519900598
317 0.9299567519900598
318 0.9299567519900598
319 0.9299568501674385
320 0.929960160090893
321 0.929960160090893
322 0.9299640102974434
323 0.9299640102974434
324 0.9299640102974434
325 0.9299640102974434
326 0.9299640102974434
327 0.9299640102974434
328 0.9299661542312859
329 0.9299661542312859
330 0.9299679481259389
331 0.9299709545146922
332 0.9299709545146922
333 0.9299709545146922
334 0.9299709545146922
335 0.9299709545146922
336 0.9299709545146922
337 0.9299709545146922
338 0.9299721498899712
339 0.9299721498899712
340 0.9299727138831791
341 0.9299730242667746
342 0.9299730242667746
343 0.9299754889695004
344 0.9299754889695004
345 0.9299754889695004
346 0.9299754889695004
347 0.9299754889695004
348 0.9299759477737699
349 0.9299783392802696
350 0.9299791201926143
351 0.9299791201926143
352 0.9299791201926143
353 0.9299791201926143
354 0.9299791201926143
355 0.9299794347993898
356 0.9299794347993898
357 0.9299794347993898
358 0.9299798910984912
359 0.9299803266487248
360 0.9299804147662134
361 0.9299814848044213
362 0.9299833582849437
363 0.9299833582849437
364 0.9299833582849437
365 0.9299833582849437
366 0.9299835397296481
367 0.9299835397296481
368 0.9299851697418895
369 0.9299851697418895
370 0.9299851697418895
371 0.9299851697418895
372 0.9299851697418895
373 0.9299871967410758
374 0.9299891102550708
375 0.9299891102550708
376 0.9299891102550708
377 0.9299891102550708
378 0.9299891102550708
379 0.9299891102550708
380 0.9299915689747104
381 0.9299915689747104
382 0.9299915689747104
383 0.9299915689747104
384 0.9299915689747104
385 0.9299915689747104
386 0.9299915689747104
387 0.9299916944100673
388 0.9299921762482269
389 0.9299921762482269
390 0.9299921762482269
391 0.9299921762482269
392 0.9299925733671334
393 0.9299925733671334
394 0.9299925733671334
395 0.9299925733671334
396 0.9299926582310364
397 0.9299926582310364
398 0.9299936755639673
399 0.9299936755639673
400 0.9299936755639673
401 0.9299938108633283
402 0.9299938108633283
403 0.9299938108633283
404 0.9299943970525579
405 0.9299943970525579
406 0.9299955202790896
407 0.9299955202790896
408 0.9299955202790896
409 0.9299955202790896
410 0.9299966304045232
411 0.9299966304045232
412 0.9299966304045232
413 0.9299966304045232
414 0.9299966304045232
415 0.9299968631493962
416 0.9299968631493962
417 0.9299968631493962
418 0.9299968631493962
419 0.9299968631493962
420 0.9299968631493962
421 0.9299968631493962
422 0.9299968631493962
423 0.9299980669538501
424 0.9299980669538501
425 0.9299980669538501
426 0.92999855730553
427 0.929998717495459
428 0.929998717495459
429 0.929998717495459
430 0.929998717495459
431 0.9299990134094823
432 0.9299990134094823
433 0.9299993381350512
434 0.9299993381350512
435 0.9299993381350512
436 0.9299993381350512
437 0.9299995547240222
438 0.9299995547240222
439 0.9299995547240222
440 0.9299995547240222
441 0.9299995547240222
442 0.9299999035187698
443 0.9300003096428873
444 0.9300003096428873
445 0.9300011115032948
446 0.9300011115032948
447 0.9300011115032948
448 0.9300011115032948
449 0.9300011115032948
450 0.9300011115032948
451 0.9300016108194741
452 0.9300016108194741
453 0.9300016108194741
454 0.9300016108194741
455 0.9300016108194741
456 0.9300016108194741
457 0.9300016108194741
458 0.9300020077660964
459 0.9300022818183011
460 0.9300026278089231
461 0.9300026278089231
462 0.9300026278089231
463 0.9300027812730521
464 0.9300027812730521
465 0.9300032534136399
466 0.9300035068150292
467 0.9300035068150292
468 0.9300035068150292
469 0.9300035068150292
470 0.9300035068150292
471 0.9300040367209261
472 0.9300042963481905
473 0.9300047444275599
474 0.9300054502604819
475 0.9300054502604819
476 0.9300057205479895
477 0.9300057205479895
478 0.9300064298117471
479 0.9300064298117471
480 0.9300064298117471
481 0.9300064298117471
482 0.9300064298117471
483 0.9300064620651287
484 0.9300064620651287
485 0.9300064620651287
486 0.9300064620651287
487 0.9300064620651287
488 0.9300064620651287
489 0.9300064620651287
490 0.9300064620651287
491 0.9300064620651287
492 0.9300064620651287
493 0.9300092019696745
494 0.9300092019696745
495 0.9300092019696745
496 0.9300092019696745
497 0.9300092019696745
498 0.9300092019696745
499 0.9300092019696745
500 0.9300092019696745
501 0.9300092019696745
502 0.9300092019696745
503 0.9300092019696745
504 0.9300092019696745
505 0.9300092019696745
506 0.9300092019696745
507 0.9300092019696745
508 0.9300092019696745
509 0.9300092019696745
510 0.9300092019696745
511 0.9300092019696745
512 0.9300092019696745
513 0.9300092019696745
