000 0.10880045399032932
001 0.15543508520328989
002 0.25362792934876544
003 0.2586675645754319
004 0.531084951661164
005 0.5599514010086986
006 0.5599514010086986
007 0.5599514010086986
008 0.7113317972616618
009 0.7113317972616618
010 0.7434650860330618
011 0.7738497928111154
012 0.7910832496236079
013 0.8154989028604288
014 0.8154989028604288
015 0.8259436036894998
016 0.8341385041016928
017 0.8395093751572462
018 0.8405738409971981
019 0.8405976726870422
020 0.8405976726870422
021 0.8432598991058445
022 0.8433836850450753
023 0.8433836850450753
024 0.8439505144310281
025 0.8439505144310281
026 0.8439505144310281
027 0.8440985950006339
028 0.8445151485700348
029 0.8445151485700348
030 0.8445151485700348
031 0.8468203979710219
032 0.8486071991649532
033 0.8506414832164159
034 0.8534233825661046
035 0.8557839967067368
036 0.8582616109366733
037 0.8593235432693506
038 0.8604789334250317
039 0.8612411026967461
040 0.8627232473402199
041 0.8628277524461831
042 0.8630698489500906
043 0.8635547287318016
044 0.863769278865509
045 0.8638189596826719
046 0.8638439917384008
047 0.8638558098440775
048 0.8638807659316434
049 0.8638807659316434
050 0.8661289468053088
051 0.867739228469139
052 0.8692854645524196
053 0.8727780086538349
054 0.8740552665115303
055 0.8740552665115303
056 0.8747955920993731
057 0.8753143279018132
058 0.8755379783043863
059 0.8756827663617189
060 0.8757979063527219
061 0.8758753084856482
062 0.8758785905194815
063 0.8758785905194815
064 0.8758785905194815
065 0.8758785905194815
066 0.8781318213675989
067 0.8794007933147373
068 0.8812412608128929
069 0.8831675037760233
070 0.8835163310993149
071 0.8847007243842454
072 0.8853900634415467
073 0.885565240223214
074 0.8861303751900219
075 0.8861303751900219
076 0.8864457639524527
077 0.8869183574364363
078 0.8875565072161223
079 0.8878472898711198
080 0.8879850973211761
081 0.8880652948856468
082 0.8880652948856468
083 0.8882653049218502
084 0.8883498827194963
085 0.8883498827194963
086 0.8883498827194963
087 0.8883498827194963
088 0.8903338065062032
089 0.8913131886527811
090 0.8924667405962224
091 0.8938234777150611
092 0.8955508382649355
093 0.8962153106828822
094 0.8966287217588572
095 0.8969427862537502
096 0.8972841483530758
097 0.8975867202638076
098 0.8976875332706407
099 0.897741557308658
100 0.8977420525129111
101 0.8977420525129111
102 0.8977420525129111
103 0.8981800609499336
104 0.899348427749966
105 0.9001066927579993
106 0.9006757937055387
107 0.901715166220176
108 0.9025963877899073
109 0.9029285224926872
110 0.9038844697626025
111 0.9043145964979296
112 0.9044567155777478
113 0.9045124972032568
114 0.904563073532953
115 0.9046416838752162
116 0.904710777655009
117 0.9048057498802063
118 0.9059511411897099
119 0.906066389024993
120 0.906066389024993
121 0.9061013339041625
122 0.906861479141064
123 0.9075090054888307
124 0.9084410550474774
125 0.9093774567540979
126 0.9098687075466506
127 0.9100552249675666
128 0.9105641536826252
129 0.9109029211295897
130 0.9112682599838098
131 0.9115144621352591
132 0.9117032548552246
133 0.9117713865478321
134 0.9119107144165511
135 0.9120502877015328
136 0.9120914881542151
137 0.9120930748016158
138 0.9121529350400185
139 0.912813229642637
140 0.9132168931202677
141 0.9137984798483869
142 0.9140018230765761
143 0.9145568040205402
144 0.91480513136464
145 0.9148672724885868
146 0.9152647286851745
147 0.9154126057573706
148 0.9155948734053622
149 0.9157616074070621
150 0.9159446477284052
151 0.9162219471192428
152 0.9162219737801277
153 0.9165552099900602
154 0.9168452248952788
155 0.9171967444057924
156 0.9178101215310925
157 0.9181568973493219
158 0.9187045987882487
159 0.919095392611952
160 0.9194608232838009
161 0.9195457290294615
162 0.9195998472878206
163 0.919747138919409
164 0.9197871783190767
165 0.9197957406503655
166 0.9198029404114577
167 0.9198068843433186
168 0.920121643847268
169 0.9205208940707215
170 0.920659406643327
171 0.9211456399179676
172 0.9219059515735886
173 0.9219059515735886
174 0.9220662210150562
175 0.9222751490139792
176 0.9225178407331794
177 0.9226938103323714
178 0.9228123547451447
179 0.9229454342183034
180 0.923034920510342
181 0.9231471838083526
182 0.9233340955927178
183 0.9235985728329897
184 0.9237852400115408
185 0.9240864969781385
186 0.9241573733565265
187 0.9242715017154925
188 0.9244832982367485
189 0.9249721917606921
190 0.9250076176969857
191 0.9253439540670582
192 0.9255327204226589
193 0.9256865669784679
194 0.9258670822518335
195 0.9259734580816543
196 0.9262492388329336
197 0.9266433274569179
198 0.9266433274569179
199 0.9267525463732638
200 0.9269998590278457
201 0.9270976387788962
202 0.9273144227531422
203 0.9273427966212062
204 0.9273677502573463
205 0.9276765024151599
206 0.9276765024151599
207 0.9278122494467891
208 0.927907973411819
209 0.9280616073529393
210 0.9281676507931544
211 0.928307292957678
212 0.9284451961853853
213 0.9285685433285455
214 0.928780307866724
215 0.9289778650187939
216 0.9291121567915969
217 0.9292290693825318
218 0.9292464134239541
219 0.9293096391001495
220 0.9293829912943221
221 0.9295264257781828
222 0.9296185430609204
223 0.929671424704836
224 0.9298924759904925
225 0.9298924759904925
226 0.9299328240677331
227 0.9300765659760467
228 0.93013153396174
229 0.9303106246031878
230 0.9303542678318591
231 0.930420462376888
232 0.9305198386073709
233 0.9306514130524487
234 0.9306994352285284
235 0.9307412418738721
236 0.9307565647975774
237 0.930894566668128
238 0.9310199370069783
239 0.9310199370069783
240 0.9311048800777352
241 0.9311501158594584
242 0.9313180470025969
243 0.9313180470025969
244 0.9313180470025969
245 0.9313235458242557
246 0.9313829767267808
247 0.9314368924521396
248 0.9315013536078579
249 0.9315063013606193
250 0.9315225448625335
251 0.9316009822184617
252 0.9316437526166053
253 0.9316437526166053
254 0.9317459582303983
255 0.9317980365842906
256 0.9317980365842906
257 0.9318413319859228
258 0.9318413319859228
259 0.9318806809105616
260 0.9319417250904669
261 0.9319417250904669
262 0.9319620348816468
263 0.9320069051257018
264 0.9320069051257018
265 0.9320459602484055
266 0.9320630854409836
267 0.9321036819615396
268 0.9321284209855019
269 0.9321337155632807
270 0.9321709151603859
271 0.9321998503186862
272 0.9321998503186862
273 0.9321998503186862
274 0.9322433869410606
275 0.9322558193948801
276 0.9322926737683205
277 0.9323422528497096
278 0.9323422528497096
279 0.9323422528497096
280 0.9323422528497096
281 0.9323701730823524
282 0.9323969483229538
283 0.9324189093187787
284 0.9324482211562349
285 0.9324530423939903
286 0.9324850086409029
287 0.9324876879813504
288 0.9325268157651389
289 0.9325399970237059
290 0.9325682743510578
291 0.9325763354716161
292 0.9326112297928485
293 0.9326357223470596
294 0.9326732276285525
295 0.9326732276285525
296 0.9326732276285525
297 0.9326732276285525
298 0.9326968775896605
299 0.9326968775896605
300 0.9326968775896605
301 0.932731073930502
302 0.932731073930502
303 0.932731073930502
304 0.9327388779839463
305 0.9327474430257485
306 0.9327726893545265
307 0.9327726893545265
308 0.9327925658482312
309 0.9327994042463867
310 0.9327994042463867
311 0.9327995237544465
312 0.9328096746636871
313 0.9328307164123885
314 0.932839914736168
315 0.932839914736168
316 0.9328414165820051
317 0.9328543926419861
318 0.9328543926419861
319 0.9328543926419861
320 0.932856816938123
321 0.9328760851716509
322 0.9328833325028065
323 0.9328833325028065
324 0.9328941016100986
325 0.9329042033712663
326 0.9329140996714484
327 0.9329212739973103
328 0.9329238191875614
329 0.9329244640216956
330 0.9329404870749191
331 0.9329404870749191
332 0.9329422063589421
333 0.9329451884480355
334 0.9329491410173616
335 0.9329540063357373
336 0.9329787202663389
337 0.9329787202663389
338 0.9329787202663389
339 0.9329787202663389
340 0.9329787202663389
341 0.932978822481446
342 0.9329845638982821
343 0.9329845638982821
344 0.9329847878213039
345 0.9329950856241059
346 0.9329986045986449
347 0.9329986045986449
348 0.9330012023691167
349 0.9330052734715486
350 0.9330056861336085
351 0.9330056861336085
352 0.933018787943965
353 0.933018787943965
354 0.9330285132656334
355 0.9330285132656334
356 0.9330285132656334
357 0.9330285132656334
358 0.9330315391017018
359 0.9330315391017018
360 0.9330317261095459
361 0.9330317261095459
362 0.9330389754991536
363 0.9330389754991536
364 0.9330432585435346
365 0.9330519947024691
366 0.9330519947024691
367 0.9330524273914319
368 0.9330551386833252
369 0.9330738728842651
370 0.9330738728842651
371 0.9330738728842651
372 0.9330738728842651
373 0.9330738728842651
374 0.9330738728842651
375 0.933074285756151
376 0.933078605368843
377 0.9330842255979869
378 0.9330842255979869
379 0.9330888541276511
380 0.9330911271052439
381 0.933093224053572
382 0.933101859340997
383 0.933101859340997
384 0.933101859340997
385 0.933101859340997
386 0.9331049648252187
387 0.9331049648252187
388 0.9331075570595585
389 0.933110100627428
390 0.9331106090528087
391 0.9331108527607563
392 0.9331154301924847
393 0.9331154301924847
394 0.9331211188270779
395 0.9331211188270779
396 0.9331211188270779
397 0.9331211188270779
398 0.9331222721789144
399 0.9331222721789144
400 0.9331250900998144
401 0.9331250900998144
402 0.9331250900998144
403 0.9331285747198281
404 0.9331288113553552
405 0.9331303507643002
406 0.9331409550482969
407 0.9331409550482969
408 0.9331409550482969
409 0.9331409550482969
410 0.9331409550482969
411 0.9331432270804869
412 0.9331445549694323
413 0.9331475715231193
414 0.9331495412580533
415 0.933154633098791
416 0.933154633098791
417 0.933154633098791
418 0.933154633098791
419 0.933154633098791
420 0.9331556450155273
421 0.9331614549887295
422 0.9331614549887295
423 0.9331614549887295
424 0.9331635691162896
425 0.9331635691162896
426 0.9331637467671728
427 0.933164830150407
428 0.933167076712306
429 0.933167205652968
430 0.9331682597017731
431 0.9331682597017731
432 0.9331720605237176
433 0.9331740217376617
434 0.9331740217376617
435 0.9331740217376617
436 0.9331784465152777
437 0.9331784465152777
438 0.9331784465152777
439 0.9331784465152777
440 0.9331823953524564
441 0.9331823953524564
442 0.9331823953524564
443 0.9331823953524564
444 0.9331845892938656
445 0.9331845892938656
446 0.9331845892938656
447 0.9331845892938656
448 0.9331845892938656
449 0.9331850647507545
450 0.9331850647507545
451 0.9331880139445858
452 0.9331880139445858
453 0.9331887318948695
454 0.9331887318948695
455 0.9331887318948695
456 0.9331887318948695
457 0.9331901522968119
458 0.9331948963346007
459 0.9331948963346007
460 0.9331948963346007
461 0.9331948963346007
462 0.9331948963346007
463 0.9331948963346007
464 0.9331948963346007
465 0.9331948963346007
466 0.9331948963346007
467 0.9331948963346007
468 0.9331948963346007
469 0.9331948963346007
470 0.9331956661443281
471 0.9331972233093367
472 0.9331972233093367
473 0.9331972263945166
474 0.9331972263945166
475 0.9332002805395482
476 0.9332017058943953
477 0.9332017058943953
478 0.9332020121409036
479 0.9332020121409036
480 0.9332020838243502
481 0.9332020838243502
482 0.9332023370130141
483 0.9332023370130141
484 0.9332063353333714
485 0.9332064087945388
486 0.9332066133892184
487 0.9332066133892184
488 0.9332070514137705
489 0.9332070514137705
490 0.9332122151528075
491 0.9332122151528075
492 0.9332122151528075
493 0.9332122151528075
494 0.9332122151528075
495 0.9332122151528075
496 0.9332122151528075
497 0.9332122151528075
498 0.9332122151528075
499 0.9332150651769624
500 0.9332150651769624
501 0.9332150651769624
502 0.9332150651769624
503 0.9332150651769624
504 0.9332150651769624
505 0.9332151028305421
506 0.9332151028305421
507 0.9332159120519752
508 0.9332172731993346
509 0.9332172731993346
510 0.9332172731993346
511 0.9332172731993346
512 0.9332172731993346
513 0.9332177957011901
514 0.9332191237805886
515 0.9332191237805886
516 0.9332191237805886
517 0.9332191237805886
518 0.9332207359164938
519 0.9332207359164938
520 0.9332207359164938
521 0.9332209630342573
522 0.9332209793182242
523 0.9332209793182242
524 0.9332211179673607
525 0.933221238087998
526 0.933221238087998
527 0.9332218250840659
528 0.9332218678891284
529 0.933223052027996
530 0.933223052027996
531 0.933223052027996
532 0.933223606136843
533 0.933223606136843
534 0.933223606136843
535 0.933223606136843
536 0.933223606136843
537 0.9332251999240588
538 0.9332251999240588
539 0.9332254761485635
540 0.9332254761485635
541 0.9332272366046419
542 0.9332275469012673
543 0.9332275469012673
544 0.9332275469012673
545 0.9332275469012673
546 0.9332277087627496
547 0.9332277087627496
548 0.9332292738308912
549 0.9332292738308912
550 0.9332292738308912
551 0.9332292738308912
552 0.9332292738308912
553 0.9332292738308912
554 0.9332292738308912
555 0.9332304274728592
556 0.9332304274728592
557 0.9332304274728592
558 0.9332304274728592
559 0.9332304274728592
560 0.9332304274728592
561 0.9332315033233354
562 0.9332315033233354
563 0.9332315033233354
564 0.9332315033233354
565 0.9332315033233354
566 0.9332315033233354
567 0.9332315033233354
568 0.933232058966997
569 0.933232058966997
570 0.933232058966997
571 0.933232058966997
572 0.933232058966997
573 0.9332321530621394
574 0.9332326725625636
575 0.9332326725625636
576 0.9332326725625636
577 0.9332336557732748
578 0.9332336557732748
579 0.9332336557732748
580 0.9332350076023433
581 0.9332355026481519
582 0.9332355996564917
583 0.9332355996564917
584 0.9332355996564917
585 0.9332355996564917
586 0.9332355996564917
587 0.9332355996564917
588 0.9332357152758006
589 0.9332369970350789
590 0.9332369970350789
591 0.9332369970350789
592 0.9332369970350789
593 0.9332369970350789
594 0.9332369970350789
595 0.9332369970350789
596 0.9332369970350789
597 0.9332371090897088
598 0.9332379422758159
599 0.9332392645908864
600 0.9332392645908864
601 0.9332392645908864
602 0.9332392645908864
603 0.9332392645908864
604 0.9332402193523258
605 0.9332402193523258
606 0.9332402193523258
607 0.9332402193523258
608 0.9332402193523258
609 0.9332418878243227
610 0.9332421225565312
611 0.9332421225565312
612 0.9332421225565312
613 0.9332421225565312
614 0.9332421225565312
615 0.9332421225565312
616 0.9332421225565312
617 0.9332421225565312
618 0.9332425568849917
619 0.9332425568849917
620 0.9332425568849917
621 0.9332425568849917
622 0.9332425568849917
623 0.9332425568849917
624 0.9332426454586153
625 0.9332428439687435
626 0.9332428439687435
627 0.9332428439687435
628 0.9332428439687435
629 0.9332428439687435
630 0.9332428439687435
631 0.9332428439687435
632 0.9332428439687435
633 0.9332428439687435
634 0.9332428834018193
635 0.9332428834018193
636 0.9332428834018193
637 0.9332428989335805
638 0.9332429832421825
639 0.9332437539361182
640 0.9332437539361182
641 0.9332437539361182
642 0.9332437539361182
643 0.9332437539361182
644 0.9332439013374139
645 0.9332439013374139
646 0.9332442891512869
647 0.9332442891512869
648 0.9332442891512869
649 0.9332442891512869
650 0.9332442891512869
651 0.9332442891512869
652 0.9332442891512869
653 0.9332442891512869
654 0.9332442891512869
655 0.9332442891512869
656 0.9332442891512869
657 0.9332442891512869
658 0.9332443835381175
659 0.9332447735008621
660 0.9332450736218199
661 0.9332450736218199
662 0.9332450736218199
663 0.9332457365041812
664 0.9332457365041812
665 0.9332457365041812
666 0.9332457365041812
667 0.9332457365041812
668 0.9332457365041812
669 0.9332457365041812
670 0.9332457365041812
671 0.9332460314447287
672 0.9332461741410766
673 0.9332461741410766
674 0.9332461741410766
675 0.9332461741410766
676 0.9332461741410766
677 0.9332461741410766
678 0.9332461741410766
679 0.9332461741410766
680 0.9332470054019071
681 0.9332470054019071
682 0.9332470054019071
683 0.9332470054019071
684 0.9332470054019071
685 0.9332470054019071
686 0.9332470054019071
687 0.9332470054019071
688 0.9332470054019071
689 0.9332470054019071
690 0.9332470054019071
691 0.9332477911150409
692 0.9332477911150409
693 0.9332477911150409
694 0.9332477911150409
695 0.9332477911150409
696 0.9332477911150409
697 0.9332477911150409
698 0.9332477911150409
699 0.9332477911150409
700 0.9332477911150409
701 0.9332479281650404
702 0.9332479281650404
703 0.9332479281650404
704 0.9332479281650404
705 0.9332479281650404
706 0.9332479281650404
707 0.9332479281650404
708 0.9332479281650404
709 0.9332479448671437
710 0.9332479448671437
711 0.9332480530780447
712 0.9332480530780447
713 0.9332480530780447
714 0.9332480530780447
715 0.9332480530780447
716 0.9332482116972796
717 0.9332482116972796
718 0.9332482116972796
719 0.9332482116972796
720 0.933248374340553
721 0.933248374340553
722 0.9332484153958057
723 0.9332484153958057
724 0.9332484153958057
725 0.9332484153958057
726 0.9332484153958057
727 0.9332486355303296
728 0.9332492547796618
729 0.9332492547796618
730 0.9332492547796618
731 0.9332492547796618
732 0.9332492547796618
733 0.9332492547796618
734 0.9332492547796618
735 0.9332492547796618
736 0.9332492547796618
737 0.9332492547796618
738 0.9332493327087068
739 0.9332493327087068
740 0.9332493327087068
741 0.9332493327087068
742 0.9332493327087068
743 0.9332493327087068
744 0.9332493327087068
745 0.9332493327087068
746 0.9332493327087068
747 0.9332493327087068
748 0.9332493327087068
749 0.93324958851337
750 0.93324958851337
751 0.93324958851337
752 0.93324958851337
753 0.93324958851337
754 0.93324958851337
755 0.93324958851337
756 0.93324958851337
757 0.9332496185104828
758 0.9332500652670682
759 0.9332500652670682
760 0.9332500652670682
761 0.9332500652670682
762 0.9332500652670682
763 0.9332500652670682
764 0.9332500652670682
765 0.9332500652670682
766 0.9332500652670682
767 0.9332500652670682
768 0.9332500652670682
769 0.9332500652670682
770 0.9332502029461544
771 0.933250504258622
772 0.933250504258622
773 0.933250504258622
774 0.933250504258622
775 0.933250504258622
776 0.933250504258622
777 0.933250504258622
778 0.933250504258622
779 0.933250504258622
780 0.933250577560807
781 0.933250577560807
782 0.933250577560807
783 0.933250577560807
784 0.933250577560807
785 0.933250577560807
786 0.933250577560807
787 0.9332510545029546
788 0.9332510545029546
789 0.9332510545029546
790 0.9332511619421543
791 0.9332511619421543
792 0.9332511619421543
793 0.9332511619421543
794 0.9332512085898379
795 0.9332517233469746
796 0.9332517233469746
797 0.9332517233469746
798 0.9332517233469746
799 0.9332517233469746
800 0.9332517233469746
801 0.9332517233469746
802 0.9332517233469746
803 0.9332517233469746
804 0.9332517233469746
805 0.9332517233469746
806 0.9332517233469746
807 0.9332517233469746
808 0.9332517233469746
809 0.9332517233469746
810 0.933252082516872
811 0.933252082516872
812 0.933252082516872
813 0.933252082516872
814 0.933252082516872
815 0.933252082516872
816 0.933252082516872
817 0.933252082516872
818 0.933252082516872
819 0.9332523846511849
820 0.9332523846511849
821 0.9332523846511849
822 0.9332523846511849
823 0.9332525675058577
824 0.9332525675058577
825 0.9332525675058577
826 0.9332525786035555
827 0.9332527298350952
828 0.9332527298350952
829 0.9332527298350952
830 0.9332527298350952
831 0.9332527298350952
832 0.9332541398047387
833 0.9332541398047387
834 0.9332541398047387
835 0.9332541398047387
836 0.9332541398047387
837 0.9332541398047387
838 0.9332541398047387
839 0.9332541398047387
840 0.9332541398047387
841 0.9332541398047387
842 0.9332541398047387
843 0.9332541398047387
844 0.9332541398047387
845 0.933254196205169
846 0.933254196205169
847 0.933254196205169
848 0.9332542904901817
849 0.9332542904901817
850 0.9332542904901817
851 0.9332542904901817
852 0.9332543272664819
853 0.9332543272664819
854 0.9332543272664819
855 0.9332543272664819
856 0.9332543272664819
857 0.9332545290765207
858 0.9332545438097561
859 0.933254838241764
860 0.9332548634046074
861 0.9332548634046074
862 0.9332548634046074
863 0.9332548634046074
864 0.9332548634046074
865 0.9332553078970981
866 0.9332553078970981
867 0.9332556515432249
868 0.9332556515432249
869 0.9332556515432249
870 0.9332556515432249
871 0.9332558986690406
872 0.9332558986690406
873 0.9332558986690406
874 0.9332558986690406
875 0.9332558986690406
876 0.9332558986690406
877 0.9332558986690406
878 0.9332558986690406
879 0.9332558986690406
880 0.9332558986690406
881 0.9332558986690406
882 0.9332558986690406
883 0.9332558986690406
884 0.9332558986690406
885 0.9332558986690406
886 0.9332558986690406
887 0.9332558986690406
888 0.9332558986690406
889 0.9332558986690406
890 0.9332558996978687
891 0.9332558996978687
892 0.9332558996978687
893 0.9332558996978687
894 0.9332559086632715
895 0.9332559086632715
896 0.9332559086632715
897 0.9332559086632715
898 0.9332561199203275
899 0.9332561199203275
900 0.9332561199203275
901 0.9332561199203275
902 0.9332561199203275
903 0.9332561199203275
904 0.9332561199203275
905 0.9332561199203275
906 0.9332561199203275
907 0.9332561199203275
908 0.9332561199203275
909 0.9332561199203275
910 0.9332561199203275
911 0.933256151987467
912 0.933256151987467
913 0.933256151987467
914 0.933256151987467
915 0.9332561659394589
916 0.9332563532749385
917 0.9332563532749385
918 0.9332563532749385
919 0.9332565731143014
920 0.9332565731143014
921 0.9332565731143014
922 0.9332565731143014
923 0.9332565731143014
924 0.9332565731143014
925 0.9332565731143014
926 0.9332565731143014
927 0.9332565731143014
928 0.9332565731143014
929 0.9332565731143014
930 0.9332565731143014
931 0.933256626089989
932 0.933256626089989
933 0.933256626089989
934 0.9332568813462429
935 0.9332569477454937
936 0.9332569477454937
937 0.9332573834795846
938 0.9332573834795846
939 0.9332573834795846
940 0.9332573834795846
941 0.9332573834795846
942 0.9332573834795846
943 0.9332573834795846
944 0.9332573834795846
945 0.9332573834795846
946 0.9332573834795846
947 0.9332573834795846
948 0.9332573834795846
949 0.9332573834795846
950 0.9332573834795846
951 0.9332573834795846
952 0.9332573834795846
953 0.9332573834795846
954 0.9332573834795846
955 0.9332573834795846
956 0.9332573834795846
957 0.9332573834795846
