000 0.11401002987617039
001 0.2049836930431904
002 0.24600804749597235
003 0.2876319955730968
004 0.32036526407356236
005 0.42570134759653266
006 0.4676523565248205
007 0.5731906920961582
008 0.5910624555282203
009 0.6538054662152899
010 0.6727129859732484
011 0.7378315594875475
012 0.7515180479271671
013 0.7841366673051315
014 0.7845704209171303
015 0.8077540747814357
016 0.8082469994117537
017 0.8252018574917551
018 0.832683429228997
019 0.8377629350299676
020 0.840528194064624
021 0.8411827853930395
022 0.84119316599168
023 0.84119316599168
024 0.8412583948829133
025 0.8413024287760935
026 0.8414922316984428
027 0.8416752980973881
028 0.8417343141273878
029 0.8424167254919036
030 0.8425778944140249
031 0.8625061451008984
032 0.8634525666083095
033 0.8648937348977821
034 0.8670135912660729
035 0.8688335325926099
036 0.8694128464045996
037 0.8701599243229088
038 0.8709548269544787
039 0.8714571003951821
040 0.8716212034023066
041 0.8716234956747942
042 0.8726587437850416
043 0.8730126100608994
044 0.8730126100608994
045 0.8730173833830372
046 0.8731487464829071
047 0.8731519827863677
048 0.8731519827863677
049 0.8858315751477372
050 0.8858315751477372
051 0.8858315751477372
052 0.8861336571971085
053 0.886140763845718
054 0.886140763845718
055 0.886140763845718
056 0.886140763845718
057 0.886140763845718
058 0.886140763845718
059 0.889055638041584
060 0.8899634050811128
061 0.8904646195447112
062 0.8914224222366919
063 0.8920954467912207
064 0.8932298502943874
065 0.8940601314978927
066 0.8948485306894134
067 0.8955646934253868
068 0.8959322394595695
069 0.8962953125346033
070 0.8963533071436266
071 0.896435880641701
072 0.8964519320066623
073 0.8965101030948942
074 0.8965101030948942
075 0.8965101030948942
076 0.900033444603262
077 0.900033444603262
078 0.900033444603262
079 0.900033444603262
080 0.9012735184883263
081 0.9012735184883263
082 0.9012742391105616
083 0.9020331221018751
084 0.9020331221018751
085 0.9020331221018751
086 0.902409951198273
087 0.902409951198273
088 0.902412807461263
089 0.9024472453249034
090 0.9043090877349708
091 0.9045778413761617
092 0.9051573692631651
093 0.9053777621701746
094 0.9058719944733525
095 0.9064766986099063
096 0.9066209810337013
097 0.9070300934358445
098 0.9072942393818527
099 0.9075388343479946
100 0.9077792738382123
101 0.9079329139823444
102 0.9080127309337044
103 0.9080127309337044
104 0.908246132153794
105 0.908246132153794
106 0.9082479888704349
107 0.9096339042478507
108 0.909987250079106
109 0.9105612809442634
110 0.91061872772726
111 0.9111387758617032
112 0.9116793013041261
113 0.9118561720831326
114 0.9121080330710858
115 0.9123045246658722
116 0.9123909826202168
117 0.9131429187294314
118 0.9133639769540193
119 0.9134288012714326
120 0.913496625886408
121 0.913584003282919
122 0.913584003282919
123 0.9138224338311541
124 0.9138224338311541
125 0.914307600000664
126 0.9148349214495077
127 0.9153260195052518
128 0.9161809253782952
129 0.9165014103252395
130 0.9167943969922933
131 0.9168982343758154
132 0.9172094828379435
133 0.9173775146275269
134 0.9174813673864791
135 0.9175334216328194
136 0.9175900371227438
137 0.9176375491261982
138 0.9183932407756993
139 0.9187094244281424
140 0.9191442252543767
141 0.9193994258647749
142 0.9197093076703943
143 0.9197773895662162
144 0.9200116247173394
145 0.9201522963454967
146 0.9203563379828127
147 0.9206695873971826
148 0.9207291704369834
149 0.9207291704369834
150 0.9210156544236818
151 0.9215659455851292
152 0.9218272289148383
153 0.9223898337395049
154 0.9224093228593507
155 0.9229513003527289
156 0.9233859239122859
157 0.9238945226284696
158 0.9238945226284696
159 0.9243131786691954
160 0.9245900245470777
161 0.9247522082244805
162 0.9248620974272154
163 0.9249994620195527
164 0.9251495147396616
165 0.9252662642459443
166 0.9253909826753378
167 0.9259494721849216
168 0.9261911055013449
169 0.926337944135001
170 0.92648896398702
171 0.9268563587377535
172 0.9269558105937573
173 0.92751840035637
174 0.9277358096759992
175 0.9278625706270164
176 0.9282092901265583
177 0.9286951140369173
178 0.9289267622846886
179 0.9291379654215653
180 0.929245871741264
181 0.9295004047787262
182 0.9297592902398492
183 0.9297945412600828
184 0.9298957965612216
185 0.9300307384295581
186 0.9300368109458991
187 0.9302996286001076
188 0.9305263875196188
189 0.9306252537762935
190 0.9308737379255402
191 0.9311998122648877
192 0.9313822696222264
193 0.9317380748214289
194 0.9318826478119003
195 0.9319612995788874
196 0.9322975160239898
197 0.9325816893161016
198 0.9329553806783284
199 0.9333153225364692
200 0.9333153225364692
201 0.9334481992319045
202 0.9336209918831927
203 0.9338011613715933
204 0.9339752542999842
205 0.9341383621125213
206 0.9341383621125213
207 0.9342326305709452
208 0.9344371881054689
209 0.9345529524413263
210 0.9346658393662467
211 0.9350633141556338
212 0.9356918020832475
213 0.9359017426107925
214 0.9359017426107925
215 0.9359384783665307
216 0.9359515208938625
217 0.9362190451568861
218 0.9362503725359351
219 0.9364327703046424
220 0.9365793087547346
221 0.936691155952983
222 0.9367754616063975
223 0.9368758051824404
224 0.9369822854147802
225 0.9371534431649375
226 0.9372507592128645
227 0.9373528103781478
228 0.9378004744449588
229 0.9378004744449588
230 0.9378834943597308
231 0.9380729400431871
232 0.9380838431559494
233 0.9382537324059977
234 0.9384245799159564
235 0.9386891692780698
236 0.9386891692780698
237 0.938840435794566
238 0.9388478662788211
239 0.9389900572229015
240 0.9390955145849929
241 0.9392083167488391
242 0.9392791402964508
243 0.9393344793945212
244 0.9394283615811456
245 0.9395343710611335
246 0.9396141272508421
247 0.9397156393204416
248 0.9398529122947795
249 0.9398872328405592
250 0.9400517166853729
251 0.9401192370891346
252 0.9402351499778229
253 0.940261940795537
254 0.9403572339504717
255 0.9403915159616585
256 0.9404689104921272
257 0.9405148107724598
258 0.9405894963628738
259 0.9406483509807742
260 0.9407624743565598
261 0.9408598037889628
262 0.9409254625614482
263 0.9409254625614482
264 0.9410270224115233
265 0.9410619179643267
266 0.9411097437886312
267 0.9411734637504391
268 0.9411734637504391
269 0.9412503247329148
270 0.9413071394542651
271 0.941355696837809
272 0.9413653168787103
273 0.9414698537315035
274 0.9414698537315035
275 0.9415293158555827
276 0.9415293158555827
277 0.9415447215818855
278 0.941580111915974
279 0.9415891682891168
280 0.9416663663994758
281 0.9416796925435824
282 0.9417293340794215
283 0.9417293340794215
284 0.9417518375168674
285 0.9417831967607319
286 0.9418056221537122
287 0.9418284954831697
288 0.941866288433608
289 0.9418682966719489
290 0.9418829126963275
291 0.9419363980996353
292 0.9419428756628453
293 0.9419869665726996
294 0.9419869665726996
295 0.9420194253910399
296 0.9420194253910399
297 0.942039683005286
298 0.9420795896902734
299 0.942115107081143
300 0.9421161288697244
301 0.9421474869460205
302 0.9421899782142892
303 0.9421899782142892
304 0.9422439830221319
305 0.9422441809558134
306 0.9422648120930094
307 0.9422837383760211
308 0.9422978300552254
309 0.9422978300552254
310 0.9423210665688256
311 0.9423210665688256
312 0.942336070745475
313 0.9423464041642967
314 0.9423839162074977
315 0.9424254000709598
316 0.9424254000709598
317 0.9424254000709598
318 0.9424254000709598
319 0.9424291084127947
320 0.9424466958650911
321 0.9424509234738763
322 0.942476933895926
323 0.942479828921424
324 0.9424954345129232
325 0.9425078783554497
326 0.9425094616753399
327 0.9425302336841663
328 0.9425305491291427
329 0.9425484260995814
330 0.9425741461553702
331 0.9425913823768255
332 0.9426056980083921
333 0.9426134471553435
334 0.9426134471553435
335 0.9426134471553435
336 0.9426282483312151
337 0.942645394582287
338 0.9426529157151148
339 0.9426590913454472
340 0.9426690095286039
341 0.9426690095286039
342 0.9426870686315905
343 0.9426885727695121
344 0.9427104349150216
345 0.9427104349150216
346 0.9427104349150216
347 0.9427244518057389
348 0.9427267698267676
349 0.9427341324085042
350 0.9427346300937611
351 0.9427411898845578
352 0.94274502985569
353 0.942759512493969
354 0.942759512493969
355 0.9427669857140472
356 0.9427711646308177
357 0.9427755013207574
358 0.9427833071685485
359 0.9427850756928642
360 0.9427965681973375
361 0.9427965681973375
362 0.9428057582233282
363 0.9428170315937034
364 0.9428170315937034
365 0.9428176330938698
366 0.9428201650784049
367 0.9428284160734021
368 0.9428284160734021
369 0.9428371884098306
370 0.9428442232372106
371 0.9428643178373176
372 0.9428643178373176
373 0.9428671929203575
374 0.9428671929203575
375 0.9428671929203575
376 0.9428761644565637
377 0.9428761644565637
378 0.9428942523955417
379 0.9428942523955417
380 0.9428942523955417
381 0.942896318274732
382 0.942896318274732
383 0.942896318274732
384 0.9428990409369852
385 0.9429040182515174
386 0.942917980664297
387 0.942917980664297
388 0.942917980664297
389 0.942917980664297
390 0.942917980664297
391 0.9429236495167649
392 0.9429236495167649
393 0.9429236495167649
394 0.9429270486690472
395 0.942940652417883
396 0.942940652417883
397 0.942940652417883
398 0.9429411015292845
399 0.9429474849055153
400 0.9429485249686662
401 0.9429487594266419
402 0.9429512399174379
403 0.9429512399174379
404 0.942959085655379
405 0.9429619199618667
406 0.9429657870479249
407 0.9429664936289205
408 0.9429664936289205
409 0.942967379936235
410 0.9429731616927298
411 0.9429780814321027
412 0.9429839843251955
413 0.9429839843251955
414 0.9429839843251955
415 0.9429896148117787
416 0.9429896148117787
417 0.9429976210990787
418 0.9429976210990787
419 0.9429999748455058
420 0.9429999748455058
421 0.943001165213682
422 0.9430018360636613
423 0.943005003269616
424 0.9430104901740649
425 0.9430104901740649
426 0.9430104901740649
427 0.9430121047367306
428 0.9430164091354312
429 0.9430164091354312
430 0.9430177324767628
431 0.9430177324767628
432 0.9430177324767628
433 0.9430200139234372
434 0.9430200139234372
435 0.9430212771233022
436 0.9430212771233022
437 0.9430223729375521
438 0.9430289579177947
439 0.9430289579177947
440 0.9430347369405158
441 0.9430347369405158
442 0.9430347391239231
443 0.943034914620016
444 0.943034914620016
445 0.9430389099541675
446 0.9430389099541675
447 0.9430389099541675
448 0.9430401724263686
449 0.9430406554147714
450 0.9430432796493173
451 0.9430432796493173
452 0.9430476625480824
453 0.9430476625480824
454 0.9430476625480824
455 0.9430509796623551
456 0.9430509796623551
457 0.9430580289078242
458 0.9430580289078242
459 0.9430580289078242
460 0.9430580289078242
461 0.9430580289078242
462 0.9430580289078242
463 0.9430592502986354
464 0.9430606189169154
465 0.9430609831043438
466 0.9430609831043438
467 0.9430609831043438
468 0.9430618824873643
469 0.9430621798909841
470 0.9430621798909841
471 0.9430637695417683
472 0.9430667526619674
473 0.9430667526619674
474 0.9430704361488808
475 0.9430704361488808
476 0.9430704361488808
477 0.943072271461758
478 0.9430743023708842
479 0.9430743023708842
480 0.943076469777814
481 0.943076469777814
482 0.943076469777814
483 0.9430781231088285
484 0.9430782342163675
485 0.9430784184069673
486 0.9430784184069673
487 0.9430806712821759
488 0.9430806712821759
489 0.9430806712821759
490 0.9430813688898187
491 0.9430833031136638
492 0.9430833031136638
493 0.9430833031136638
494 0.94308459894695
495 0.94308459894695
496 0.9430870995836373
497 0.9430870995836373
498 0.9430870995836373
499 0.9430922944793392
500 0.9430922944793392
501 0.9430922944793392
502 0.9430922944793392
503 0.9430927361135393
504 0.9430927361135393
505 0.94309278460953
506 0.9430941102848981
507 0.9430941102848981
508 0.9430945548087328
509 0.9430960836024412
510 0.9430971508420858
511 0.9430982513737506
512 0.943099199387258
513 0.9431001094095828
514 0.9431004210767816
515 0.9431023070271557
516 0.9431034425868091
517 0.9431034425868091
518 0.9431038006119894
519 0.9431046962886838
520 0.9431046962886838
521 0.9431066462238782
522 0.9431080620329725
523 0.9431080699979738
524 0.9431097109705795
525 0.9431097109705795
526 0.9431097109705795
527 0.943110811806508
528 0.9431118179288664
529 0.9431125981473916
530 0.9431130523301057
531 0.9431130523301057
532 0.9431130821664118
533 0.9431221172845559
534 0.9431221172845559
535 0.9431221172845559
536 0.9431221172845559
537 0.9431221172845559
538 0.9431221172845559
539 0.9431221172845559
540 0.9431223500308908
541 0.9431223500308908
542 0.9431223500308908
543 0.9431223500308908
544 0.9431223500308908
545 0.9431223500308908
546 0.9431233319707538
547 0.9431233319707538
548 0.9431241399209359
549 0.9431241399209359
550 0.9431241399209359
551 0.9431241399209359
552 0.9431269106911342
553 0.9431269106911342
554 0.9431270640968022
555 0.9431270640968022
556 0.9431270640968022
557 0.9431270640968022
558 0.9431285946986409
559 0.9431296301068822
560 0.9431296301068822
561 0.9431296301068822
562 0.9431298850815545
563 0.9431298850815545
564 0.9431302253487139
565 0.9431302253487139
566 0.9431302253487139
567 0.9431305372060558
568 0.9431307730663563
569 0.9431323466618019
570 0.9431323466618019
571 0.9431335590154784
572 0.9431350868042477
573 0.9431350868042477
574 0.9431350868042477
575 0.9431350868042477
576 0.9431350868042477
577 0.9431350868042477
578 0.9431350868042477
579 0.9431350868042477
580 0.9431359757781718
581 0.9431366537446677
582 0.9431366537446677
583 0.9431383125486649
584 0.9431383125486649
585 0.9431397105636881
586 0.9431397105636881
587 0.9431397105636881
588 0.9431397105636881
589 0.9431397105636881
590 0.9431397105636881
591 0.9431397105636881
592 0.9431397105636881
593 0.9431406815741752
594 0.9431407422885068
595 0.9431408838911218
596 0.9431408838911218
597 0.9431408838911218
598 0.9431419566002683
599 0.9431421655685112
600 0.9431425543732261
601 0.9431425543732261
602 0.9431428097050083
603 0.9431428097050083
604 0.9431435312027463
605 0.9431435312027463
606 0.9431444960625338
607 0.9431444960625338
608 0.9431444960625338
609 0.9431444960625338
610 0.9431444960625338
611 0.9431444960625338
612 0.9431444960625338
613 0.9431444960625338
614 0.9431452559300729
615 0.9431452559300729
616 0.9431452559300729
617 0.943146501077589
618 0.943146501077589
619 0.943146501077589
620 0.943146501077589
621 0.943146501077589
622 0.9431472825215275
623 0.9431472825215275
624 0.9431472825215275
625 0.9431472825215275
626 0.9431472825215275
627 0.9431472825215275
628 0.9431473813093514
629 0.9431477562983415
630 0.9431477562983415
631 0.9431477562983415
632 0.9431492455181745
633 0.9431492455181745
634 0.9431493894825005
635 0.9431496857852679
636 0.9431499086844047
637 0.9431499086844047
638 0.9431511646074303
639 0.9431511646074303
640 0.9431511646074303
641 0.9431511646074303
642 0.9431514798138793
643 0.9431519415567499
644 0.9431532512869757
645 0.9431532512869757
646 0.9431532512869757
647 0.9431532512869757
648 0.9431532512869757
649 0.9431532512869757
650 0.9431532512869757
651 0.9431532794114919
652 0.9431532794114919
653 0.9431532794114919
654 0.9431532794114919
655 0.9431539537451473
656 0.9431539537451473
657 0.9431539537451473
658 0.9431539537451473
659 0.9431545821468057
660 0.9431545821468057
661 0.9431545821468057
662 0.9431545821468057
663 0.9431545821468057
664 0.9431548414415568
665 0.9431548414415568
666 0.9431550042407606
667 0.9431550042407606
668 0.9431550334833136
669 0.9431550334833136
670 0.9431553206568791
671 0.9431553206568791
672 0.9431561448767062
673 0.9431561448767062
674 0.9431562772640532
675 0.9431576411743081
676 0.9431576411743081
677 0.9431576411743081
678 0.9431579223195363
679 0.9431579223195363
680 0.9431579223195363
681 0.9431579223195363
682 0.9431579223195363
683 0.9431579223195363
684 0.9431579223195363
685 0.9431579223195363
686 0.9431595908270579
687 0.9431595908270579
688 0.9431595908270579
689 0.9431595908270579
690 0.9431595908270579
691 0.9431595908270579
692 0.9431595908270579
693 0.9431595908270579
694 0.9431595908270579
695 0.9431595908270579
696 0.9431595908270579
697 0.9431595908270579
698 0.9431601126577206
699 0.9431601126577206
700 0.9431601126577206
701 0.9431601126577206
702 0.9431602577941167
703 0.9431606201595035
704 0.9431606201595035
705 0.9431606201595035
706 0.9431606201595035
707 0.9431606201595035
708 0.9431606201595035
709 0.9431606201595035
710 0.9431606639254706
711 0.9431606738428947
712 0.9431606738428947
713 0.9431606738428947
714 0.9431611075900223
715 0.9431611075900223
716 0.9431611075900223
717 0.9431611075900223
718 0.9431612839566798
719 0.9431612839566798
720 0.9431612839566798
721 0.9431612839566798
722 0.9431612839566798
723 0.9431612839566798
724 0.9431612839566798
725 0.9431612839566798
726 0.9431612839566798
727 0.9431612839566798
728 0.9431613145587933
729 0.9431613145587933
730 0.9431615812671225
731 0.9431615812671225
732 0.943161814380812
733 0.9431620988480566
734 0.9431620988480566
735 0.9431620988480566
736 0.9431622146013189
737 0.9431622870016345
738 0.9431622870016345
739 0.9431622870016345
740 0.9431622870016345
741 0.9431622870016345
742 0.9431631094289125
743 0.9431631094289125
744 0.9431631094289125
745 0.9431632014834279
746 0.9431632014834279
747 0.9431632014834279
748 0.9431632014834279
749 0.9431633064202554
750 0.9431633064202554
751 0.9431633064202554
752 0.9431633064202554
753 0.9431635635411265
754 0.9431635635411265
755 0.9431635635411265
756 0.9431635635411265
757 0.9431635635411265
758 0.9431635635411265
759 0.9431635635411265
760 0.9431635635411265
761 0.9431635635411265
762 0.9431636507764922
763 0.9431636507764922
764 0.9431636507764922
765 0.9431636507764922
766 0.9431636507764922
767 0.9431636507764922
768 0.9431643898641343
769 0.9431643898641343
770 0.9431643898641343
771 0.9431643898641343
772 0.9431643898641343
773 0.9431643898641343
774 0.9431643898641343
775 0.9431643898641343
776 0.9431643898641343
777 0.9431643898641343
778 0.9431643898641343
779 0.9431643898641343
780 0.9431643898641343
781 0.9431643898641343
782 0.9431643898641343
783 0.9431646805454891
784 0.9431646805454891
785 0.9431646805454891
786 0.9431646805454891
787 0.9431646805454891
788 0.9431647500996089
789 0.9431647500996089
790 0.9431647711017928
791 0.9431647711017928
792 0.9431647711017928
793 0.9431647711017928
794 0.9431647711017928
795 0.943165135599152
796 0.9431659686914922
797 0.9431659686914922
798 0.9431659686914922
799 0.9431659686914922
800 0.9431659686914922
801 0.9431659686914922
802 0.9431659686914922
803 0.9431659686914922
804 0.9431659686914922
805 0.9431659686914922
806 0.9431659686914922
807 0.9431659686914922
808 0.9431659686914922
809 0.9431659686914922
810 0.9431659809656032
811 0.9431659809656032
812 0.943165982430034
813 0.9431660406799346
814 0.9431660452544753
815 0.9431660452544753
816 0.9431663274526861
817 0.9431666607565836
818 0.9431667356668376
819 0.9431667356668376
820 0.9431667356668376
821 0.9431667356668376
822 0.9431668430450927
823 0.9431668430450927
824 0.9431668430450927
825 0.9431668430450927
826 0.9431668430450927
827 0.9431669642817766
828 0.9431669642817766
829 0.9431671925839782
830 0.9431671925839782
831 0.9431671925839782
832 0.9431671925839782
833 0.9431678043319945
834 0.9431678043319945
835 0.9431678043319945
836 0.9431683666477263
837 0.9431683666477263
838 0.9431683666477263
839 0.9431683666477263
840 0.9431683666477263
841 0.9431683666477263
842 0.9431683666477263
843 0.9431683666477263
844 0.9431683666477263
845 0.9431683666477263
846 0.9431683666477263
847 0.9431683666477263
848 0.9431683666477263
849 0.9431683666477263
850 0.9431683666477263
851 0.9431683666477263
852 0.9431683666477263
853 0.9431683666477263
854 0.9431683666477263
855 0.9431689259221124
856 0.9431689259221124
857 0.9431689259221124
858 0.9431689259221124
859 0.9431689259221124
860 0.9431689259221124
861 0.9431689259221124
862 0.9431689259221124
863 0.9431689259221124
864 0.9431689890973406
865 0.9431689890973406
866 0.9431691239372219
867 0.9431691239372219
868 0.9431693440231933
869 0.9431693440231933
870 0.9431693440231933
871 0.9431693440231933
872 0.9431693440231933
873 0.9431693440231933
874 0.943169570399981
875 0.943169570399981
876 0.9431697835215341
877 0.9431697835215341
878 0.9431697835215341
879 0.9431697835215341
880 0.9431697835215341
881 0.9431697835215341
882 0.9431697835215341
883 0.9431700889356764
884 0.9431700889356764
885 0.9431700889356764
886 0.9431702664121506
887 0.9431702664121506
888 0.9431702664121506
889 0.9431702664121506
890 0.9431702664121506
891 0.9431702664121506
892 0.9431702664121506
893 0.9431702664121506
894 0.9431702664121506
895 0.9431703391054215
896 0.9431703391054215
897 0.9431703391054215
898 0.9431703391054215
899 0.9431703391054215
900 0.9431703391054215
901 0.9431703391054215
902 0.9431703391054215
903 0.9431703391054215
904 0.9431706385841407
905 0.9431706385841407
906 0.9431706385841407
907 0.9431706385841407
908 0.9431706385841407
909 0.9431706385841407
910 0.9431706554998578
911 0.9431706554998578
912 0.9431709574655579
913 0.9431709574655579
914 0.9431709574655579
915 0.9431709574655579
916 0.9431709574655579
917 0.9431709574655579
918 0.9431709864985311
919 0.9431709864985311
920 0.9431709864985311
921 0.9431709864985311
922 0.9431709864985311
923 0.9431709864985311
924 0.9431709864985311
925 0.9431709864985311
926 0.9431709864985311
927 0.943171170741275
928 0.943171170741275
929 0.943171170741275
930 0.943171170741275
931 0.943171170741275
932 0.943171170741275
933 0.943171170741275
934 0.943171170741275
935 0.9431712053407816
936 0.9431712053407816
937 0.9431712053407816
938 0.9431713904543949
939 0.9431713904543949
940 0.9431715088536354
941 0.9431715751798712
942 0.9431715751798712
943 0.9431715751798712
944 0.9431715751798712
945 0.9431715751798712
946 0.9431715751798712
947 0.9431715751798712
948 0.9431715751798712
949 0.9431715751798712
950 0.9431715751798712
951 0.9431715751798712
952 0.9431715751798712
953 0.9431716544760271
954 0.9431716544760271
955 0.9431716645543003
956 0.9431716645543003
957 0.9431716645543003
958 0.9431716645543003
959 0.9431716854637894
960 0.9431716854637894
961 0.9431716854637894
962 0.9431716854637894
963 0.9431716854637894
964 0.9431716854637894
965 0.9431716854637894
966 0.9431718075496576
967 0.9431718075496576
968 0.943172256962033
969 0.943172256962033
970 0.943172256962033
971 0.943172256962033
972 0.943172256962033
973 0.943172256962033
974 0.943172256962033
975 0.943172256962033
976 0.943172256962033
977 0.9431725228317053
978 0.9431725228317053
979 0.9431725228317053
980 0.9431725228317053
981 0.9431725228317053
982 0.9431725228317053
983 0.9431725228317053
984 0.9431725228317053
985 0.9431725228317053
986 0.9431725228317053
987 0.9431725228317053
988 0.9431727063968723
989 0.9431727063968723
990 0.9431727063968723
991 0.943172861840228
992 0.943172861840228
993 0.943172861840228
994 0.943172861840228
995 0.943172861840228
996 0.943172861840228
997 0.943172861840228
998 0.943172861840228
999 0.943172861840228
1000 0.9431729564959369
1001 0.9431729564959369
1002 0.9431729564959369
1003 0.9431729564959369
1004 0.9431729564959369
1005 0.9431730650121934
1006 0.9431730650121934
1007 0.9431730650121934
1008 0.9431730650121934
1009 0.9431730650121934
1010 0.9431730650121934
1011 0.9431730650121934
1012 0.9431730650121934
1013 0.9431730650121934
1014 0.9431730650121934
1015 0.9431730650121934
1016 0.9431730650121934
1017 0.9431730650121934
1018 0.943173229151155
1019 0.943173229151155
1020 0.9431732667302091
1021 0.9431732667302091
1022 0.9431732667302091
1023 0.9431732667302091
1024 0.9431732667302091
1025 0.9431732667302091
1026 0.9431732667302091
1027 0.9431732667302091
1028 0.9431732667302091
1029 0.9431732667302091
1030 0.9431732667302091
1031 0.9431734516739562
1032 0.9431734516739562
1033 0.9431734516739562
1034 0.9431734516739562
1035 0.9431734516739562
1036 0.9431734516739562
1037 0.9431734516739562
1038 0.9431734516739562
1039 0.9431734611628869
1040 0.9431734837349576
1041 0.9431734837349576
1042 0.9431734837349576
1043 0.9431734837349576
1044 0.9431735972978419
1045 0.9431735972978419
1046 0.9431735972978419
1047 0.9431737400512571
1048 0.9431737400512571
1049 0.9431737400512571
1050 0.9431737400512571
1051 0.9431737400512571
1052 0.9431737400512571
1053 0.9431737400512571
1054 0.9431737400512571
1055 0.9431737400512571
1056 0.9431737400512571
1057 0.9431737400512571
1058 0.9431737400512571
1059 0.9431737400512571
1060 0.9431737400512571
1061 0.9431737400512571
1062 0.9431737400512571
1063 0.9431737400512571
1064 0.9431737400512571
1065 0.9431737400512571
1066 0.9431737400512571
1067 0.9431737400512571
