000 0.1588157455163356
001 0.22349299273471845
002 0.26935222184107666
003 0.3520537372608577
004 0.41540309209111226
005 0.4878281998079905
006 0.5709901007826507
007 0.66900366295079
008 0.7040428539928355
009 0.7384398612109999
010 0.7436582516374497
011 0.8081415119703336
012 0.8252633814185764
013 0.856351851469708
014 0.8667091406488109
015 0.8744208692724754
016 0.8845770700267072
017 0.8890317749833346
018 0.8918893451965142
019 0.8995765405763836
020 0.9035696830706791
021 0.9035696830706791
022 0.9035696830706791
023 0.9035696830706791
024 0.9054584607655527
025 0.9066723022092849
026 0.90697165665352
027 0.907481519650487
028 0.9077900510633441
029 0.9077900510633441
030 0.9077900510633441
031 0.9077900510633441
032 0.9077900510633441
033 0.9090295957086094
034 0.909158566141799
035 0.909158566141799
036 0.9103671893133644
037 0.9103671893133644
038 0.9110096442280214
039 0.9110706665070462
040 0.911167664569355
041 0.9137030411376887
042 0.9137030411376887
043 0.9139329789751601
044 0.9140353238212197
045 0.9140353238212197
046 0.9140353238212197
047 0.9140851791856179
048 0.9144010216971608
049 0.9144010216971608
050 0.9144667279317208
051 0.9182866865268315
052 0.919370433395187
053 0.9206492473091706
054 0.9228098427979782
055 0.923848442474596
056 0.924134589816214
057 0.9246720366989005
058 0.925386837488341
059 0.9259302655423257
060 0.9262779637849675
061 0.9276950961311617
062 0.9280975058875316
063 0.9280975058875316
064 0.9281595307414537
065 0.9289632958075145
066 0.9289632958075145
067 0.9290065461058312
068 0.9290371902706374
069 0.9290699727130058
070 0.9290699727130058
071 0.9309113204609785
072 0.9313471384960663
073 0.9319374370401474
074 0.9330001335636467
075 0.9333076118808132
076 0.9335962675875826
077 0.9341785352470203
078 0.934692724328598
079 0.9350402771707804
080 0.9350902154504386
081 0.935171470836263
082 0.9352220942036419
083 0.9352570284164385
084 0.9352771934715384
085 0.9352771934715384
086 0.9352771934715384
087 0.936992871403728
088 0.937459168441927
089 0.9378076419026669
090 0.937997815962967
091 0.93811150745904
092 0.9384026350854197
093 0.9385238203325442
094 0.9386600099892001
095 0.9387605687601799
096 0.9388361536526901
097 0.938856418002353
098 0.9397491850287514
099 0.9399821346113136
100 0.9400654552084828
101 0.9401293802518871
102 0.9405192451384474
103 0.9406534381992222
104 0.9408158038858553
105 0.9409533069236321
106 0.9410982438610542
107 0.9411712193163645
108 0.9413053189305668
109 0.9413110343933988
110 0.941400355787249
111 0.9414620129484372
112 0.9415626128034431
113 0.9416177764911573
114 0.9416883739129347
115 0.9418096418521581
116 0.9418520564353544
117 0.9418834443064803
118 0.9419231771560295
119 0.9419659631952957
120 0.9420590492589623
121 0.9420747364874145
122 0.9420773854123405
123 0.9421741935817746
124 0.9421741935817746
125 0.9421965602363379
126 0.9422209685937911
127 0.9422661526633562
128 0.942270361253527
129 0.942304875463052
130 0.9423075006916729
131 0.9423443003659712
132 0.9423652827724598
133 0.9423778241222567
134 0.942387767536735
135 0.942443410287603
136 0.942443410287603
137 0.9424441195852339
138 0.9424441195852339
139 0.9424745494138114
140 0.9424837057957087
141 0.9424875116201118
142 0.9424987421104399
143 0.9425011715981662
144 0.9425086188651023
145 0.9425308592486246
146 0.9425308592486246
147 0.9425517406229209
148 0.9425517406229209
149 0.9425589660151457
150 0.9425828837616361
151 0.9425927201534658
152 0.9426109119376559
153 0.9426114991435282
154 0.942621284032419
155 0.9426311723674597
156 0.9426336028246256
157 0.9426528137409536
158 0.9426528137409536
159 0.9426592202200421
160 0.9426624633023478
161 0.9426694634502868
162 0.9426834138551801
163 0.9426834138551801
164 0.9427089540419502
165 0.9427089540419502
166 0.9427177716868722
167 0.9427177716868722
168 0.9427253813501492
169 0.9427330789957477
170 0.9427344853485649
171 0.9427344853485649
172 0.9427406776587323
173 0.9427498373651932
174 0.9427542935075979
175 0.9427542935075979
176 0.9427758471846716
177 0.9427758471846716
178 0.9427836591187387
179 0.9427855836189072
180 0.9427873557886871
181 0.9427957201690759
182 0.9427957201690759
183 0.9428025413347999
184 0.9428083817770844
185 0.9428151695607248
186 0.942846684658231
187 0.942846684658231
188 0.942846684658231
189 0.942848984597099
190 0.942848984597099
191 0.942848984597099
192 0.9428646694996354
193 0.9428719065888922
194 0.9428719065888922
195 0.9428719065888922
196 0.9428719065888922
197 0.9428802150843351
198 0.9428831824682722
199 0.9428831824682722
200 0.9428965718300774
201 0.9428965718300774
202 0.9428965718300774
203 0.9428978870591915
204 0.9428978870591915
205 0.9429151496913326
206 0.9429151496913326
207 0.9429199791233646
208 0.9429215802740502
209 0.9429215802740502
210 0.9429226389288441
211 0.9429292065645354
212 0.9429337189312962
213 0.9429337189312962
214 0.9429490205656272
215 0.9429490205656272
216 0.9429490205656272
217 0.9429557279143884
218 0.9429557279143884
219 0.9429557279143884
220 0.9429557279143884
221 0.9429591609249552
222 0.9429621571003108
223 0.9429634708777083
224 0.9429699016807039
225 0.9429699016807039
226 0.9429699016807039
227 0.942972145682241
228 0.9429751729554318
229 0.9429766949494163
230 0.9429766949494163
231 0.9429822134201254
232 0.9429838016315251
233 0.9429838808423255
234 0.9429919731729042
235 0.9429919731729042
236 0.9429951406741309
237 0.9429951406741309
238 0.9429964356926053
239 0.9429973608073469
240 0.9429973608073469
241 0.9430001932095268
242 0.9430009244323097
243 0.9430044986241694
244 0.9430044986241694
245 0.9430045625235086
246 0.943014717571133
247 0.943014717571133
248 0.943014717571133
249 0.9430153220742475
250 0.9430209548387001
251 0.9430209548387001
252 0.9430209548387001
253 0.9430213035028098
254 0.9430265774529557
255 0.9430343896408508
256 0.9430343896408508
257 0.9430343896408508
258 0.9430343896408508
259 0.9430352019592063
260 0.9430354225020169
261 0.9430376722598869
262 0.9430434822546921
263 0.9430434822546921
264 0.9430434822546921
265 0.9430434822546921
266 0.9430447948569917
267 0.9430474932713743
268 0.9430482631354071
269 0.9430494993420986
270 0.9430494993420986
271 0.9430527313310356
272 0.9430584374787332
273 0.9430584374787332
274 0.9430584374787332
275 0.9430584374787332
276 0.9430584374787332
277 0.9430584374787332
278 0.9430584374787332
279 0.9430643616683365
280 0.9430643616683365
281 0.9430643616683365
282 0.9430651338205546
283 0.943066413575522
284 0.9430672877334283
285 0.9430673239515803
286 0.943068620420546
287 0.943069775542657
288 0.9430709323597904
289 0.9430737134246893
290 0.9430822608295762
291 0.9430822608295762
292 0.9430822608295762
293 0.9430845763976012
294 0.9430867050532624
295 0.9430867050532624
296 0.9430867050532624
297 0.9430867050532624
298 0.9430867050532624
299 0.9430867050532624
300 0.9430867050532624
301 0.9430867050532624
302 0.9430901153355427
303 0.9430901153355427
304 0.9430901153355427
305 0.9430963473554066
306 0.9430963473554066
307 0.9430963473554066
308 0.9430963473554066
309 0.9430963473554066
310 0.9430971239159603
311 0.9430971239159603
312 0.9430971239159603
313 0.9431015426146072
314 0.9431015426146072
315 0.9431015426146072
316 0.9431015426146072
317 0.9431015426146072
318 0.9431015426146072
319 0.9431018273202751
320 0.9431035622671182
321 0.9431040742701644
322 0.9431040742701644
323 0.9431048104845221
324 0.9431067475385367
325 0.9431067475385367
326 0.9431067475385367
327 0.9431080114204308
328 0.9431080114204308
329 0.9431080114204308
330 0.9431097910626536
331 0.9431132555069969
332 0.9431132555069969
333 0.9431132555069969
334 0.9431132555069969
335 0.943113855085945
336 0.943113855085945
337 0.943113855085945
338 0.9431144700338981
339 0.9431160650046384
340 0.9431160650046384
341 0.9431160650046384
342 0.9431160650046384
343 0.9431160650046384
344 0.9431160650046384
345 0.943117700143902
346 0.943117700143902
347 0.943117700143902
348 0.9431187647895111
349 0.9431195954696779
350 0.9431214837063616
351 0.9431214837063616
352 0.9431214837063616
353 0.9431219445739693
354 0.9431219445739693
355 0.9431225154142722
356 0.9431225154142722
357 0.9431234140398911
358 0.943125033022369
359 0.943125033022369
360 0.943125033022369
361 0.943125033022369
362 0.943125033022369
363 0.943125033022369
364 0.943125033022369
365 0.9431268397889477
366 0.9431268397889477
367 0.9431268397889477
368 0.9431268397889477
369 0.9431268397889477
370 0.9431276753471596
371 0.9431276753471596
372 0.9431294699400394
373 0.9431294699400394
374 0.9431294699400394
375 0.9431304353509905
376 0.9431304353509905
377 0.9431304353509905
378 0.9431310463518878
379 0.9431310463518878
380 0.9431310463518878
381 0.9431310463518878
382 0.9431310463518878
383 0.9431316110050424
384 0.943131935931713
385 0.9431342685996658
386 0.9431342685996658
387 0.9431342685996658
388 0.9431342685996658
389 0.9431342685996658
390 0.9431342685996658
391 0.9431342685996658
392 0.9431342685996658
393 0.9431342685996658
394 0.9431342772583344
395 0.9431342772583344
396 0.9431342772583344
397 0.9431342772583344
398 0.9431355147564012
399 0.9431355147564012
400 0.943136725847235
401 0.943136725847235
402 0.943136725847235
403 0.943136725847235
404 0.9431372315322768
405 0.9431372315322768
406 0.9431372315322768
407 0.9431372315322768
408 0.9431375693418171
409 0.9431384529678123
410 0.9431384529678123
411 0.9431384529678123
412 0.9431388277179148
413 0.9431388277179148
414 0.9431397984686911
415 0.9431397984686911
416 0.9431397984686911
417 0.9431405616847472
418 0.9431405616847472
419 0.9431423687588283
420 0.9431423687588283
421 0.9431423687588283
422 0.9431423687588283
423 0.9431426827618455
424 0.9431426827618455
425 0.9431426827618455
426 0.9431426827618455
427 0.9431426827618455
428 0.9431426827618455
429 0.9431431014470861
430 0.9431431014470861
431 0.9431433133343621
432 0.9431433133343621
433 0.9431433133343621
434 0.9431450509858408
435 0.9431450509858408
436 0.9431450509858408
437 0.9431450509858408
438 0.9431450509858408
439 0.9431450509858408
440 0.9431450509858408
441 0.943145272867688
442 0.9431464203642449
443 0.9431464203642449
444 0.9431464203642449
445 0.9431464203642449
446 0.9431464203642449
447 0.9431464203642449
448 0.9431464203642449
449 0.9431464203642449
450 0.9431465590072835
451 0.9431465590072835
452 0.9431465590072835
453 0.9431503325305179
454 0.9431503325305179
455 0.9431503325305179
456 0.9431503325305179
457 0.9431503325305179
458 0.9431503325305179
459 0.9431503325305179
460 0.9431503325305179
461 0.9431503325305179
462 0.9431503325305179
463 0.9431503325305179
464 0.9431503325305179
465 0.9431503325305179
466 0.9431506502273571
467 0.9431506764295237
468 0.9431506764295237
469 0.9431506764295237
470 0.9431506764295237
471 0.9431506764295237
472 0.9431515350708968
473 0.9431515350708968
474 0.9431515350708968
475 0.9431515350708968
476 0.9431515350708968
477 0.9431521550292837
478 0.9431521550292837
479 0.9431521550292837
480 0.9431521554177769
481 0.9431525423058585
482 0.9431525423058585
483 0.9431525423058585
484 0.9431528104066799
485 0.9431528104066799
486 0.9431528211363468
487 0.9431528211363468
488 0.9431528211363468
489 0.9431531022734231
490 0.9431532364009798
491 0.9431532364009798
492 0.9431533354254473
493 0.9431537250912927
494 0.9431537250912927
495 0.9431537644364986
496 0.9431537644364986
497 0.94315390960207
498 0.94315390960207
499 0.94315390960207
500 0.94315390960207
501 0.94315390960207
502 0.9431545814378179
503 0.9431545814378179
504 0.9431545814378179
505 0.9431545814378179
506 0.9431545814378179
507 0.9431545814378179
508 0.9431546011366061
509 0.9431546011366061
510 0.9431546011366061
511 0.943155412473264
512 0.943155412473264
513 0.9431554641455642
514 0.9431554641455642
515 0.9431561319269192
516 0.9431561319269192
517 0.9431561319269192
518 0.9431561319269192
519 0.9431561319269192
520 0.9431561319269192
521 0.9431561484704244
522 0.9431561484704244
523 0.9431561484704244
524 0.9431566485789492
525 0.9431566485789492
526 0.9431568125969125
527 0.9431568868395371
528 0.9431568868395371
529 0.9431568868395371
530 0.9431568868395371
531 0.9431569830286404
532 0.9431569830286404
533 0.9431571828305029
534 0.9431571828305029
535 0.9431571828305029
536 0.9431571828305029
537 0.9431575652626544
538 0.9431575652626544
539 0.9431575652626544
540 0.9431575652626544
541 0.9431579551773573
542 0.9431579551773573
543 0.9431579551773573
544 0.9431579551773573
545 0.9431582923112646
546 0.9431584491614959
547 0.9431584491614959
548 0.9431586318578102
549 0.9431586318578102
550 0.9431586318578102
551 0.9431596175165333
552 0.9431596175165333
553 0.9431596175165333
554 0.9431596175165333
555 0.9431596175165333
556 0.9431596175165333
557 0.9431599548366089
558 0.9431599548366089
559 0.9431601308403558
560 0.9431601308403558
561 0.9431601308403558
562 0.9431601308403558
563 0.9431601308403558
564 0.9431601308403558
565 0.9431601308403558
566 0.9431606531460404
567 0.9431606531460404
568 0.9431606531460404
569 0.9431606531460404
570 0.9431606531460404
571 0.9431606531460404
572 0.9431606531460404
573 0.9431611322211864
574 0.9431611322211864
575 0.9431611322211864
576 0.9431611322211864
577 0.9431616274856491
578 0.9431616274856491
579 0.9431616274856491
580 0.9431616274856491
581 0.9431616274856491
582 0.9431616274856491
583 0.9431616274856491
584 0.9431616274856491
585 0.9431616274856491
586 0.9431617356135704
587 0.9431617714770852
588 0.9431617714770852
589 0.9431617714770852
590 0.9431617714770852
591 0.9431625697238915
592 0.9431625697238915
593 0.9431625697238915
594 0.9431630931727869
595 0.9431630931727869
596 0.9431630931727869
597 0.9431630931727869
598 0.9431630931727869
599 0.9431630931727869
600 0.9431630931727869
601 0.9431630931727869
602 0.9431630931727869
603 0.9431634761213485
604 0.9431634761213485
605 0.9431634761213485
606 0.9431634761213485
607 0.9431634761213485
608 0.9431634761213485
609 0.9431634761213485
610 0.9431634761213485
611 0.9431634761213485
612 0.9431634761213485
613 0.9431634761213485
614 0.9431634761213485
615 0.9431634761213485
616 0.9431634761213485
617 0.9431636864426983
618 0.9431636864426983
619 0.9431636864426983
620 0.9431636864426983
621 0.9431636864426983
622 0.9431636864426983
623 0.9431641446738638
624 0.9431641446738638
625 0.9431641446738638
626 0.9431641446738638
627 0.9431641446738638
628 0.9431641446738638
629 0.9431645513245712
630 0.9431645513245712
631 0.9431645513245712
632 0.9431645513245712
633 0.943164628105592
634 0.943164628105592
635 0.943164628105592
636 0.9431646420925471
637 0.9431646420925471
638 0.9431646822768853
639 0.9431646822768853
640 0.9431646822768853
641 0.9431649414405138
642 0.9431649414405138
643 0.9431649414405138
644 0.9431649414405138
645 0.9431649539376218
646 0.9431653205421673
647 0.9431653205421673
648 0.9431653205421673
649 0.9431653205421673
650 0.9431656902673476
651 0.9431656902673476
652 0.9431657387032122
653 0.9431657387032122
654 0.9431657387032122
655 0.9431657387032122
656 0.9431657387032122
657 0.9431657717264778
658 0.9431660946883741
659 0.9431660946883741
660 0.9431660946883741
661 0.9431660946883741
662 0.9431660946883741
663 0.9431660946883741
664 0.9431660946883741
665 0.9431660946883741
666 0.9431660946883741
667 0.9431663652108627
668 0.9431663652108627
669 0.9431665130173386
670 0.9431665130173386
671 0.943166611101235
672 0.9431667577532526
673 0.9431667577532526
674 0.9431667577532526
675 0.9431668497471162
676 0.9431668497471162
677 0.9431668497471162
678 0.9431672157325142
679 0.9431672157325142
680 0.9431672157325142
681 0.9431672157325142
682 0.9431672157325142
683 0.9431672157325142
684 0.9431677928315343
685 0.9431677928315343
686 0.9431677928315343
687 0.9431677928315343
688 0.9431677928315343
689 0.9431677928315343
690 0.9431677928315343
691 0.9431677928315343
692 0.9431677928315343
693 0.9431677928315343
694 0.9431678824933674
695 0.9431679850201561
696 0.9431679850201561
697 0.9431679850201561
698 0.9431679850201561
699 0.9431679850201561
700 0.9431679850201561
701 0.9431679850201561
702 0.9431685441944745
703 0.9431685441944745
704 0.9431685441944745
705 0.9431685441944745
706 0.9431685441944745
707 0.9431685441944745
708 0.9431685441944745
709 0.9431686136513242
710 0.9431686136513242
711 0.9431686136513242
712 0.9431686136513242
713 0.9431686136513242
714 0.9431686136513242
715 0.9431686136513242
716 0.9431686136513242
717 0.9431687265858026
718 0.9431687265858026
719 0.9431687265858026
720 0.9431696172572314
721 0.9431696172572314
722 0.9431696172572314
723 0.9431696172572314
724 0.9431696172572314
725 0.9431696172572314
726 0.9431696172572314
727 0.9431696172572314
728 0.9431696172572314
729 0.9431696172572314
730 0.9431696172572314
731 0.9431696172572314
732 0.9431696172572314
733 0.9431696172572314
734 0.9431696172572314
735 0.9431696172572314
736 0.943169677832895
737 0.943169677832895
738 0.943169677832895
739 0.943169677832895
740 0.943169677832895
741 0.943169677832895
742 0.943169677832895
743 0.943169677832895
744 0.943169677832895
745 0.943169677832895
746 0.943169677832895
747 0.943169677832895
748 0.943169677832895
749 0.9431697740636286
750 0.9431697740636286
751 0.9431697740636286
752 0.9431697740636286
753 0.9431701981573543
754 0.9431705306750812
755 0.9431705306750812
756 0.9431705306750812
757 0.9431705306750812
758 0.9431705306750812
759 0.9431705306750812
760 0.9431705306750812
761 0.9431705306750812
762 0.9431705306750812
763 0.9431705306750812
764 0.9431705306750812
765 0.9431705306750812
766 0.9431705306750812
767 0.9431705772805189
768 0.9431705772805189
769 0.9431705772805189
770 0.9431705772805189
771 0.9431705772805189
772 0.9431705772805189
773 0.9431705786520419
774 0.9431705786520419
775 0.9431705786520419
776 0.9431707512818965
777 0.9431707512818965
778 0.9431708337596261
779 0.9431708337596261
780 0.9431708337596261
781 0.94317133469225
782 0.94317133469225
783 0.94317133469225
784 0.94317133469225
785 0.94317133469225
786 0.94317133469225
787 0.94317133469225
788 0.94317133469225
789 0.94317133469225
790 0.94317133469225
791 0.94317133469225
792 0.94317133469225
793 0.94317133469225
794 0.9431714234598303
795 0.9431714234598303
796 0.9431714234598303
797 0.9431715450940354
798 0.9431715450940354
799 0.9431715450940354
800 0.9431715450940354
801 0.9431715450940354
802 0.9431715450940354
803 0.9431715450940354
804 0.9431715450940354
805 0.9431715450940354
806 0.9431716024192994
807 0.9431716024192994
808 0.9431716024192994
809 0.9431716024192994
810 0.9431716024192994
811 0.9431716024192994
812 0.9431716024192994
813 0.9431717685041954
814 0.9431718754020547
815 0.9431718754020547
816 0.9431718754020547
817 0.9431718754020547
818 0.9431718754020547
819 0.9431722475160195
820 0.9431722475160195
821 0.9431722475160195
822 0.9431722475160195
823 0.9431722475160195
824 0.9431722475160195
825 0.9431722475160195
826 0.9431722475160195
827 0.9431722475160195
828 0.9431722475160195
829 0.9431722475160195
830 0.9431722475160195
831 0.9431722475160195
832 0.9431722475160195
833 0.9431722475160195
834 0.9431722475160195
835 0.9431722475160195
836 0.9431722475160195
837 0.9431722554493598
838 0.9431722554493598
839 0.9431722554493598
840 0.9431722554493598
841 0.9431724698245285
842 0.9431724698245285
843 0.9431725333261708
844 0.9431725333261708
845 0.9431727776591337
846 0.9431727776591337
847 0.9431727776591337
848 0.9431727844186184
849 0.9431727844186184
850 0.9431727844186184
851 0.9431727844186184
852 0.9431727844186184
853 0.9431727844186184
854 0.9431727844186184
855 0.9431727844186184
856 0.9431727844186184
857 0.9431727844186184
858 0.9431728668793377
859 0.9431728668793377
860 0.9431728668793377
861 0.943173047818027
862 0.943173047818027
863 0.943173047818027
864 0.943173047818027
865 0.943173047818027
866 0.943173047818027
867 0.943173047818027
868 0.943173047818027
869 0.943173047818027
870 0.943173047818027
871 0.943173047818027
872 0.943173047818027
873 0.943173047818027
874 0.9431731389271246
875 0.9431731389271246
876 0.9431731389271246
877 0.9431731389271246
878 0.9431731389271246
879 0.9431731389271246
880 0.9431731389271246
881 0.9431731494345468
882 0.9431731494345468
883 0.9431731494345468
884 0.9431731494345468
885 0.9431731833675365
886 0.9431731833675365
887 0.9431731833675365
888 0.9431732479967206
889 0.9431735717461706
890 0.9431735717461706
891 0.9431735717461706
892 0.9431735862573417
893 0.9431735862573417
894 0.9431735862573417
895 0.9431735862573417
896 0.9431735862573417
897 0.9431735929416071
898 0.9431735929416071
899 0.9431735929416071
900 0.9431735929416071
901 0.9431735929416071
902 0.9431735929416071
903 0.9431735929416071
904 0.9431735929416071
905 0.9431735929416071
906 0.9431736728779332
907 0.9431736728779332
908 0.9431736728779332
909 0.9431737190169459
910 0.9431737190169459
911 0.9431737190169459
912 0.9431737190169459
913 0.9431737190169459
914 0.9431737190169459
915 0.9431737190169459
916 0.9431737190169459
917 0.9431737359175953
918 0.9431739301841633
919 0.9431739301841633
920 0.9431739301841633
921 0.9431739565084398
922 0.9431739565084398
923 0.9431739565084398
924 0.9431739565084398
925 0.9431739565084398
926 0.9431741716142614
927 0.9431741716142614
928 0.9431741716142614
929 0.9431741716142614
930 0.9431741716142614
931 0.9431741716142614
932 0.9431742515484971
933 0.9431743610140958
934 0.9431743610140958
935 0.9431743610140958
936 0.9431743610140958
937 0.9431743610140958
938 0.9431743788580645
939 0.9431743788580645
940 0.9431743788580645
941 0.9431743788580645
942 0.9431743788580645
943 0.9431743788580645
944 0.9431743788580645
945 0.9431743788580645
946 0.9431744950006818
947 0.9431745637031418
948 0.9431745637031418
949 0.9431745637031418
950 0.9431745637031418
951 0.9431747400134506
952 0.9431747400134506
953 0.9431748377880923
954 0.9431748377880923
955 0.9431748377880923
956 0.9431749021612544
957 0.943175004374013
958 0.943175004374013
959 0.943175004374013
960 0.943175004374013
961 0.9431750943207157
962 0.9431750943207157
963 0.9431750943207157
964 0.9431750943207157
965 0.9431750943207157
966 0.94317528673409
967 0.94317528673409
968 0.94317528673409
969 0.94317528673409
970 0.94317528673409
971 0.94317528673409
972 0.94317528673409
973 0.94317528673409
974 0.94317528673409
975 0.94317528673409
976 0.94317528673409
977 0.94317528673409
978 0.94317528673409
979 0.94317528673409
980 0.94317528673409
981 0.94317528673409
982 0.9431755550288135
983 0.9431755550288135
984 0.9431755550288135
985 0.9431755550288135
986 0.9431755550288135
987 0.9431755550288135
988 0.9431755550288135
989 0.9431755550288135
990 0.9431755550288135
991 0.9431755550288135
992 0.9431756110265643
993 0.9431756425837099
994 0.9431756425837099
995 0.9431756425837099
996 0.9431756425837099
997 0.9431756425837099
998 0.9431756425837099
999 0.9431756425837099
1000 0.9431756425837099
1001 0.9431757494495765
1002 0.9431757494495765
1003 0.9431757494495765
1004 0.9431758355565376
1005 0.9431758355565376
1006 0.9431758355565376
1007 0.9431758355565376
1008 0.9431758355565376
1009 0.9431758355565376
1010 0.9431758355565376
1011 0.9431758355565376
1012 0.9431758355565376
1013 0.9431758355565376
1014 0.9431758355565376
1015 0.9431758355565376
1016 0.9431758355565376
1017 0.9431758355565376
1018 0.9431758355565376
1019 0.9431758355565376
1020 0.9431758355565376
1021 0.9431758355565376
1022 0.9431758355565376
1023 0.9431758355565376
1024 0.9431758355565376
