000 0.09285856827770209
001 0.14585724469240044
002 0.15371605960465418
003 0.19007448054468257
004 0.24508175583687372
005 0.3240297599054335
006 0.4151688047978076
007 0.5082433643406155
008 0.5169621906593519
009 0.5373121795750984
010 0.5686392489893444
011 0.636024620752287
012 0.6490571854608302
013 0.7032909950991335
014 0.7145135232053323
015 0.7504713803145772
016 0.7818642995942666
017 0.7818642995942666
018 0.7887807380352466
019 0.7887807380352466
020 0.7928250932190377
021 0.7942238063242151
022 0.797876991037188
023 0.7993554793946355
024 0.8015964222995721
025 0.801989265101162
026 0.8026301612262754
027 0.8050323240016777
028 0.8050424969673635
029 0.8051862286854983
030 0.805315898464196
031 0.8053241971795589
032 0.8053253583274377
033 0.8053253583274377
034 0.8053253583274377
035 0.8065107258667971
036 0.8065107258667971
037 0.8065107258667971
038 0.8087442928417368
039 0.8116006773010873
040 0.8131000624628261
041 0.8149808052169277
042 0.817159599423733
043 0.8185393027400735
044 0.819327403076773
045 0.8203657937884478
046 0.8209568514848271
047 0.8223893663552762
048 0.8241868301424996
049 0.8245512745858601
050 0.8250841961900311
051 0.8251154778333303
052 0.825361884566341
053 0.8254842036448433
054 0.825604885424384
055 0.8256802395516001
056 0.825800154425095
057 0.8260489212715415
058 0.8260809440199816
059 0.8280243750322265
060 0.8296082415934418
061 0.8305049913922349
062 0.8325483134581257
063 0.8338021301693629
064 0.8359465922421508
065 0.8361700272148603
066 0.8365598385978442
067 0.8371497871196921
068 0.837668511071172
069 0.8379653639641257
070 0.8380231218131786
071 0.838120984727102
072 0.8381613093817397
073 0.8384555276433863
074 0.8385564607910513
075 0.8385572831145347
076 0.8388776524532456
077 0.8388795509020309
078 0.8410643489487272
079 0.8417422980207778
080 0.8431399076691305
081 0.8457160943684024
082 0.8464561458111202
083 0.8469746133137493
084 0.8482499817760157
085 0.8487309653298419
086 0.8494472299750216
087 0.8502204444192588
088 0.8504232098998105
089 0.8508632157976996
090 0.8509817970228152
091 0.8510709495349263
092 0.8510709495349263
093 0.8510709495349263
094 0.8510709495349263
095 0.8510709495349263
096 0.8510709495349263
097 0.8533979212131392
098 0.853853562516308
099 0.8552516493025599
100 0.8570159021963599
101 0.85787443882443
102 0.8579910441923456
103 0.85872566417188
104 0.8594410787969353
105 0.859683094268716
106 0.8600758108136393
107 0.8603710785365656
108 0.8604136557416439
109 0.8605387890977686
110 0.8605387890977686
111 0.8605387890977686
112 0.8605387890977686
113 0.8606072285744807
114 0.8622586954750644
115 0.862607685165089
116 0.8637929150640676
117 0.8643661960441464
118 0.8649572881505758
119 0.8655027768891248
120 0.8655412991349459
121 0.8659682818395363
122 0.8661733270078958
123 0.8662537799534704
124 0.866413861614593
125 0.8665168982755788
126 0.8665361498651294
127 0.8665361498651294
128 0.8665361498651294
129 0.8675130288931324
130 0.868131257870341
131 0.8684520882825723
132 0.8695882805621398
133 0.8701361035663886
134 0.8707547472281907
135 0.8712717725213104
136 0.8716544810785308
137 0.8718652937374642
138 0.8721367264339488
139 0.8723604144352494
140 0.872438199922329
141 0.872594316254532
142 0.8726272858027826
143 0.8726272858027826
144 0.872648890508648
145 0.8736071484375767
146 0.874116856389196
147 0.874946949754666
148 0.8755405442283769
149 0.8758401015409925
150 0.8760740617972445
151 0.8761657249094617
152 0.8762859398111025
153 0.8763192437999208
154 0.8763821288877593
155 0.8764670327665073
156 0.8765005065670627
157 0.8766071448647209
158 0.8772574865996271
159 0.8779575372751198
160 0.8786548105060626
161 0.879244803682695
162 0.8806952215230273
163 0.8811524384563603
164 0.8817497674816942
165 0.8820769026546611
166 0.8826450448230688
167 0.8833012988691278
168 0.8837867847135192
169 0.884004604244107
170 0.8840992095546047
171 0.8842103572586877
172 0.884353647415258
173 0.8845192339901978
174 0.8845248803739243
175 0.8845248803739243
176 0.8845637221048549
177 0.8852372176936845
178 0.8858733042973371
179 0.8868352237092743
180 0.8875125641639474
181 0.8887445598482789
182 0.8889462311942298
183 0.8896540775440999
184 0.8904176866861017
185 0.8905696271378757
186 0.8909616327370775
187 0.8912352950626551
188 0.8913886510593324
189 0.8917635500581508
190 0.8922472275390163
191 0.8924222382657974
192 0.892573658813152
193 0.8931436695775232
194 0.8934390550181941
195 0.8935262722031183
196 0.8939591506139091
197 0.8940655539851367
198 0.8944238318332617
199 0.8945185255190704
200 0.8945185255190704
201 0.8945185255190704
202 0.8945826694331109
203 0.8957848947705802
204 0.8963724894945524
205 0.8970852140548379
206 0.8977014178329301
207 0.8987042694747822
208 0.8990007058805878
209 0.8997727931825935
210 0.9006568354432679
211 0.9010508834152327
212 0.9011431836704232
213 0.9011431836704232
214 0.9012278076956336
215 0.9012595881073364
216 0.9012595881073364
217 0.9012595881073364
218 0.9012595881073364
219 0.9012595881073364
220 0.9029519403834555
221 0.9029519403834555
222 0.9039452924895116
223 0.9052031981358845
224 0.9056573173120439
225 0.9059076934298002
226 0.9068954179613861
227 0.9070083744298714
228 0.9072588889543035
229 0.9075197331302722
230 0.9076192591883498
231 0.9076652566095664
232 0.9077015466594943
233 0.9077257111712425
234 0.9077257111712425
235 0.9077257111712425
236 0.9090282627209213
237 0.9095867893818302
238 0.9103106821661313
239 0.9112735771075564
240 0.9114024560539544
241 0.9115853294824595
242 0.9120687753276114
243 0.9120687753276114
244 0.9125653535160746
245 0.9126409634561641
246 0.9126431019826055
247 0.9126493173121948
248 0.9126720892136609
249 0.9134785136845837
250 0.913583696793072
251 0.9139275836852395
252 0.914447261039918
253 0.9147322876610544
254 0.9154834216856155
255 0.9155241154197418
256 0.9157468324564769
257 0.9157468324564769
258 0.9159370406528123
259 0.9159746191717818
260 0.9159792884098149
261 0.9159792884098149
262 0.9159792884098149
263 0.9168090571292975
264 0.9173293971818376
265 0.9178107232008602
266 0.9179706245507051
267 0.9181106702083179
268 0.9182222625726283
269 0.9184016314343799
270 0.9189967247690903
271 0.9191238094710629
272 0.9193890102829598
273 0.9197514314430403
274 0.9197514314430403
275 0.9200987094117639
276 0.9204597998127693
277 0.9206755275985544
278 0.9209412664059833
279 0.9214632559992973
280 0.9220722079517343
281 0.9221214161691891
282 0.9223573556209921
283 0.922586503589278
284 0.9226846214564323
285 0.9227208486904824
286 0.9227405504137692
287 0.9228094524984352
288 0.9229144275156723
289 0.9232908956403213
290 0.923512673172471
291 0.9238537501803464
292 0.9244977449497972
293 0.9248269766455229
294 0.9250103290454533
295 0.9250908088827414
296 0.9255100568716519
297 0.9256575122711191
298 0.9258216277748446
299 0.9259760934967001
300 0.9261020182695143
301 0.9261986293477843
302 0.9264911542265439
303 0.9266221728059562
304 0.9270927801560903
305 0.9274145316838225
306 0.9274812327078484
307 0.9276922443498208
308 0.9280993477439377
309 0.9281738154497997
310 0.9285954702059961
311 0.9289517366039617
312 0.9289684117103314
313 0.9293088356541993
314 0.9293816288102156
315 0.9295466500606415
316 0.9297363858504821
317 0.9299511728430916
318 0.930289826279184
319 0.9303946564297446
320 0.9306136293091533
321 0.9307911559283841
322 0.9309302590745483
323 0.931364083483314
324 0.9315471732190743
325 0.9317065189387518
326 0.931919200512284
327 0.9321559085250466
328 0.9323537257786544
329 0.9326145523184058
330 0.9329338310729929
331 0.9331671722056087
332 0.9332334591945989
333 0.9333928660811674
334 0.9335950196197689
335 0.9336712511034707
336 0.9340192220724662
337 0.9340192220724662
338 0.9344025439639453
339 0.9344177291443341
340 0.9346532450001507
341 0.9347853641904553
342 0.9349322257830992
343 0.9351454417013987
344 0.9353683369379484
345 0.9353683369379484
346 0.9355205077895178
347 0.9355769707280324
348 0.935772954153226
349 0.9359468892180781
350 0.936207960043282
351 0.936290844647126
352 0.936556630746231
353 0.936706907124643
354 0.9368591490011529
355 0.936989086948572
356 0.937200152868923
357 0.937329414088186
358 0.9375480140184542
359 0.9377214390238244
360 0.9379312197160709
361 0.9381675916897684
362 0.938184185615384
363 0.9383421600261452
364 0.9384747185581657
365 0.9385561351795401
366 0.9387835881589257
367 0.9387835881589257
368 0.938900940500861
369 0.938952978136585
370 0.9391374287168532
371 0.9391374287168532
372 0.9392915074443814
373 0.9395834790384552
374 0.9395918982559699
375 0.9396976783140071
376 0.9399275025853546
377 0.9399275025853546
378 0.9399546734872116
379 0.9401030938673484
380 0.9401501383327772
381 0.9403682757291506
382 0.9404240814285503
383 0.9405006968594508
384 0.9406251899646276
385 0.9407155569538348
386 0.940721333609952
387 0.9408563273738706
388 0.9409779807617812
389 0.9410372909817007
390 0.9410638755412476
391 0.9412095675770127
392 0.9412095675770127
393 0.9412791311988797
394 0.9413698029849835
395 0.941397822845208
396 0.9415226807372544
397 0.9416372922062193
398 0.9416617848493606
399 0.9417427193022655
400 0.941746277440417
401 0.9419068990376491
402 0.9419334128667533
403 0.9420091797777216
404 0.9420259720273937
405 0.9421986207109616
406 0.9422110692465681
407 0.9422896619053941
408 0.9423742070588598
409 0.9424036992988678
410 0.9424036992988678
411 0.9425038836008109
412 0.9425362441839982
413 0.9425789224733199
414 0.9426090566966977
415 0.942633193751107
416 0.9427965460710123
417 0.9427965460710123
418 0.9428840522501912
419 0.9429675077248625
420 0.9429753560494449
421 0.942993228994516
422 0.9430792228267848
423 0.9432304695018293
424 0.9432304695018293
425 0.9432867207433826
426 0.943291058928507
427 0.9433305577819893
428 0.9433659817578943
429 0.9434092169074767
430 0.9434575877382826
431 0.9434780432078661
432 0.9435270495240352
433 0.9435654444193998
434 0.9436012562070732
435 0.9436272744783385
436 0.9436771723961331
437 0.9437008806373867
438 0.9437199649734513
439 0.943752868790935
440 0.9437728213753287
441 0.9437947611626826
442 0.9438360479493199
443 0.9438497815433463
444 0.9438734694351852
445 0.9438827428621809
446 0.9439134377013106
447 0.9439339103205906
448 0.9439583679486288
449 0.9439977817278378
450 0.9440085772723391
451 0.9440235393443438
452 0.9440522435111679
453 0.9441066148969238
454 0.9441155547473823
455 0.9441590829019484
456 0.9441590829019484
457 0.9441945276718259
458 0.9441986552315834
459 0.9442164787394002
460 0.9442303369752466
461 0.9442303369752466
462 0.944259453431965
463 0.9442926022586673
464 0.9443009247020309
465 0.9443310456129866
466 0.9443599974310982
467 0.9444086938966941
468 0.9444415585307466
469 0.9444528387289557
470 0.9444528387289557
471 0.9444528387289557
472 0.9445053367055521
473 0.944550305712808
474 0.944550305712808
475 0.9445639003503862
476 0.9445639003503862
477 0.9445872620105814
478 0.9446050929534672
479 0.9446238200933921
480 0.9446579554587115
481 0.9446579554587115
482 0.9446621894692685
483 0.9446645395961681
484 0.9446859944759315
485 0.9447009237617721
486 0.9447437522503112
487 0.9447471029821224
488 0.9447471029821224
489 0.9447546495555228
490 0.9447899822823546
491 0.9447899822823546
