000 0.11579706894343987
001 0.25102595277098744
002 0.25102595277098744
003 0.3203334088070513
004 0.46030119464573005
005 0.46030119464573005
006 0.5048193830510856
007 0.5643242429991004
008 0.636249988985867
009 0.7084988305447305
010 0.7084988305447305
011 0.7703426641153808
012 0.7703426641153808
013 0.8037940052885513
014 0.8192369881491681
015 0.8357118729171897
016 0.8531111023164447
017 0.8532901054120268
018 0.8616380516326411
019 0.8669754229337591
020 0.8746606419367798
021 0.8817702679550277
022 0.884161783347287
023 0.8858426210928411
024 0.8861584171439425
025 0.8877648290942094
026 0.8898138932284759
027 0.8913244815445504
028 0.8914398849313385
029 0.8914420683418186
030 0.8934052641981342
031 0.8939261809083288
032 0.8939261809083288
033 0.8939261809083288
034 0.8939261809083288
035 0.8940051536406711
036 0.8940051536406711
037 0.8941796896436526
038 0.8941796896436526
039 0.8942538970631136
040 0.8996263182132437
041 0.9006915350921766
042 0.9020544208752235
043 0.9030529356853314
044 0.903453397668399
045 0.9042992306297758
046 0.90478637084890
047 0.9053582742437332
048 0.9056843924677895
049 0.9057496198210868
050 0.9058216003801004
051 0.9058700002083186
052 0.9058993126067143
053 0.9060057065653199
054 0.9060553976425063
055 0.9060749884789283
056 0.9069877542814478
057 0.907333371882576
058 0.907891082477093
059 0.9086252473644477
060 0.9092115852641826
061 0.9093370964046246
062 0.9098482417353336
063 0.9099576134367767
064 0.9100487697732663
065 0.9100802885453055
066 0.9101245624161164
067 0.9101569049408578
068 0.9101914035222574
069 0.9102424569449561
070 0.910992994832807
071 0.9115004845596754
072 0.9120465157461076
073 0.9125279928222279
074 0.9129314807741764
075 0.9138505553310358
076 0.9138795319579409
077 0.914676052516929
078 0.914988218212079
079 0.9165221761710522
080 0.9179531074081684
081 0.9182940805179202
082 0.9183475095665055
083 0.9184203735497611
084 0.9184401334478596
085 0.9184852955801105
086 0.918583518021617
087 0.91872240763757
088 0.9188706806425425
089 0.9189022584836332
090 0.9202602699219393
091 0.9212017604200878
092 0.9218470080801534
093 0.9220939459278383
094 0.9221822353858561
095 0.9225636355546752
096 0.922793723988334
097 0.9227985989497492
098 0.9228985495404268
099 0.922982758399794
100 0.9229898006503756
101 0.9230069903993736
102 0.923943058667577
103 0.9242998379365168
104 0.9248918008537407
105 0.9252807635842821
106 0.925643955479133
107 0.9257676770493871
108 0.9258559236643082
109 0.9261312507072501
110 0.9263428334801692
111 0.926389156740544
112 0.9264312531002891
113 0.9265637262714371
114 0.9266716421051906
115 0.9273625344494985
116 0.9275823727569636
117 0.9280426806082945
118 0.9284620114824887
119 0.9288135902897028
120 0.9291358687442245
121 0.9295220528362005
122 0.9296622687775162
123 0.9297295901816911
124 0.9298905633556134
125 0.9303705529072246
126 0.9305648035765041
127 0.9306759010538795
128 0.9307071559317626
129 0.9307071559317626
130 0.9317253522553655
131 0.9318808030117285
132 0.9322773004098345
133 0.9324858700812383
134 0.9328927659017502
135 0.9334864368128505
136 0.9335402657339998
137 0.9338823353415606
138 0.9340909915529509
139 0.9341120494866315
140 0.9341952880812654
141 0.9342126194733269
142 0.9342438167643069
143 0.934282502265294
144 0.9343041107901623
145 0.935109544749817
146 0.9352809523527001
147 0.9356183028359086
148 0.9359189939474493
149 0.9360637851665103
150 0.936191877196166
151 0.9364022587451059
152 0.9364869253476148
153 0.9366327335312253
154 0.9367881475509489
155 0.9369755373523473
156 0.9371004832025406
157 0.9373097879910923
158 0.9373428543672879
159 0.9374557573150708
160 0.9375454900756333
161 0.9376899977662705
162 0.9377926421858797
163 0.9379235700998467
164 0.937973995083226
165 0.9381070607584513
166 0.9381922330904522
167 0.9381922330904522
168 0.9382561481675825
169 0.9383314475191313
170 0.9383628520266578
171 0.9383771809685948
172 0.9384414222424056
173 0.9384414222424056
174 0.9384907843612927
175 0.9384955394360204
176 0.9385404978227158
177 0.9385654318620672
178 0.9385727400492778
179 0.9385995278496332
180 0.9386532808633773
181 0.9386533852434021
182 0.9386612073916614
183 0.9386887763079528
184 0.9387085590460658
185 0.938726455998806
186 0.938726455998806
187 0.9387412723995169
188 0.9387545237867105
189 0.9387545237867105
190 0.9387660818705477
191 0.9387981111329717
192 0.9387981111329717
193 0.9387985896465926
194 0.9388022851564639
195 0.9388275969981289
196 0.9388275969981289
197 0.9388279239757865
198 0.9388492018080394
199 0.9388500443322421
200 0.9388618990378275
201 0.9388689437262496
202 0.9388819189943516
203 0.9388991418071552
204 0.9389115309137122
205 0.9389178957447105
206 0.9389242846685798
207 0.9389260637574227
208 0.9389453633843639
209 0.938952346674791
210 0.938952346674791
211 0.938952346674791
212 0.9389607738300663
213 0.9389651664510135
214 0.9389651664510135
215 0.9389704640848846
216 0.9389752467572846
217 0.9389784653903964
218 0.9389985569270872
219 0.9390017792747333
220 0.9390017792747333
221 0.939020963529079
222 0.939020963529079
223 0.939020963529079
224 0.939020963529079
225 0.939020963529079
226 0.9390380441594577
227 0.9390380441594577
228 0.9390380441594577
229 0.9390418489049237
230 0.939047992572064
231 0.9390503931141796
232 0.9390543509633308
233 0.9390655494537384
234 0.9390655494537384
235 0.9390704326621744
236 0.9390847462671085
237 0.9390847462671085
238 0.9390847462671085
239 0.9390852099739663
240 0.9390913304363965
241 0.9390947069846974
242 0.9390998299073104
243 0.9390998299073104
244 0.9391001364863643
245 0.9391106062477871
246 0.9391106062477871
247 0.9391106062477871
248 0.9391106062477871
249 0.939120675995271
250 0.939120675995271
251 0.9391212129771365
252 0.9391212129771365
253 0.9391230831859029
254 0.9391230831859029
255 0.9391268842005704
256 0.939132806615162
257 0.939133389787614
258 0.939133389787614
259 0.9391378228633622
260 0.9391378228633622
261 0.9391463544112854
262 0.9391463544112854
263 0.9391463544112854
264 0.9391463544112854
265 0.9391512529972887
266 0.9391512529972887
267 0.9391541755300233
268 0.9391546865041125
269 0.9391607486874919
270 0.9391607486874919
271 0.9391627699719476
272 0.9391640180057195
273 0.9391666694690701
274 0.9391666694690701
275 0.9391669065450808
276 0.9391717620609537
277 0.9391717620609537
278 0.9391828786549583
279 0.9391828786549583
280 0.9391831000030254
281 0.9391831000030254
282 0.9391831000030254
283 0.9391911659672986
284 0.9391911659672986
285 0.9391911659672986
286 0.9391911659672986
287 0.9391911659672986
288 0.9391931254959227
289 0.9391965305704661
290 0.9391967191958028
291 0.9391971005965652
292 0.9392018192231769
293 0.9392018192231769
294 0.9392018192231769
295 0.9392029633423168
296 0.9392029633423168
297 0.9392043530276131
298 0.9392101918313226
299 0.9392119367145917
300 0.9392119367145917
301 0.9392119367145917
302 0.9392119367145917
303 0.9392161965583975
304 0.939216527321341
305 0.939216527321341
306 0.939216527321341
307 0.9392174230061274
308 0.9392192257073422
309 0.9392203900886703
310 0.9392203900886703
311 0.9392207936275113
312 0.9392231907803824
313 0.9392274490796875
314 0.9392274490796875
315 0.9392293457378978
316 0.9392293457378978
317 0.9392293457378978
318 0.9392293457378978
319 0.9392296039215512
320 0.9392342957892631
321 0.9392342957892631
322 0.9392342957892631
323 0.9392356327671303
324 0.9392356327671303
325 0.9392356327671303
326 0.9392394480783695
327 0.939240948958394
328 0.939240948958394
329 0.939240948958394
330 0.9392418176252421
331 0.9392418176252421
332 0.9392489453097829
333 0.9392489453097829
334 0.9392489453097829
335 0.9392489453097829
336 0.939249794867484
337 0.9392522427315954
338 0.9392531085206356
339 0.9392532413128619
340 0.9392532413128619
341 0.9392550193990976
342 0.9392550193990976
343 0.9392574414715427
344 0.9392574414715427
345 0.9392642600387815
346 0.9392642600387815
347 0.9392642600387815
348 0.9392642600387815
349 0.9392642600387815
350 0.9392642600387815
351 0.9392649192318476
352 0.9392676598009073
353 0.9392676598009073
354 0.9392676598009073
355 0.9392702217100412
356 0.9392702217100412
357 0.9392702217100412
358 0.9392714305031556
359 0.9392733464044746
360 0.9392745807397059
361 0.9392745807397059
362 0.9392745807397059
363 0.9392745807397059
364 0.9392745807397059
365 0.9392749628382784
366 0.9392778209460463
367 0.9392781137080947
368 0.9392822863494052
369 0.9392822863494052
370 0.9392822863494052
371 0.939282942828154
372 0.939282942828154
373 0.939282942828154
374 0.9392833867332648
375 0.9392861257664542
376 0.9392864761636345
377 0.9392864761636345
378 0.9392864761636345
379 0.9392870906833064
380 0.939288312444293
381 0.9392890464975275
382 0.9392890464975275
383 0.9392908367310349
384 0.9392908367310349
385 0.9392913870399079
386 0.9392913870399079
387 0.9392913870399079
388 0.9392915081873442
389 0.9392928739856158
390 0.9392928739856158
391 0.9392940382925062
392 0.9392978572664926
393 0.9392978572664926
394 0.9392978572664926
395 0.9392978572664926
396 0.9392984828556872
397 0.9392995721572356
398 0.9392995721572356
399 0.9392995721572356
400 0.9392995721572356
401 0.9392995721572356
402 0.9393009027669843
403 0.9393021824681517
404 0.9393021824681517
405 0.9393021824681517
406 0.9393021824681517
407 0.9393021824681517
408 0.9393023563725835
409 0.9393023563725835
410 0.9393041038790383
411 0.9393048632124074
412 0.9393048632124074
413 0.9393048632124074
414 0.9393048632124074
415 0.9393081759041719
416 0.9393081759041719
417 0.9393081759041719
418 0.9393081759041719
419 0.9393081759041719
420 0.9393081759041719
421 0.9393081759041719
422 0.9393081759041719
423 0.9393093871127591
424 0.9393093871127591
425 0.9393093871127591
426 0.939311257466298
427 0.9393132076741764
428 0.9393132076741764
429 0.9393132076741764
430 0.9393132076741764
431 0.9393132076741764
432 0.9393132076741764
433 0.9393132076741764
434 0.9393146031609396
435 0.9393146031609396
436 0.9393146031609396
437 0.9393146031609396
438 0.9393146031609396
439 0.9393146031609396
440 0.9393151719412114
441 0.9393151738313403
442 0.9393152918139338
443 0.9393167408390448
444 0.9393167408390448
445 0.9393167408390448
446 0.9393167408390448
447 0.9393167408390448
448 0.9393167408390448
449 0.9393167408390448
450 0.9393172467848143
451 0.939317455939983
452 0.9393197341987907
453 0.9393203190263212
454 0.9393203190263212
455 0.9393203190263212
456 0.9393203190263212
457 0.9393203190263212
458 0.9393203190263212
459 0.9393203190263212
460 0.9393203190263212
461 0.9393203190263212
462 0.9393203190263212
463 0.9393203190263212
464 0.9393205798424491
465 0.9393207884040286
466 0.9393207884040286
467 0.9393207884040286
468 0.9393210158342816
469 0.9393210158342816
470 0.9393210158342816
471 0.9393220572901636
472 0.9393225782530972
473 0.9393225782530972
474 0.9393225782530972
475 0.9393225782530972
476 0.9393225782530972
477 0.9393225782530972
478 0.9393226273336907
479 0.9393226273336907
480 0.9393235016608297
481 0.9393235016608297
482 0.9393235016608297
483 0.939324312783456
484 0.9393260932569651
485 0.9393260932569651
486 0.9393260932569651
487 0.9393260932569651
488 0.9393260932569651
489 0.9393260932569651
490 0.939326822791136
491 0.939326822791136
492 0.939326822791136
493 0.939326822791136
494 0.939326822791136
495 0.939326822791136
496 0.939326822791136
497 0.939326822791136
498 0.9393269292901003
499 0.9393279536385634
500 0.9393279536385634
501 0.9393279536385634
502 0.9393279536385634
503 0.939328171868719
504 0.939328171868719
505 0.9393285660908683
506 0.9393285660908683
507 0.9393285660908683
508 0.9393298059580922
509 0.9393298059580922
510 0.9393298059580922
511 0.9393302067624202
512 0.9393302067624202
513 0.9393302067624202
514 0.9393302067624202
515 0.9393302067624202
516 0.9393302067624202
517 0.9393302067624202
518 0.9393308332038105
519 0.9393308332038105
520 0.9393314956282696
521 0.9393314956282696
522 0.9393314956282696
523 0.9393314956282696
524 0.9393314956282696
525 0.9393314956282696
526 0.9393318657056855
527 0.9393318657056855
528 0.9393318657056855
529 0.9393318657056855
530 0.9393324738792309
531 0.9393324738792309
532 0.9393324738792309
533 0.9393324738792309
534 0.9393324738792309
535 0.9393324738792309
536 0.9393324738792309
537 0.9393324738792309
538 0.9393324738792309
539 0.9393331635370232
540 0.9393331635370232
541 0.9393331635370232
542 0.9393331635370232
543 0.9393331635370232
544 0.9393334889601692
545 0.9393334889601692
546 0.9393334889601692
547 0.9393337964542221
548 0.9393337964542221
549 0.939333921595412
550 0.939333921595412
551 0.939333921595412
552 0.939333921595412
553 0.939333921595412
554 0.939333921595412
555 0.9393340207830055
556 0.9393340207830055
557 0.9393340207830055
558 0.9393341337476893
559 0.9393342187174855
560 0.9393343186546876
561 0.9393346097291806
562 0.9393346097291806
563 0.939334689017983
564 0.9393346942772655
565 0.9393347255789535
566 0.9393353479868769
567 0.9393353479868769
568 0.9393353479868769
569 0.9393353479868769
570 0.9393353479868769
571 0.9393353479868769
572 0.9393353479868769
573 0.9393354765856268
574 0.9393354765856268
575 0.9393354765856268
576 0.9393358495059522
577 0.9393358495059522
578 0.9393361127001578
579 0.9393362072667696
580 0.9393362072667696
581 0.9393363300271409
582 0.9393363300271409
583 0.9393364921267123
584 0.9393367605393487
585 0.93933711125997
586 0.93933711125997
587 0.93933711125997
588 0.93933711125997
589 0.9393373588826106
590 0.9393373588826106
591 0.9393373588826106
592 0.9393389108690916
593 0.9393389108690916
594 0.9393389108690916
595 0.9393389108690916
596 0.9393389108690916
597 0.9393389108690916
598 0.9393389108690916
599 0.9393389108690916
600 0.9393389108690916
601 0.9393389108690916
602 0.9393389108690916
603 0.9393389108690916
604 0.9393389108690916
605 0.9393389108690916
606 0.9393389108690916
607 0.9393389108690916
608 0.9393389108690916
609 0.9393394674230833
610 0.9393394674230833
611 0.9393394674230833
612 0.9393394674230833
613 0.9393394674230833
614 0.9393394674230833
615 0.9393394674230833
616 0.939339714510115
617 0.939339714510115
618 0.9393398969633289
619 0.9393398969633289
620 0.9393398969633289
621 0.9393398969633289
622 0.9393398969633289
623 0.9393398969633289
624 0.9393400407108068
625 0.9393400407108068
626 0.9393400407108068
627 0.9393402874359998
628 0.9393402874359998
629 0.9393402874359998
630 0.9393402874359998
631 0.9393402874359998
632 0.939340417482931
633 0.939340417482931
634 0.939340417482931
635 0.939340417482931
636 0.939340417482931
637 0.939340417482931
638 0.939340417482931
639 0.9393405954913886
640 0.9393406190585943
641 0.9393406190585943
642 0.9393406190585943
643 0.9393410092639864
644 0.9393410092639864
645 0.9393410092639864
646 0.9393410092639864
647 0.9393410092639864
648 0.9393410092639864
649 0.9393416429276729
650 0.9393416429276729
651 0.9393416429276729
652 0.9393416429276729
653 0.9393417810136094
654 0.9393419737586888
655 0.9393419737586888
656 0.9393419737586888
657 0.9393419737586888
658 0.9393419737586888
659 0.9393419737586888
660 0.9393419737586888
661 0.9393419737586888
662 0.9393419737586888
663 0.9393419737586888
664 0.9393419737586888
665 0.9393419737586888
666 0.9393419737586888
667 0.9393420799522151
668 0.9393422746876768
669 0.939342361116084
670 0.9393424406338189
671 0.9393427478562002
672 0.9393427478562002
673 0.9393427478562002
674 0.9393427478562002
675 0.9393427683170984
676 0.9393427683170984
677 0.9393427683170984
678 0.9393430489005723
679 0.9393430489005723
680 0.9393430489005723
681 0.9393430489005723
682 0.9393431237696978
683 0.9393431237696978
684 0.9393431237696978
685 0.9393431237696978
686 0.9393434678425566
687 0.9393438939867311
688 0.9393438939867311
689 0.9393438939867311
690 0.9393438939867311
691 0.9393438939867311
692 0.9393438939867311
693 0.9393438939867311
694 0.9393438939867311
695 0.9393438939867311
696 0.9393438939867311
697 0.9393440065919745
698 0.9393440065919745
699 0.9393440065919745
700 0.9393440065919745
701 0.9393440065919745
702 0.9393443664807446
703 0.9393443664807446
704 0.9393443664807446
705 0.9393443664807446
706 0.9393443664807446
707 0.9393443664807446
708 0.9393443664807446
709 0.9393443664807446
710 0.9393443664807446
711 0.9393444903462211
712 0.9393444903462211
713 0.9393444903462211
714 0.9393445247873303
715 0.9393445247873303
716 0.9393445247873303
717 0.9393445247873303
718 0.9393445247873303
719 0.9393450490568209
720 0.9393450490568209
721 0.9393450490568209
722 0.9393451877654878
723 0.9393451877654878
724 0.9393451877654878
725 0.9393451877654878
726 0.9393451877654878
727 0.9393451877654878
728 0.9393451877654878
729 0.9393451877654878
730 0.9393451877654878
731 0.9393451877654878
732 0.9393451877654878
733 0.9393451877654878
734 0.9393451877654878
735 0.9393451877654878
736 0.9393451877654878
737 0.9393451877654878
738 0.9393451877654878
739 0.9393456580894722
740 0.9393456580894722
741 0.9393456580894722
742 0.9393456580894722
743 0.9393458952517219
744 0.9393458952517219
745 0.9393460014784233
746 0.9393460014784233
747 0.9393460014784233
748 0.9393460014784233
749 0.939346233924954
750 0.939346233924954
751 0.939346233924954
752 0.939346233924954
753 0.939346233924954
754 0.939346233924954
755 0.939346233924954
756 0.939346233924954
757 0.939346233924954
758 0.939346233924954
759 0.939346233924954
760 0.939346233924954
761 0.939346233924954
762 0.939346233924954
763 0.939346233924954
764 0.9393462958106268
765 0.9393462958106268
766 0.9393468127839768
767 0.9393468127839768
768 0.9393468127839768
769 0.9393468127839768
770 0.9393474639952307
771 0.9393474639952307
772 0.9393474639952307
773 0.9393474639952307
774 0.9393474639952307
775 0.9393474639952307
776 0.9393474639952307
777 0.9393474639952307
778 0.9393474639952307
779 0.9393474639952307
780 0.9393474639952307
781 0.9393474639952307
782 0.9393474639952307
783 0.9393474639952307
784 0.9393474639952307
785 0.9393475575152169
786 0.9393475575152169
787 0.9393475575152169
788 0.9393475575152169
789 0.9393475575152169
790 0.9393475575152169
791 0.9393475575152169
792 0.9393475575152169
793 0.9393475678768728
794 0.939347747019853
795 0.939347747019853
796 0.939347747019853
797 0.939347747019853
798 0.9393477573930183
799 0.9393477573930183
800 0.9393477573930183
801 0.9393477573930183
802 0.9393477573930183
803 0.9393477573930183
804 0.9393477573930183
805 0.9393477573930183
806 0.9393477573930183
807 0.9393478774749877
808 0.9393478847095883
809 0.9393479390174464
810 0.9393481021444845
811 0.9393481021444845
812 0.9393481021444845
813 0.9393481021444845
814 0.9393481021444845
815 0.9393481021444845
816 0.939348279617592
817 0.939348279617592
818 0.939348279617592
819 0.939348279617592
820 0.939348279617592
821 0.9393483790667846
822 0.9393484231185488
823 0.9393484271596403
824 0.9393484271596403
825 0.9393484271596403
826 0.9393484271596403
827 0.9393484271596403
828 0.9393484483226224
829 0.9393484483226224
830 0.9393484483226224
831 0.9393484483226224
832 0.9393484697687033
833 0.9393484697687033
834 0.939348530413627
835 0.939348530413627
836 0.9393485712698799
837 0.9393485712698799
838 0.9393485712698799
839 0.9393486500425686
840 0.9393486500425686
841 0.9393486500425686
842 0.9393486500425686
843 0.9393486500425686
844 0.9393486500425686
845 0.9393486500425686
846 0.9393486500425686
847 0.9393486500425686
848 0.9393486500425686
849 0.9393486500425686
850 0.939348950755799
851 0.939348950755799
852 0.939348950755799
853 0.939348950755799
854 0.939348950755799
855 0.939348950755799
856 0.939348950755799
857 0.939348950755799
858 0.939348950755799
859 0.939348950755799
860 0.939348950755799
861 0.9393492173783166
862 0.9393492173783166
863 0.9393492173783166
864 0.9393492173783166
865 0.9393492173783166
866 0.9393492173783166
867 0.9393492173783166
868 0.9393492173783166
869 0.9393492173783166
870 0.9393492173783166
871 0.9393492173783166
872 0.9393492173783166
873 0.9393492173783166
874 0.9393492173783166
875 0.9393492173783166
876 0.9393492173783166
877 0.9393492173783166
878 0.9393492173783166
879 0.939349280083155
880 0.939349280083155
881 0.939349280083155
882 0.939349280083155
883 0.939349280083155
884 0.939349280083155
885 0.939349280083155
886 0.939349280083155
887 0.939349280083155
888 0.939349280083155
889 0.939349280083155
890 0.939349280083155
891 0.939349497674298
892 0.939349497674298
893 0.939349497674298
894 0.939349497674298
895 0.939349497674298
896 0.939349538508787
897 0.939349538508787
898 0.939349538508787
899 0.939349538508787
900 0.939349538508787
901 0.939349538508787
902 0.939349538508787
903 0.9393496980015053
904 0.9393496980015053
905 0.9393497513053978
906 0.9393498657302949
907 0.9393498657302949
908 0.9393498657302949
909 0.9393498657302949
910 0.9393498657302949
911 0.9393498657302949
912 0.9393498657302949
913 0.9393498657302949
914 0.9393498657302949
915 0.9393498657302949
916 0.9393498657302949
917 0.9393500143726647
918 0.9393500143726647
919 0.9393500143726647
920 0.9393500143726647
921 0.9393500143726647
922 0.9393500730948042
923 0.9393500730948042
924 0.9393500730948042
925 0.9393500730948042
926 0.9393500730948042
927 0.9393500730948042
928 0.9393500730948042
929 0.9393500730948042
930 0.9393500730948042
931 0.9393500730948042
932 0.9393500730948042
933 0.9393500730948042
934 0.9393500730948042
935 0.9393500730948042
936 0.9393500730948042
937 0.9393500730948042
938 0.9393500730948042
939 0.9393500730948042
940 0.9393500730948042
941 0.9393500730948042
942 0.9393502628502253
