000 0.09153432688457003
001 0.1166844471615871
002 0.21776716271221444
003 0.21776716271221444
004 0.2819214496621743
005 0.40857127292800355
006 0.40857127292800355
007 0.470159754181566
008 0.5568883439583965
009 0.5856985032260881
010 0.7104174826266887
011 0.7155816268160232
012 0.7160845337734535
013 0.7533728239612374
014 0.7848425540754376
015 0.7992172331460757
016 0.8126190841855987
017 0.8297968013016411
018 0.8413094922834217
019 0.8503120160716361
020 0.8539109790854372
021 0.8588061548572617
022 0.8665060108393422
023 0.8687925586631738
024 0.8729063421780882
025 0.8733456981928812
026 0.8743595406331582
027 0.8750982518836977
028 0.8751105524800742
029 0.8764650592602823
030 0.8764650592602823
031 0.8765838856041621
032 0.8765838856041621
033 0.8765901509958287
034 0.8767067030562233
035 0.8767924517643102
036 0.8767924517643102
037 0.8767924517643102
038 0.8767924517643102
039 0.8793604794620478
040 0.8809593552793246
041 0.8825130861164342
042 0.8840192881094701
043 0.886217390519664
044 0.8867277431476718
045 0.8873211936105048
046 0.8878749573031933
047 0.8886083890616217
048 0.88940313589373
049 0.8900934054540411
050 0.8902668892728658
051 0.890336608012697
052 0.8903509400991252
053 0.8904373522579409
054 0.8905155542280798
055 0.8905666208927768
056 0.8905666208927768
057 0.8905666208927768
058 0.8921077241492844
059 0.8927582619513434
060 0.8935825696067734
061 0.8946187489453288
062 0.8956394170881614
063 0.8960721167869069
064 0.8967845175346154
065 0.8972247778782877
066 0.897481263626976
067 0.8977972957809572
068 0.8981887800450086
069 0.8982412698303717
070 0.8982613874905858
071 0.8984678516923372
072 0.8985388485745011
073 0.8987408540602017
074 0.8987966848586763
075 0.9001455130919555
076 0.9007021726208434
077 0.9012020106451167
078 0.9020702752172214
079 0.9026910778389579
080 0.9028859402530731
081 0.9033041372697687
082 0.9036559249263864
083 0.9041575369230492
084 0.9044066649147197
085 0.9044393124687017
086 0.9045325535386058
087 0.9047410211373825
088 0.9047410211373825
089 0.9047694613801676
090 0.9048710215102204
091 0.9050822651045788
092 0.9059671840970801
093 0.9061689626665365
094 0.9071376536311077
095 0.9074847362601344
096 0.908208876537681
097 0.908735022418609
098 0.9092119164319641
099 0.909455650957354
100 0.9097256513918982
101 0.9101327540606338
102 0.9105609696373455
103 0.9106740600156967
104 0.9108637117532661
105 0.9109372821069939
106 0.9110366980326984
107 0.9110366980326984
108 0.9110366980326984
109 0.9110366980326984
110 0.9119775365780398
111 0.9124009963915629
112 0.912635761043285
113 0.9131925090420732
114 0.9136015111388124
115 0.9137535012981547
116 0.9139705032066966
117 0.9142786047507321
118 0.9145466788241794
119 0.9145466788241794
120 0.9145466788241794
121 0.9145936159902319
122 0.9146834835676394
123 0.9150954063220006
124 0.9155004598637165
125 0.9158855838081966
126 0.9163147835694331
127 0.9166654320213092
128 0.9170798495436363
129 0.9176361242301071
130 0.9187046373361091
131 0.9187169390507465
132 0.9195331085467824
133 0.919767600311158
134 0.9200376503806335
135 0.9203567419031555
136 0.9203567419031555
137 0.9204923405393769
138 0.9206310871743683
139 0.920730979874903
140 0.9207964439732358
141 0.9208625928398969
142 0.9211577730354714
143 0.9214742057532785
144 0.9219886883477164
145 0.9221781488988784
146 0.9222127662871831
147 0.9225182971757842
148 0.9227854522250131
149 0.9233915708265451
150 0.9235027933816042
151 0.9236552997265726
152 0.9242213894317662
153 0.9244856166775254
154 0.9247326418344627
155 0.9249095494247799
156 0.9251705187060464
157 0.9253152667707769
158 0.9254508328196134
159 0.9256848335296555
160 0.9259244601643777
161 0.9259750590743208
162 0.9261682955647523
163 0.9263395692069426
164 0.9265334948923729
165 0.9267357151548832
166 0.9272147463852689
167 0.9272147463852689
168 0.9275918455630227
169 0.9279925244666549
170 0.9281854472679797
171 0.9287311008301955
172 0.9287980299784531
173 0.9293093800986854
174 0.9293775005506183
175 0.9295941425141754
176 0.9299710158159813
177 0.9299710158159813
178 0.9301632851757782
179 0.9302576975340263
180 0.9303519252675551
181 0.9304979663616538
182 0.9306305369724386
183 0.9307395980512049
184 0.930818118212065
185 0.9309974931566245
186 0.931411739510338
187 0.931519776672351
188 0.9318699040324822
189 0.9320305150455778
190 0.9323111717342739
191 0.9325403543700408
192 0.932780516198333
193 0.93298262204865
194 0.9332695041681972
195 0.9334568361969681
196 0.9336785820268995
197 0.9339387706491894
198 0.9341277974233005
199 0.9342206040772556
200 0.9343080182359784
201 0.9346603452079975
202 0.9346603452079975
203 0.9347575380096474
204 0.9348932418377636
205 0.9349849461353644
206 0.9353617518739141
207 0.9354720667455422
208 0.9354720667455422
209 0.9356781029878353
210 0.9358892188763962
211 0.9363290202910256
212 0.9363881209562611
213 0.9366350719284232
214 0.9369390363171057
215 0.9370276436723084
216 0.9371151135117503
217 0.937420980578731
218 0.9375173113604257
219 0.9376594253725101
220 0.9378309093348509
221 0.9379630397467729
222 0.937989748574593
223 0.9381647834011392
224 0.9383219803973949
225 0.9386903346759622
226 0.9386903346759622
227 0.9387015858142761
228 0.9388222999889841
229 0.9388706102586963
230 0.939110246346073
231 0.939110246346073
232 0.9392615107194487
233 0.9394694948707121
234 0.9395831011749634
235 0.9396720980729225
236 0.9397916473495578
237 0.939968485569324
238 0.9400810615498439
239 0.9402278474499787
240 0.9402278474499787
241 0.9403911387421373
242 0.9406184559147507
243 0.9406184559147507
244 0.9406936254144721
245 0.9407628586943296
246 0.9410327187588079
247 0.9410327187588079
248 0.9410512319533338
249 0.941364214518445
250 0.941364214518445
251 0.9414933268779581
252 0.9414933268779581
253 0.9416374857941979
254 0.9416903833943622
255 0.9418000457228423
256 0.9419003781229857
257 0.941981709712677
258 0.9419953755284409
259 0.942068451768275
260 0.9421956153950035
261 0.9422510817202888
262 0.9422997452100298
263 0.9424730613855321
264 0.9424730613855321
265 0.9425219163124406
266 0.9425474837921162
267 0.9426696437747207
268 0.9428310436549306
269 0.9428310436549306
270 0.94285597239123
271 0.9429214430788309
272 0.9430355460081676
273 0.9430564905684025
274 0.9431249268117112
275 0.9431520801560522
276 0.9431600566870368
277 0.943275208781657
278 0.943313714993217
279 0.9433201698147441
280 0.9434156513821913
281 0.9434613624274271
282 0.9434953643645759
283 0.9434953643645759
284 0.9435749891631039
285 0.9435944201642819
286 0.9436265278717959
287 0.9436770032257246
288 0.9436948454247177
289 0.9437636279735295
290 0.9437636279735295
291 0.9438241752936393
292 0.9438548956823005
293 0.943871322646282
294 0.943909853548952
295 0.9439289345430918
296 0.9439882162542207
297 0.9440403447649913
298 0.9440503767383203
299 0.9440960767663474
300 0.9441107916299174
301 0.9441750742949385
302 0.944215314256739
303 0.9442278625423637
304 0.9442722358126489
305 0.9443163384806158
306 0.9443311712420648
307 0.9444110246445286
308 0.9444167770964959
309 0.9444167770964959
310 0.9444406042970425
311 0.9444805204950464
312 0.9445432500977753
313 0.9445432500977753
314 0.9445965100301431
315 0.9445965100301431
316 0.9446591820116362
317 0.9446591820116362
318 0.9446591820116362
319 0.9447037551507488
320 0.944709781686589
321 0.9447288873178997
322 0.9447562375899686
323 0.9447762317598017
324 0.9448338766433778
325 0.9448682128447202
326 0.9448682128447202
327 0.9448710961806384
328 0.9449343639663652
329 0.944950796821568
330 0.9449873242407945
331 0.9449873242407945
332 0.9449903806023686
333 0.9450288793384153
334 0.9450288793384153
335 0.9450491653147857
336 0.9450491653147857
337 0.9450698829892045
338 0.9451167869458146
339 0.9451433326571289
340 0.9451433326571289
341 0.9451812263250382
342 0.9451812263250382
343 0.9451962022468869
344 0.9452198269488662
345 0.9452200161047194
346 0.9452564490054252
347 0.9452564490054252
348 0.945288587291358
349 0.9452910675924968
350 0.9453092366839263
351 0.945324672648956
352 0.945333513240701
353 0.9453613228779368
354 0.9453724622956572
355 0.9453836371021946
356 0.945400738636087
357 0.9454163551039433
358 0.945459479355115
359 0.945459479355115
360 0.945459479355115
361 0.945459479355115
362 0.9454672068449994
363 0.9454674389069493
364 0.9454955057510346
365 0.9454955057510346
366 0.9455167492298858
367 0.9455167492298858
368 0.9455305567629106
369 0.9455451267811429
370 0.9455451267811429
371 0.9455709465023051
372 0.9455709465023051
373 0.9455825617375622
374 0.9455854913705842
375 0.9455854913705842
376 0.9455914629845515
377 0.9456206755588271
378 0.9456206755588271
379 0.9456249696657455
380 0.9456412575790596
381 0.9456838768188766
382 0.9456838768188766
383 0.9456838768188766
384 0.9456838768188766
385 0.945692753781215
386 0.945692753781215
387 0.9456973467053975
388 0.9456973467053975
389 0.9457030013340038
390 0.9457188947362686
391 0.9457327180972259
392 0.9457428885365673
393 0.9457428885365673
394 0.9457466767580054
395 0.9457466767580054
396 0.9457531874295748
397 0.9457562178240224
398 0.9457701727951702
399 0.9457701727951702
400 0.9457867781514537
401 0.9457867781514537
402 0.9457908211579846
403 0.9458074790815979
404 0.9458074790815979
405 0.9458175877315744
406 0.9458288846307878
407 0.9458288846307878
408 0.9458392556035129
409 0.9458392556035129
410 0.9458392556035129
411 0.9458518142299603
412 0.9458551477313949
413 0.945858396087327
414 0.945862836758729
415 0.9458647802721201
416 0.9458787910617816
417 0.9458935787099296
418 0.9458935787099296
419 0.9458935787099296
420 0.9458969364579322
421 0.9459103631353734
422 0.9459103631353734
423 0.9459211195879313
424 0.9459211195879313
425 0.9459211195879313
426 0.9459242092663561
427 0.9459242092663561
428 0.9459242092663561
429 0.9459259063711607
430 0.9459355146363047
431 0.9459404088500268
432 0.9459404088500268
433 0.9459487490447928
434 0.9459496771255285
435 0.9459513932882014
436 0.9459545411351976
437 0.9459584836165313
438 0.9459595535999499
439 0.9459644069075163
440 0.9459772744792171
441 0.9459772744792171
442 0.9459772744792171
443 0.9459900089947825
444 0.9459900089947825
445 0.9459900089947825
446 0.9459944032904057
447 0.9459944032904057
448 0.9459955533787818
449 0.9460038895777768
450 0.9460038895777768
451 0.9460038895777768
452 0.9460105178543089
453 0.9460259028660092
454 0.9460259028660092
455 0.9460259028660092
456 0.9460269480545521
457 0.9460269480545521
458 0.9460269480545521
459 0.9460281472026002
460 0.9460334676211777
461 0.9460404502736675
462 0.9460404502736675
463 0.9460415289543644
464 0.9460415289543644
465 0.9460415289543644
466 0.9460456748265952
467 0.9460514848781253
468 0.9460525984138842
469 0.9460525984138842
470 0.9460525984138842
471 0.946054009915889
472 0.9460631240566888
473 0.9460740861117654
474 0.9460740861117654
475 0.9460740861117654
476 0.9460741563896095
477 0.9460741563896095
478 0.9460774323128316
479 0.9460774323128316
480 0.9460834161373639
481 0.9460834161373639
482 0.9460834161373639
483 0.9460864357732385
484 0.9460864357732385
485 0.9460892924180285
486 0.9460912562918626
487 0.9460928196631898
488 0.9460928196631898
489 0.9460928196631898
490 0.9461032799912746
491 0.9461032799912746
492 0.9461032799912746
493 0.9461032799912746
494 0.9461032799912746
495 0.9461102058814574
496 0.9461102058814574
497 0.9461102058814574
498 0.9461102058814574
499 0.9461156132934365
500 0.9461170744620289
501 0.9461170744620289
502 0.9461170944731424
503 0.9461213001363635
504 0.946121410957615
505 0.9461224117250209
506 0.9461224225723821
507 0.9461224225723821
508 0.9461275901720018
509 0.946136256694326
510 0.946136256694326
511 0.946136256694326
512 0.946136256694326
513 0.946136256694326
514 0.9461411570744499
515 0.946141266751476
516 0.946141266751476
517 0.9461432987755294
518 0.9461432987755294
519 0.9461463066426453
520 0.946160314149048
521 0.946160314149048
522 0.946160314149048
523 0.946160314149048
524 0.946160314149048
525 0.946160314149048
526 0.946160314149048
527 0.946160314149048
528 0.946160314149048
529 0.94616646104139
530 0.94616646104139
531 0.94616646104139
532 0.94616646104139
533 0.94616646104139
534 0.94616646104139
535 0.9461668106220629
536 0.946175357357324
537 0.946175357357324
538 0.946175357357324
539 0.946176322652174
540 0.9461780046797624
541 0.9461809085248256
542 0.9461809085248256
543 0.9461809085248256
544 0.9461809085248256
545 0.9461809085248256
546 0.9461812413224856
547 0.9461812413224856
548 0.9461812413224856
549 0.9461828543546704
550 0.9461842378708171
551 0.9461842378708171
552 0.9461842378708171
553 0.9461858439196663
554 0.9461858439196663
555 0.9461868789363201
556 0.9461868789363201
557 0.9461912029959544
558 0.9461912029959544
559 0.9461912154421088
560 0.9461912154421088
561 0.9461981240106756
562 0.9461981240106756
563 0.9461981240106756
564 0.9461981240106756
565 0.9461981240106756
566 0.9461981240106756
567 0.9461981240106756
568 0.9462000533601529
569 0.9462044925852682
570 0.9462044925852682
571 0.9462105624998504
572 0.9462105624998504
573 0.9462105624998504
574 0.9462105624998504
575 0.9462105624998504
576 0.9462105624998504
577 0.9462105624998504
578 0.9462105624998504
579 0.9462130488856672
580 0.9462147647157858
581 0.9462147647157858
582 0.9462157914488414
583 0.9462157914488414
584 0.9462157914488414
585 0.946217981083409
586 0.946217981083409
587 0.946217981083409
588 0.946217981083409
589 0.9462180160463192
590 0.9462195828009979
591 0.9462195828009979
592 0.9462196641945846
593 0.9462196641945846
594 0.9462225080553588
595 0.9462230356348771
596 0.9462237315142414
597 0.946227139666171
598 0.9462283201424682
599 0.9462283391843967
600 0.9462283391843967
601 0.9462283391843967
602 0.9462283391843967
603 0.9462310034850488
604 0.9462359906121999
605 0.9462359906121999
606 0.9462359906121999
607 0.9462359906121999
608 0.9462361257913657
609 0.9462361257913657
610 0.9462361257913657
611 0.946236707039974
612 0.9462370397504569
613 0.9462370397504569
614 0.9462379088586926
615 0.9462379088586926
616 0.9462390642643698
617 0.9462390642643698
618 0.9462398658246334
619 0.9462398658246334
620 0.9462401196148716
621 0.9462440127682608
622 0.9462440127682608
623 0.9462440127682608
624 0.9462440127682608
625 0.9462440127682608
626 0.9462440127682608
627 0.9462440127682608
628 0.9462440127682608
629 0.9462451217330801
630 0.9462451217330801
631 0.9462451217330801
632 0.9462451217330801
633 0.9462466310402436
634 0.9462466310402436
635 0.9462466310402436
636 0.9462466310402436
637 0.9462466310402436
638 0.9462472915844268
639 0.9462483641660868
640 0.9462489728575649
641 0.9462489728575649
642 0.9462489728575649
643 0.9462504931582503
644 0.9462513157741559
645 0.9462513459419659
646 0.9462513459419659
647 0.9462513459419659
648 0.9462513459419659
649 0.9462513459419659
650 0.9462551498077778
651 0.9462551498077778
652 0.9462564370661465
653 0.9462564370661465
654 0.9462564370661465
655 0.9462564370661465
656 0.9462564370661465
657 0.9462564370661465
658 0.9462576539378267
659 0.9462576539378267
660 0.9462576539378267
661 0.9462576539378267
662 0.9462576539378267
663 0.9462576539378267
664 0.9462576539378267
665 0.9462585845677531
666 0.9462585845677531
667 0.9462594721920933
668 0.9462594721920933
669 0.9462594721920933
670 0.9462594721920933
671 0.9462594721920933
672 0.9462594721920933
673 0.946261089671966
674 0.9462629492761147
675 0.9462629492761147
676 0.9462629492761147
677 0.9462645989068563
678 0.9462645989068563
679 0.9462645989068563
680 0.9462645989068563
681 0.9462645989068563
682 0.9462646781284249
683 0.94626649259742
684 0.94626649259742
685 0.9462667684470276
686 0.9462667684470276
687 0.9462667684470276
688 0.9462672938482858
689 0.9462675644688502
690 0.9462675644688502
691 0.9462678052560413
692 0.9462682205698509
693 0.9462682205698509
694 0.9462696180277755
695 0.9462696180277755
696 0.9462696180277755
697 0.9462696180277755
698 0.9462705496919187
699 0.9462705496919187
700 0.9462705496919187
701 0.9462705496919187
702 0.9462706636729491
703 0.9462712201526536
704 0.9462712201526536
705 0.9462712201526536
706 0.9462740018414493
707 0.9462740018414493
708 0.9462740018414493
709 0.9462740018414493
710 0.9462740018414493
711 0.9462740018414493
712 0.9462740018414493
713 0.9462740018414493
714 0.9462740018414493
715 0.9462753562668674
716 0.9462753562668674
717 0.9462753562668674
718 0.9462753562668674
719 0.9462753562668674
720 0.9462753562668674
721 0.9462753562668674
722 0.9462768827617604
723 0.9462780438653839
724 0.9462780438653839
725 0.9462780438653839
726 0.9462780438653839
727 0.9462794175333005
728 0.9462794175333005
729 0.9462794175333005
730 0.9462794175333005
731 0.9462794175333005
732 0.9462794175333005
733 0.9462794175333005
734 0.9462795266239717
735 0.9462800887340554
736 0.9462800887340554
737 0.9462810634484353
738 0.9462810634484353
739 0.9462810634484353
740 0.9462815423584706
741 0.9462815423584706
742 0.9462815423584706
743 0.9462815423584706
744 0.9462815423584706
745 0.9462819123479215
746 0.9462819587753699
747 0.9462824566796517
748 0.9462824566796517
749 0.9462824566796517
750 0.9462829933524474
751 0.946284247262392
752 0.946284247262392
753 0.9462846126552227
754 0.9462846126552227
755 0.9462846126552227
756 0.9462846126552227
757 0.9462846126552227
758 0.9462851691907626
759 0.9462856940712528
760 0.9462856940712528
761 0.9462856940712528
762 0.9462856940712528
763 0.9462856940712528
764 0.9462856940712528
765 0.9462858032172679
766 0.9462875077591869
767 0.9462875077591869
768 0.9462875077591869
769 0.9462875077591869
770 0.9462879065211403
771 0.9462887517622183
772 0.9462887517622183
773 0.9462887517622183
774 0.9462887517622183
775 0.9462887517622183
776 0.9462887517622183
777 0.9462887517622183
778 0.9462887517622183
779 0.9462887517622183
780 0.9462887517622183
781 0.94628990723013
782 0.94628990723013
783 0.94628990723013
784 0.94628990723013
785 0.94628990723013
786 0.9462902223180969
787 0.9462902223180969
788 0.9462902223180969
789 0.9462907981086679
790 0.9462907981086679
791 0.9462907981086679
792 0.9462907981086679
793 0.9462907981086679
794 0.9462907981086679
795 0.9462908158515626
796 0.9462909048973696
797 0.9462909048973696
798 0.9462913846690286
799 0.9462913846690286
800 0.9462913846690286
801 0.9462913846690286
802 0.9462919965540033
803 0.9462919965540033
804 0.9462928723794108
805 0.9462928723794108
806 0.9462928723794108
807 0.9462928723794108
808 0.9462929546023675
809 0.9462929546023675
810 0.9462933067136308
811 0.9462933067136308
812 0.9462933067136308
813 0.9462933067136308
814 0.9462933067136308
815 0.9462933067136308
816 0.9462933067136308
817 0.9462935134558385
818 0.9462935134558385
819 0.9462935134558385
820 0.9462935949582995
821 0.9462935949582995
822 0.9462944107226744
823 0.9462944107226744
824 0.9462944107226744
825 0.9462944107226744
826 0.9462944107226744
827 0.9462944107226744
828 0.9462944107226744
829 0.9462951598064725
830 0.9462954547824158
831 0.9462954547824158
832 0.9462954547824158
833 0.9462954547824158
834 0.9462954547824158
835 0.9462954547824158
836 0.9462954547824158
837 0.9462957297826349
838 0.9462957297826349
839 0.9462958222058009
840 0.9462958222058009
841 0.9462960218032985
842 0.9462973438215044
843 0.9462973438215044
844 0.9462976410192551
845 0.9462977821954214
846 0.9462977821954214
847 0.9462977821954214
848 0.9462977821954214
849 0.9462984871853197
850 0.9462984871853197
851 0.9462984871853197
852 0.9462984871853197
853 0.9462984871853197
854 0.9462984871853197
855 0.9462985026106601
856 0.9462985026106601
857 0.9462985026106601
858 0.9462985026106601
859 0.9462985026106601
860 0.9462985026106601
861 0.9462986310927322
862 0.9462986310927322
863 0.9462989575791183
864 0.9462989575791183
865 0.9462990249693338
866 0.946299725949029
867 0.946300139244412
868 0.946300139244412
869 0.946300139244412
870 0.946300139244412
871 0.946300139244412
872 0.946300139244412
873 0.946300139244412
874 0.946300139244412
875 0.9463009956696086
876 0.9463009956696086
877 0.9463009956696086
878 0.9463009956696086
879 0.9463009956696086
880 0.9463011314962572
881 0.9463011314962572
882 0.9463011314962572
883 0.9463011314962572
884 0.9463011314962572
885 0.9463011314962572
886 0.9463011314962572
887 0.9463011314962572
888 0.9463011314962572
889 0.9463011314962572
890 0.9463011338075286
891 0.9463013394908555
892 0.9463013394908555
893 0.9463020703266237
894 0.9463020703266237
895 0.9463020703266237
896 0.9463020703266237
897 0.9463020703266237
898 0.9463022207034375
899 0.9463022207034375
900 0.9463022207034375
901 0.9463024589563293
902 0.9463024589563293
903 0.946302635199697
904 0.946302635199697
905 0.946302635199697
906 0.946302635199697
907 0.946302635199697
908 0.946302635199697
909 0.946302635199697
910 0.9463029359615879
911 0.9463033233672974
912 0.9463033233672974
913 0.9463033233672974
914 0.9463033233672974
915 0.9463033233672974
916 0.9463033233672974
917 0.9463037043844004
918 0.9463037043844004
919 0.9463037043844004
920 0.9463037043844004
921 0.9463037043844004
922 0.9463037043844004
923 0.9463037251056466
924 0.9463037251056466
925 0.9463050215512381
926 0.9463050215512381
927 0.9463050215512381
928 0.9463050215512381
929 0.9463050215512381
930 0.9463050215512381
931 0.9463050215512381
932 0.9463050215512381
933 0.946305866344372
934 0.946305866344372
935 0.946305866344372
936 0.946305866344372
937 0.946305866344372
938 0.946305866344372
939 0.946305866344372
940 0.946305866344372
941 0.946305866344372
942 0.9463060164621416
943 0.9463060164621416
944 0.9463061565024369
945 0.9463061565024369
946 0.9463061565024369
947 0.9463066100614468
948 0.9463066100614468
949 0.9463066100614468
950 0.9463066100614468
951 0.9463068067478849
952 0.9463068067478849
953 0.9463073120256301
954 0.9463073120256301
955 0.9463073120256301
956 0.9463073120256301
957 0.9463073120256301
958 0.9463073120256301
959 0.9463073120256301
960 0.9463073120256301
961 0.9463073120256301
962 0.9463078771669896
963 0.9463078771669896
964 0.9463082535787968
965 0.9463082535787968
966 0.9463084230625142
967 0.9463084230625142
968 0.9463084230625142
969 0.9463084230625142
970 0.9463084230625142
971 0.9463084230625142
972 0.9463084230625142
973 0.9463084230625142
974 0.9463084230625142
975 0.9463084230625142
976 0.9463084230625142
977 0.9463084230625142
978 0.9463085155004449
979 0.9463085155004449
980 0.9463088992068348
981 0.9463088992068348
982 0.9463089433271337
983 0.9463089433271337
984 0.9463089817914925
985 0.9463089817914925
986 0.9463089817914925
987 0.9463094215389803
988 0.9463094215389803
989 0.9463094215389803
990 0.9463094215389803
991 0.9463094215389803
992 0.9463096114409645
993 0.9463096114409645
994 0.9463096114409645
995 0.9463096114409645
996 0.9463098266051686
997 0.9463101140282569
998 0.9463101140282569
999 0.9463101140282569
1000 0.9463101140282569
1001 0.9463101140282569
1002 0.9463101140282569
1003 0.9463102118981138
1004 0.9463102118981138
1005 0.9463102118981138
1006 0.9463102118981138
1007 0.9463102393671979
1008 0.9463102393671979
1009 0.9463104969124021
1010 0.9463104969124021
1011 0.9463104969124021
1012 0.9463104969124021
1013 0.9463104969124021
1014 0.9463104969124021
1015 0.9463104969124021
1016 0.946310816987862
1017 0.9463109704766668
1018 0.9463109704766668
1019 0.9463118069938956
1020 0.9463118069938956
1021 0.9463118069938956
1022 0.9463118069938956
1023 0.9463118069938956
1024 0.9463118069938956
1025 0.9463118069938956
1026 0.9463119449745753
1027 0.9463119449745753
1028 0.9463119449745753
1029 0.9463119449745753
1030 0.9463119449745753
1031 0.9463119449745753
1032 0.9463119449745753
1033 0.9463119449745753
1034 0.9463119449745753
1035 0.946312000121826
1036 0.946312000121826
1037 0.946312000121826
1038 0.946312000121826
1039 0.9463125668335103
1040 0.9463125668335103
1041 0.9463125668335103
1042 0.9463125668335103
1043 0.9463125668335103
1044 0.9463125668335103
1045 0.9463125668335103
1046 0.9463125668335103
1047 0.9463125668335103
1048 0.9463125668335103
1049 0.9463125668335103
1050 0.9463125668335103
1051 0.9463125668335103
1052 0.9463130147400306
1053 0.9463130147400306
1054 0.9463130147400306
1055 0.9463130147400306
1056 0.9463130147400306
1057 0.9463130147400306
1058 0.9463130147400306
1059 0.9463130147400306
1060 0.9463130147400306
1061 0.9463130645575705
1062 0.9463130645575705
1063 0.9463130645575705
1064 0.9463130645575705
1065 0.9463130645575705
1066 0.9463130645575705
1067 0.9463133696630656
1068 0.9463133696630656
1069 0.9463133696630656
1070 0.9463133696630656
1071 0.94631341479855
1072 0.9463138992924152
1073 0.9463138992924152
1074 0.9463138992924152
1075 0.9463138992924152
1076 0.9463138992924152
1077 0.9463138992924152
1078 0.9463138992924152
1079 0.9463138992924152
1080 0.9463138992924152
1081 0.9463138992924152
1082 0.9463138992924152
1083 0.9463138992924152
1084 0.9463138992924152
1085 0.9463138992924152
1086 0.9463141460258009
1087 0.9463141460258009
1088 0.9463141460258009
1089 0.9463141460258009
1090 0.9463141460258009
1091 0.9463142927422625
1092 0.9463142927422625
1093 0.9463142927422625
1094 0.9463142927422625
1095 0.9463142927422625
1096 0.9463142927422625
1097 0.9463142927422625
1098 0.9463144810759201
1099 0.9463144810759201
1100 0.9463144810759201
1101 0.9463144810759201
1102 0.9463146345693004
1103 0.9463146998254452
1104 0.9463146998254452
1105 0.9463146998254452
1106 0.9463147106331963
1107 0.9463147106331963
1108 0.9463147106331963
1109 0.9463147106331963
1110 0.9463147155807582
1111 0.9463147155807582
1112 0.9463147155807582
1113 0.9463147155807582
1114 0.9463147211251691
1115 0.9463150046304509
1116 0.9463150046304509
1117 0.9463150297766746
1118 0.9463150297766746
1119 0.9463150297766746
1120 0.9463151616482984
1121 0.9463151616482984
1122 0.9463151616482984
1123 0.9463151616482984
1124 0.9463151616482984
1125 0.9463151616482984
1126 0.9463151616482984
1127 0.9463151616482984
1128 0.946315373837204
1129 0.946315373837204
1130 0.9463157209948022
1131 0.9463157209948022
1132 0.9463157209948022
1133 0.9463157209948022
1134 0.9463157209948022
1135 0.9463159359951346
1136 0.9463159359951346
1137 0.9463159359951346
1138 0.9463159359951346
1139 0.9463159359951346
1140 0.9463159359951346
1141 0.9463159359951346
1142 0.9463159359951346
1143 0.9463159359951346
1144 0.9463159359951346
1145 0.9463163041446512
1146 0.9463163041446512
1147 0.9463163041446512
1148 0.9463163041446512
1149 0.9463163041446512
1150 0.946316678154383
1151 0.946316678154383
1152 0.946316678154383
1153 0.946316678154383
1154 0.946316678154383
1155 0.946316678154383
1156 0.946316678154383
1157 0.946316678154383
1158 0.946316678154383
1159 0.946316706564773
1160 0.946316706564773
1161 0.946316706564773
1162 0.946316706564773
1163 0.946316706564773
1164 0.946316706564773
1165 0.9463167193526659
1166 0.9463168287655109
1167 0.9463168359445803
1168 0.9463168359445803
1169 0.9463170374644723
1170 0.9463170374644723
1171 0.9463170374644723
1172 0.9463170374644723
1173 0.9463170374644723
1174 0.9463170374644723
1175 0.9463171200718384
1176 0.9463171200718384
1177 0.9463171200718384
1178 0.9463173641378528
1179 0.9463173641378528
1180 0.9463176442498692
1181 0.9463176442498692
1182 0.9463176442498692
1183 0.9463176442498692
1184 0.9463176442498692
1185 0.9463176442498692
1186 0.9463176442498692
1187 0.9463176442498692
1188 0.9463176442498692
1189 0.9463176442498692
1190 0.9463176442498692
1191 0.9463176442498692
1192 0.9463180027997253
1193 0.9463180027997253
1194 0.9463180027997253
1195 0.9463185078135341
1196 0.9463185078135341
1197 0.9463185078135341
1198 0.9463185078135341
1199 0.9463185078135341
1200 0.9463185078135341
1201 0.9463185078135341
1202 0.9463185078135341
1203 0.9463185078135341
1204 0.9463185078135341
1205 0.9463185078135341
1206 0.9463189604896638
1207 0.9463189604896638
1208 0.9463189604896638
1209 0.9463189604896638
1210 0.9463189604896638
1211 0.9463189604896638
1212 0.9463189604896638
1213 0.9463189604896638
1214 0.9463189604896638
1215 0.9463189604896638
1216 0.9463189604896638
1217 0.9463196051908619
1218 0.9463196051908619
1219 0.9463196051908619
1220 0.9463196051908619
1221 0.9463196051908619
1222 0.9463196051908619
1223 0.9463196051908619
1224 0.9463196051908619
1225 0.9463196051908619
1226 0.9463196051908619
1227 0.9463196051908619
1228 0.9463196051908619
1229 0.9463196051908619
1230 0.9463196051908619
1231 0.9463196051908619
1232 0.9463196051908619
1233 0.9463196051908619
1234 0.9463196051908619
1235 0.9463196051908619
1236 0.9463196051908619
1237 0.9463196051908619
