000 0.23642528613261643
001 0.25951200236870703
002 0.36170762819775687
003 0.4537510778564275
004 0.5080305000619963
005 0.5259980711063712
006 0.5828842314702284
007 0.6799684926211034
008 0.69601306668780
009 0.7088113435693966
010 0.7531172395385909
011 0.7759505779502059
012 0.8068854695085431
013 0.8214787089295988
014 0.8378736666367402
015 0.8475787106235779
016 0.8506898711692089
017 0.8554792446742012
018 0.8599434194274012
019 0.8624044653150484
020 0.8638151310667825
021 0.8661629279895268
022 0.8661629279895268
023 0.8661629279895268
024 0.8661629279895268
025 0.8662827001920187
026 0.8662827001920187
027 0.8662827001920187
028 0.8663962819035503
029 0.8663962819035503
030 0.8663962819035503
031 0.8821917564245604
032 0.883539721455477
033 0.8857494349735208
034 0.8862036823608812
035 0.8868904783835918
036 0.8881213097533909
037 0.8882233931055158
038 0.8891695593921743
039 0.8895881724807472
040 0.8899315911389999
041 0.8902481400057644
042 0.8906715741000856
043 0.8907789220565135
044 0.890888808095153
045 0.8914780501152942
046 0.8915505697231328
047 0.8915505697231328
048 0.8915505697231328
049 0.8915505697231328
050 0.8915505697231328
051 0.8995904149765571
052 0.9005807806658419
053 0.9009540598662056
054 0.9017909193040438
055 0.9024773580763896
056 0.9031829237357406
057 0.9034321555180289
058 0.9035035123523124
059 0.9037110719387238
060 0.9038463455997002
061 0.9040566964201897
062 0.9041696245402507
063 0.9043174233236926
064 0.9043392510966356
065 0.9043392510966356
066 0.9054494961493083
067 0.906294943509395
068 0.9064879005513395
069 0.9068393851583925
070 0.9072846082700987
071 0.9075627212388514
072 0.9076267032154497
073 0.9078897428419156
074 0.9080263225836263
075 0.9080422557083808
076 0.9080984188495288
077 0.9081043831644796
078 0.9081335939459111
079 0.9083526096010581
080 0.9086968350385327
081 0.9089139888670518
082 0.9090789485963428
083 0.9092264952219554
084 0.9092323549004275
085 0.9092500425820568
086 0.9093343063235308
087 0.9094600131445242
088 0.9094709458100253
089 0.9095916173487336
090 0.9095966782360346
091 0.9097120075053268
092 0.9097289344582776
093 0.9097754592622491
094 0.9098319962180201
095 0.9099735273475527
096 0.9099865182588617
097 0.9100214235349696
098 0.9103071858401792
099 0.9104116564709156
100 0.9106239390826794
101 0.9109743033482577
102 0.9114077534319505
103 0.9115023028319083
104 0.911620972689408
105 0.9116949224646724
106 0.9118274575718147
107 0.9118945042595538
108 0.9119662956699903
109 0.9120383332404749
110 0.912088723331231
111 0.9121451394065552
112 0.9121571650331546
113 0.9121733219849311
114 0.9122054260826911
115 0.9122121600173887
116 0.9122439128673677
117 0.9122439128673677
118 0.9122697588711921
119 0.9122697588711921
120 0.9122697588711921
121 0.9122927864188489
122 0.9122927864188489
123 0.9123115740194653
124 0.9123270869272551
125 0.9123270869272551
126 0.9123350681197828
127 0.9123350681197828
128 0.9123408569289283
129 0.9123408569289283
130 0.9123408569289283
131 0.9123473354015617
132 0.9123648472292678
133 0.9123656221297445
134 0.9123656221297445
135 0.9123677303488507
136 0.9123866764310443
137 0.9123866764310443
138 0.9123920105911547
139 0.9123920105911547
140 0.9123941743454893
141 0.9123985529021391
142 0.912403389383636
143 0.9124192158697265
144 0.9124192158697265
145 0.9124192158697265
146 0.9124192158697265
147 0.9124192158697265
148 0.912419676544716
149 0.912419676544716
150 0.9124198842055997
151 0.9124268585057415
152 0.9124283535232676
153 0.9124337966885623
154 0.9124337966885623
155 0.9124337966885623
156 0.9124369896482074
157 0.9124385055801911
158 0.9124385055801911
159 0.9124385055801911
160 0.9124420839705663
161 0.9124435322923448
162 0.9124435322923448
163 0.9124435322923448
164 0.9124479201502556
165 0.9124479201502556
166 0.9124532593889058
167 0.9124532593889058
168 0.9124532593889058
169 0.9124532593889058
170 0.9124532593889058
171 0.9124546503436891
172 0.9124546503436891
173 0.9124617836275626
174 0.9124617836275626
175 0.9124622382597046
176 0.9124622382597046
177 0.9124651822878714
178 0.9124651822878714
179 0.9124651822878714
180 0.9124666712998487
181 0.9124666712998487
182 0.9124666712998487
183 0.9124680993736614
184 0.9124680993736614
185 0.9124683750531069
186 0.9124685497648329
187 0.9124686524846064
188 0.9124711662297929
189 0.9124724595368584
190 0.9124726438566831
191 0.9124742620348691
192 0.9124764818457222
193 0.9124764818457222
194 0.9124764818457222
195 0.9124799249368084
196 0.9124799249368084
197 0.9124799249368084
198 0.9124806438954811
199 0.9124806438954811
200 0.9124806438954811
201 0.9124806438954811
202 0.9124806438954811
203 0.9124810969778218
204 0.9124810969778218
205 0.912485522258948
206 0.9124869405952538
207 0.9124869405952538
208 0.9124869405952538
209 0.9124869405952538
210 0.9124879256773822
211 0.9124879256773822
212 0.9124879256773822
213 0.9124879256773822
214 0.9124879256773822
215 0.9124879256773822
216 0.912490443288658
217 0.912490443288658
218 0.912490443288658
219 0.9124905228348521
220 0.9124905228348521
221 0.9124920354286977
222 0.9124947919629557
223 0.9124947919629557
224 0.9124947919629557
225 0.9124947919629557
226 0.9124947919629557
227 0.9124951105948184
228 0.9124951105948184
229 0.9124951105948184
230 0.9124959505147474
231 0.9124959505147474
232 0.9124964510452188
233 0.9124964510452188
234 0.9124965475142865
235 0.9124965475142865
236 0.9124968505598414
237 0.9124977694935908
238 0.9124977694935908
239 0.9124977694935908
240 0.91249785227452
241 0.9125013050982047
242 0.9125013050982047
243 0.9125013050982047
244 0.9125013050982047
245 0.9125013050982047
246 0.9125015782212708
247 0.9125022927507959
248 0.9125022927507959
249 0.9125022927507959
250 0.9125022927507959
251 0.9125022927507959
252 0.9125022927507959
253 0.9125022927507959
254 0.9125028138126742
255 0.9125032728793484
256 0.9125032728793484
257 0.9125032728793484
258 0.9125032728793484
259 0.9125032728793484
260 0.9125034634094502
261 0.9125036814008086
262 0.9125036814008086
263 0.9125036814008086
264 0.912504501745348
265 0.912504501745348
266 0.912504501745348
267 0.9125045301492556
268 0.9125045301492556
269 0.9125045301492556
270 0.9125050484287447
271 0.91250562791380
272 0.9125061405104309
273 0.9125061405104309
274 0.9125061405104309
275 0.9125061405104309
276 0.9125071578903565
277 0.9125071578903565
278 0.9125071578903565
279 0.9125083749235505
280 0.9125083749235505
281 0.9125083749235505
282 0.9125083749235505
283 0.9125083749235505
284 0.9125083749235505
285 0.9125094707494117
286 0.9125094707494117
287 0.9125094707494117
288 0.9125107528546536
289 0.9125107528546536
290 0.9125107528546536
291 0.9125107528546536
292 0.9125107528546536
293 0.9125107528546536
294 0.9125107528546536
295 0.9125107528546536
296 0.9125111855411773
297 0.9125111855411773
298 0.9125111855411773
299 0.9125111855411773
300 0.9125116243372982
301 0.9125116243372982
302 0.9125116243372982
303 0.9125116243372982
304 0.9125117007848933
305 0.9125118749919838
306 0.9125123671336023
307 0.9125123671336023
308 0.9125123671336023
309 0.9125123671336023
310 0.9125123671336023
311 0.9125125425253328
312 0.9125125425253328
313 0.9125132926338148
314 0.9125132926338148
315 0.9125132926338148
316 0.9125132926338148
317 0.9125132926338148
318 0.9125134806263381
319 0.9125134806263381
320 0.9125134806263381
321 0.9125134806263381
322 0.9125137979395888
323 0.9125141868435035
324 0.9125146540839552
325 0.9125146540839552
326 0.9125146540839552
327 0.9125146540839552
328 0.9125157374233791
329 0.9125157374233791
330 0.9125157374233791
331 0.9125157374233791
332 0.9125157374233791
333 0.9125157374233791
334 0.9125157374233791
335 0.9125157374233791
336 0.9125157374233791
337 0.9125157374233791
338 0.912515984633101
339 0.9125163498370037
340 0.9125163498370037
341 0.9125163498370037
342 0.9125163498370037
343 0.9125163498370037
344 0.9125163498370037
345 0.9125163498370037
346 0.9125163498370037
347 0.9125169521527974
348 0.9125169521527974
349 0.9125169521527974
350 0.9125169521527974
351 0.9125169521527974
352 0.9125169521527974
353 0.9125170846908327
354 0.9125171301496957
355 0.9125171301496957
356 0.9125171301496957
357 0.9125172989574138
358 0.9125172989574138
359 0.9125172989574138
360 0.9125172989574138
361 0.9125179655803821
362 0.9125180330835294
363 0.9125180330835294
364 0.9125182283876858
365 0.9125182283876858
366 0.9125182283876858
367 0.9125182283876858
368 0.912518707201377
369 0.912518707201377
370 0.912518707201377
371 0.9125187736696059
372 0.9125188113566308
373 0.9125188113566308
374 0.9125188113566308
375 0.9125188113566308
376 0.9125190473833591
377 0.9125190473833591
378 0.9125190473833591
379 0.9125191830955911
380 0.9125191830955911
381 0.9125191830955911
382 0.9125191830955911
383 0.9125192238043773
384 0.9125192238043773
385 0.9125192238043773
386 0.9125192238043773
387 0.9125192238043773
388 0.9125192238043773
389 0.9125192238043773
390 0.9125192238043773
391 0.9125192238043773
392 0.9125192531807512
393 0.9125197309779997
394 0.9125197309779997
395 0.9125197309779997
396 0.9125197309779997
397 0.9125197309779997
398 0.9125197309779997
399 0.9125198283331597
400 0.9125203173969069
401 0.9125203173969069
402 0.9125203173969069
403 0.9125203757856739
404 0.9125203757856739
405 0.9125203757856739
406 0.9125203757856739
407 0.9125203757856739
408 0.9125205248917321
409 0.9125205248917321
410 0.9125205248917321
411 0.9125205248917321
412 0.9125205248917321
413 0.9125208071114678
414 0.9125208071114678
415 0.9125208071114678
416 0.9125208071114678
417 0.9125208071114678
418 0.9125208071114678
419 0.9125208071114678
420 0.9125208071114678
421 0.9125208071114678
422 0.9125208071114678
423 0.9125208071114678
424 0.9125209449724827
425 0.9125209449724827
426 0.9125209449724827
427 0.9125209449724827
428 0.9125209449724827
429 0.9125210784480333
430 0.9125210784480333
431 0.9125210784480333
432 0.912521095494048
433 0.912521095494048
434 0.912521173566864
435 0.912521173566864
436 0.9125217954706937
437 0.9125217954706937
438 0.9125217954706937
439 0.9125219028505033
440 0.9125219028505033
441 0.9125219028505033
442 0.9125219028505033
443 0.9125219028505033
444 0.9125219028505033
445 0.9125219028505033
446 0.9125219028505033
447 0.9125219028505033
448 0.9125219028505033
449 0.9125219028505033
450 0.9125219028505033
451 0.9125219028505033
452 0.9125219028505033
453 0.9125219028505033
454 0.9125220338334247
455 0.9125220338334247
456 0.9125220338334247
457 0.9125222861966871
458 0.9125222861966871
459 0.9125222861966871
460 0.9125222861966871
461 0.9125222861966871
462 0.9125222861966871
463 0.9125222861966871
464 0.9125222861966871
465 0.9125222861966871
466 0.9125222861966871
467 0.9125222861966871
468 0.9125222861966871
469 0.9125223708165492
470 0.9125223708165492
471 0.9125223708165492
472 0.9125223708165492
473 0.9125223708165492
474 0.9125223708165492
475 0.9125230365773441
476 0.9125230365773441
477 0.9125230365773441
478 0.9125230365773441
479 0.9125230365773441
480 0.9125230365773441
481 0.9125230365773441
482 0.9125230365773441
483 0.9125230365773441
484 0.9125230365773441
485 0.9125230365773441
486 0.9125230365773441
487 0.9125230365773441
488 0.9125230365773441
489 0.9125230365773441
490 0.9125230365773441
491 0.9125230365773441
492 0.9125230365773441
493 0.9125230365773441
494 0.9125230365773441
495 0.9125230365773441
