000 0.34042830337019536
001 0.3855544515096102
002 0.571047721610043
003 0.6272691015980616
004 0.6410603602882169
005 0.7216044313633134
006 0.7881740168156028
007 0.8137434169513761
008 0.818738038860315
009 0.8209535747117622
010 0.830995117219004
011 0.8374419229277998
012 0.8492046561918347
013 0.8548206078132293
014 0.8582437470699621
015 0.8610955494541829
016 0.8610955494541829
017 0.8612231843929059
018 0.8612231843929059
019 0.8612231843929059
020 0.8612231843929059
021 0.8612231843929059
022 0.8612231843929059
023 0.8612231843929059
024 0.8612231843929059
025 0.8644010333060002
026 0.8652370505550906
027 0.8662476033727157
028 0.8671206281925777
029 0.8676592469180903
030 0.8677483806830063
031 0.8681389488800791
032 0.8681816234978712
033 0.8682456747214622
034 0.8684019895920965
035 0.8684888923369097
036 0.8685153575229747
037 0.8685412194351892
038 0.8686430103570097
039 0.8688257050524003
040 0.8688622650625601
041 0.8689376888815379
042 0.8690311999607502
043 0.8690311999607502
044 0.8691122079521113
045 0.8691218234149427
046 0.8691285184093935
047 0.8691285184093935
048 0.8691890622126811
049 0.8691890622126811
050 0.8691890622126811
051 0.8691890622126811
052 0.8691890622126811
053 0.8691890622126811
054 0.8691943023858414
055 0.8692030323484078
056 0.8692030323484078
057 0.8692030323484078
058 0.8692030323484078
059 0.8692061511874447
060 0.8692064490944454
061 0.8692064490944454
062 0.8692083492003104
063 0.8692083492003104
064 0.8692083492003104
065 0.8692085503230959
066 0.8692085503230959
067 0.8692085503230959
068 0.8692112353987526
069 0.8692112353987526
070 0.8692115412136919
071 0.8692115412136919
072 0.8692115412136919
073 0.8692122894072287
074 0.8692122894072287
075 0.8692125081024239
076 0.8692125081024239
077 0.869213118726135
078 0.8692131599012227
079 0.8692136866708686
080 0.8692136866708686
081 0.8692136866708686
082 0.8692136866708686
083 0.8692136866708686
084 0.8692136866708686
085 0.8692140786174006
086 0.8692146375607093
087 0.8692150294896069
088 0.8692150294896069
089 0.8692150294896069
090 0.8692150294896069
091 0.8692150294896069
092 0.8692151177890788
093 0.8692151177890788
094 0.8692151177890788
095 0.8692151177890788
096 0.8692154180115752
097 0.8692154180115752
098 0.8692155027207366
099 0.8692155027207366
100 0.8692155027207366
101 0.8692155027207366
102 0.8692155027207366
103 0.8692155027207366
104 0.8692155027207366
105 0.8692155027207366
106 0.8692155576831463
107 0.8692155576831463
108 0.8692155576831463
109 0.8692158340602579
110 0.8692158340602579
111 0.8692158340602579
112 0.8692159903411765
113 0.8692159903411765
114 0.8692159903411765
115 0.8692159903411765
116 0.8692159903411765
117 0.8692159903411765
118 0.8692159903411765
119 0.8692159903411765
120 0.8692159903411765
121 0.8692160602577881
122 0.8692160924949747
123 0.8692160924949747
124 0.8692160924949747
125 0.8692160924949747
126 0.8692160924949747
127 0.8692160924949747
128 0.8692160924949747
129 0.8692160924949747
130 0.8692160924949747
131 0.8692161258703586
132 0.8692161258703586
133 0.8692161258703586
134 0.8692161258703586
135 0.8692161493149666
136 0.8692161493149666
137 0.8692161493149666
138 0.8692161493149666
139 0.8692161493149666
140 0.8692161493149666
141 0.8692161493149666
142 0.8692162810553431
143 0.8692162810553431
144 0.8692162810553431
145 0.8692162810553431
146 0.8692162810553431
147 0.8692162810553431
148 0.8692162810553431
149 0.8692162810553431
150 0.8692162810553431
151 0.8692162810553431
152 0.8692162810553431
153 0.8692162810553431
154 0.8692162810553431
155 0.8692162810553431
156 0.8692162810553431
157 0.8692162810553431
158 0.8692162810553431
159 0.8692162810553431
160 0.8692162810553431
161 0.8692162810553431
162 0.8692162810553431
