000 0.23467887245256
001 0.3230725821818683
002 0.3811465045593875
003 0.4298908798711967
004 0.49516058457418877
005 0.5418025012046075
006 0.6083004398352005
007 0.6944735528503325
008 0.7297337907583622
009 0.7495011059124813
010 0.7559698341369109
011 0.7998997071276529
012 0.8013845320936693
013 0.8013845320936693
014 0.8051709117757342
015 0.805184475399265
016 0.8096373603761988
017 0.8112245986410421
018 0.8166899652145364
019 0.8166899652145364
020 0.8194485602626995
021 0.8204562744357814
022 0.8204926266338289
023 0.820772508693115
024 0.820772508693115
025 0.842129455805156
026 0.842129455805156
027 0.842129455805156
028 0.842129455805156
029 0.8425012750288324
030 0.8425012750288324
031 0.8425012750288324
032 0.8425012750288324
033 0.8425012750288324
034 0.8428112268009572
035 0.8459962472504119
036 0.8469159939268812
037 0.8486810790615011
038 0.8490659888136595
039 0.8501425381345722
040 0.8508533745141393
041 0.8510146659714576
042 0.8514892587355648
043 0.8518782404094275
044 0.8570165789583751
045 0.8570165789583751
046 0.8570165789583751
047 0.8571060039617904
048 0.8571526168148813
049 0.8571611513300617
050 0.857281739941882
051 0.8574847891995087
052 0.8574847891995087
053 0.8575986519041743
054 0.8604701955203283
055 0.8609056117206733
056 0.8615190437452408
057 0.8626225531489469
058 0.8629189307434588
059 0.8637260412837808
060 0.8637260412837808
061 0.8639733356019114
062 0.8641209396683293
063 0.8641529260124822
064 0.8641955362993391
065 0.8642017678528597
066 0.8642017678528597
067 0.8642017678528597
068 0.8642993947162608
069 0.8660353244392333
070 0.8665655793753442
071 0.8673388822505805
072 0.8677864483143898
073 0.8678322989158473
074 0.8678582183299274
075 0.8679281536212609
076 0.8679687341161096
077 0.8680772218307402
078 0.8681702748156395
079 0.8681702748156395
080 0.868183352282696
081 0.8690672524687479
082 0.8696816604066121
083 0.8699228542263348
084 0.8701441654522024
085 0.8702253796922851
086 0.8704417461783183
087 0.8704993900126746
088 0.8705621824805445
089 0.8707680461198448
090 0.8707680461198448
091 0.8708197089029317
092 0.8710182803025524
093 0.8711517961929642
094 0.8715841664509336
095 0.8716905204195292
096 0.8719043284230262
097 0.8720589553037418
098 0.8723148428611913
099 0.8724524426126261
100 0.8727029404790961
101 0.872951696524917
102 0.8735182306450697
103 0.8741028019469411
104 0.8741042098860575
105 0.8747892435008477
106 0.8751234423317881
107 0.8755739585411931
108 0.8758322440641789
109 0.8762931277027431
110 0.8765292647941355
111 0.8766625247634647
112 0.8767428053442052
113 0.8768656025582409
114 0.8771817056373336
115 0.8771817056373336
116 0.8772324818299765
117 0.8773372603501821
118 0.8780907977537669
119 0.878502848042963
120 0.8789542802122698
121 0.8794608241258983
122 0.8804211262457129
123 0.8816280442856003
124 0.8819108813137815
125 0.8823564080365582
126 0.8825074364183063
127 0.8832481662380831
128 0.8833307002044709
129 0.8840757348593216
130 0.8848431357214748
131 0.8851388359764933
132 0.8852267588311509
133 0.8852318785249362
134 0.8852318785249362
135 0.8852411204029238
136 0.8865650350651567
137 0.8865650350651567
138 0.8865650350651567
139 0.8871338187457143
140 0.8871338187457143
141 0.8871497521776112
142 0.887995479187615
143 0.8886470177921524
144 0.8896150593267692
145 0.890406237334249
146 0.8911062944684907
147 0.8919434348107718
148 0.8923207382213367
149 0.892605921613401
150 0.8927741898186675
151 0.8929351262459938
152 0.8929893286986842
153 0.8930813568126905
154 0.8931133124505164
155 0.8932663784009127
156 0.8934081355718494
157 0.8943248228814185
158 0.8947605433160698
159 0.8954703514644388
160 0.8957425383759416
161 0.8959464878913992
162 0.8959946982578794
163 0.896000673028565
164 0.8960769765721093
165 0.8960803607008754
166 0.8960863297783604
167 0.8960923105370533
168 0.8960923105370533
169 0.896314916661865
170 0.8963470295051305
171 0.8964910276306884
172 0.896508371963469
173 0.8965696054720285
174 0.8966503666619018
175 0.8966503666619018
176 0.8967088706999286
177 0.8967603769761684
178 0.8968519461451848
179 0.8968581210823303
180 0.8968581210823303
181 0.8968581210823303
182 0.8968878113256331
183 0.8968878113256331
184 0.8969072290221194
185 0.8969072290221194
186 0.896913914459108
187 0.8969342551625561
188 0.8969342551625561
189 0.8969342551625561
190 0.896935281958188
191 0.896940418005792
192 0.896940418005792
193 0.896940418005792
194 0.896940418005792
195 0.896940418005792
196 0.8969438080423541
197 0.8969469601566958
198 0.8969484135287445
199 0.8969484135287445
200 0.8969484135287445
201 0.8969484135287445
202 0.8969527862100348
203 0.8969527862100348
204 0.8969527862100348
205 0.8969549627357969
206 0.8969584418125625
207 0.8969584418125625
208 0.8969593674568368
209 0.8969593674568368
210 0.8969630825652434
211 0.8969630825652434
212 0.8969630825652434
213 0.8969630825652434
214 0.8969630825652434
215 0.8969630825652434
216 0.8969630825652434
217 0.8969649100268845
218 0.8969649100268845
219 0.8969669505422401
220 0.8969669505422401
221 0.8969669505422401
222 0.8969669505422401
223 0.8969673532097173
224 0.8969673578530183
225 0.8969673578530183
226 0.8969676612273265
227 0.896967813872032
228 0.8969679549026096
229 0.8969679549026096
230 0.8969679549026096
231 0.8969679549026096
232 0.8969680032360008
233 0.8969680032360008
234 0.8969680032360008
235 0.8969680032360008
236 0.8969680032360008
237 0.8969680032360008
238 0.8969684401543883
239 0.8969684401543883
240 0.8969684401543883
241 0.8969684401543883
242 0.8969684401543883
243 0.8969684401543883
244 0.8969689595900291
245 0.8969689595900291
246 0.8969689595900291
247 0.8969689595900291
248 0.8969689595900291
249 0.8969694305400292
250 0.8969694305400292
251 0.8969694305400292
252 0.896969445733217
253 0.896969445733217
254 0.896969445733217
255 0.896969445733217
256 0.896969445733217
257 0.8969695264318377
258 0.8969695264318377
259 0.8969696934030585
260 0.8969696934030585
261 0.8969696934030585
262 0.8969696934030585
263 0.8969696934030585
264 0.8969698245750749
265 0.8969698245750749
266 0.8969700653350411
267 0.8969700653350411
268 0.8969700653350411
269 0.8969700653350411
270 0.8969700653350411
271 0.8969700653350411
272 0.896970182018035
273 0.896970182018035
274 0.896970182018035
275 0.896970182018035
276 0.896970182018035
277 0.896970182018035
278 0.896970182018035
279 0.896970182018035
280 0.896970182018035
281 0.896970182018035
282 0.8969702928258177
283 0.8969702928258177
284 0.8969702928258177
285 0.8969702928258177
286 0.8969702928258177
287 0.8969702928258177
288 0.8969705024796306
289 0.8969705024796306
290 0.8969705024796306
291 0.8969705024796306
292 0.8969705024796306
293 0.8969705024796306
294 0.8969705024796306
295 0.8969705024796306
296 0.8969705024796306
297 0.8969705024796306
298 0.8969705024796306
299 0.8969705024796306
300 0.8969705024796306
301 0.8969705324962928
302 0.8969705712912778
303 0.8969705712912778
304 0.8969706019679822
305 0.8969706019679822
306 0.8969706019679822
307 0.8969706019679822
308 0.8969706019679822
309 0.8969706019679822
310 0.8969706019679822
311 0.8969706019679822
312 0.8969706019679822
313 0.8969706019679822
314 0.8969706019679822
315 0.8969706019679822
316 0.8969706019679822
317 0.8969706019679822
318 0.8969706019679822
319 0.8969706019679822
320 0.8969706373931625
321 0.8969706373931625
322 0.8969706373931625
323 0.8969706373931625
324 0.8969706373931625
325 0.8969706373931625
326 0.8969706373931625
327 0.8969706373931625
328 0.8969706373931625
329 0.8969706373931625
330 0.8969706373931625
331 0.8969706373931625
332 0.8969706373931625
333 0.8969706373931625
334 0.8969706373931625
335 0.8969706373931625
336 0.8969706373931625
337 0.8969706373931625
338 0.8969706373931625
339 0.8969706373931625
340 0.8969706373931625
