000 0.2459969191322259
001 0.3164041787833127
002 0.48250208012040996
003 0.48250208012040996
004 0.5177193507875284
005 0.588685389604105
006 0.6869825079762895
007 0.7307408641160631
008 0.8153967240892058
009 0.8299181365543478
010 0.840033994890033
011 0.8466401514947541
012 0.8587290704809613
013 0.8637656866518405
014 0.864727672507046
015 0.8671048872311855
016 0.8693754501963655
017 0.8703148601409403
018 0.8714028266801099
019 0.8714521911833939
020 0.8714521911833939
021 0.8725062377616659
022 0.8727380627299852
023 0.8727400092170264
024 0.8727400092170264
025 0.8727400092170264
026 0.8727400092170264
027 0.8727400092170264
028 0.873929984786932
029 0.8748869220047409
030 0.8759985647064044
031 0.8762989847962562
032 0.8768967916137864
033 0.877069332275375
034 0.8770930907210386
035 0.8770930907210386
036 0.8770930907210386
037 0.8770930907210386
038 0.8770930907210386
039 0.8771030096629779
040 0.8782260715324365
041 0.8786611136385454
042 0.8794406205226568
043 0.8799792323181717
044 0.8806743815803179
045 0.8819044429413946
046 0.8824691213182971
047 0.8825176445425504
048 0.8828421826725534
049 0.8829957586389597
050 0.8831167657275973
051 0.8832726717611824
052 0.8836968689220168
053 0.8836968689220168
054 0.883716457495692
055 0.883716457495692
056 0.8854912394275541
057 0.8864673877274063
058 0.8877229680290563
059 0.889145848809843
060 0.890140641107893
061 0.891479424642393
062 0.8921725297445879
063 0.8930622313445026
064 0.8947108730193785
065 0.8950618236224684
066 0.8952263276126121
067 0.8953041863272174
068 0.8954422680324805
069 0.8954987221539453
070 0.8956530312551712
071 0.8956839917513835
072 0.8956839917513835
073 0.8956839917513835
074 0.8977057627057133
075 0.89841810139526
076 0.9015344709510906
077 0.9018904641892403
078 0.9036187078833211
079 0.9052646244015304
080 0.9065090989318308
081 0.9072663974608653
082 0.9074757411483808
083 0.9078819297936209
084 0.907982886511243
085 0.9079892543254645
086 0.9080016381338532
087 0.9080016381338532
088 0.9080047616845719
089 0.9080047616845719
090 0.9080047616845719
091 0.9093429013606401
092 0.9102716707389125
093 0.9104951062991259
094 0.9112575244348713
095 0.9118270329208523
096 0.9119658347856221
097 0.9121601136896215
098 0.9121601136896215
099 0.9124633493462131
100 0.9127535463488818
101 0.9128887284671261
102 0.9128887284671261
103 0.9128887284671261
104 0.9134483191159464
105 0.9135932846302652
106 0.9143324809372817
107 0.9149665360976855
108 0.9153796138733041
109 0.9154192401740804
110 0.9155078133481225
111 0.9156115138720327
112 0.9158308797715621
113 0.9160247670576889
114 0.9160747981845363
115 0.9161090683550319
116 0.9161695177835858
117 0.9162617068614892
118 0.9164623985956701
119 0.916528293097132
120 0.9166743277638549
121 0.9166816049340758
122 0.9167790987016902
123 0.9167790987016902
124 0.9168576728297525
125 0.9168583048562438
126 0.9168928641585817
127 0.9169936157036715
128 0.9169936157036715
129 0.9169936157036715
130 0.9170026915382294
131 0.9170026915382294
132 0.9170505522176652
133 0.9170610404697581
134 0.9170610404697581
135 0.9170684970280143
136 0.9170684970280143
137 0.9170886168018898
138 0.9170886168018898
139 0.9170986312602107
140 0.9171044579456964
141 0.9171044579456964
142 0.9171044579456964
143 0.9171113433743283
144 0.9171113433743283
145 0.9171113433743283
146 0.9171113433743283
147 0.9171129556956163
148 0.9171162595874323
149 0.9171162595874323
150 0.9171218669811785
151 0.9171218669811785
152 0.9171239393589277
153 0.9171239393589277
154 0.9171239393589277
155 0.9171244549044397
156 0.9171244549044397
157 0.9171252100171294
158 0.9171254016854431
159 0.9171254016854431
160 0.9171254016854431
161 0.9171273290482475
162 0.9171273290482475
163 0.9171273290482475
164 0.917127932770106
165 0.917127932770106
166 0.9171286065371222
167 0.9171298846042771
168 0.9171298846042771
169 0.9171319386815495
170 0.9171319386815495
171 0.9171319386815495
172 0.9171319386815495
173 0.9171319386815495
174 0.9171319386815495
175 0.9171319386815495
176 0.9171327908626278
177 0.9171327908626278
178 0.9171327908626278
179 0.9171327908626278
180 0.9171327908626278
181 0.9171327908626278
182 0.9171341705073988
183 0.9171341705073988
184 0.9171341705073988
185 0.9171341705073988
186 0.9171341705073988
187 0.9171341705073988
188 0.9171341705073988
189 0.9171341705073988
190 0.9171341705073988
191 0.9171341705073988
192 0.9171341889772621
193 0.9171341889772621
194 0.9171341889772621
195 0.9171348495550607
196 0.9171348495550607
197 0.9171348495550607
198 0.9171348495550607
199 0.9171348495550607
200 0.9171348495550607
201 0.9171348495550607
202 0.9171348495550607
203 0.9171348495550607
204 0.9171348495550607
205 0.9171354177143209
206 0.9171354177143209
207 0.9171354177143209
208 0.9171354177143209
209 0.9171356587124795
210 0.9171359356642976
211 0.9171359356642976
212 0.9171359356642976
213 0.9171359356642976
214 0.9171359356642976
215 0.9171359356642976
216 0.9171359356642976
217 0.9171359356642976
218 0.9171359356642976
219 0.9171359356642976
220 0.9171359356642976
221 0.9171359356642976
222 0.9171359356642976
223 0.9171366112606579
224 0.9171366112606579
225 0.9171366112606579
226 0.9171366112606579
227 0.9171366112606579
228 0.9171366112606579
229 0.9171366112606579
230 0.9171366112606579
231 0.9171366112606579
232 0.9171366112606579
233 0.9171366112606579
234 0.9171366112606579
235 0.9171369059563892
236 0.9171369059563892
237 0.9171369059563892
238 0.9171369059563892
239 0.9171372114748699
240 0.9171372114748699
241 0.9171372114748699
242 0.9171372114748699
243 0.9171372114748699
244 0.9171372114748699
245 0.9171372114748699
246 0.9171372114748699
247 0.9171372114748699
248 0.9171372114748699
249 0.9171372114748699
250 0.9171372114748699
251 0.9171372114748699
252 0.9171372114748699
253 0.9171372114748699
254 0.9171372114748699
255 0.9171372114748699
256 0.9171372114748699
257 0.9171373408836374
258 0.9171373408836374
259 0.9171373408836374
260 0.9171373408836374
261 0.9171373408836374
262 0.9171373408836374
263 0.9171373408836374
264 0.9171373408836374
265 0.9171373408836374
266 0.9171373555298641
267 0.9171373555298641
268 0.9171373555298641
269 0.9171373555298641
270 0.9171373555298641
271 0.9171373555298641
272 0.9171373555298641
273 0.9171373555298641
274 0.9171373555298641
275 0.9171373555298641
276 0.9171373555298641
277 0.9171373603579566
278 0.9171375779995798
279 0.9171375779995798
280 0.9171375779995798
281 0.9171375779995798
282 0.9171375779995798
283 0.9171375779995798
284 0.9171375779995798
285 0.9171375779995798
286 0.9171375779995798
287 0.9171375779995798
288 0.9171375779995798
289 0.9171375779995798
290 0.9171375779995798
291 0.9171375779995798
292 0.9171375779995798
293 0.9171375779995798
294 0.9171375779995798
295 0.9171375779995798
296 0.9171375779995798
297 0.9171375779995798
298 0.9171375779995798
