000 0.1375466451447846
001 0.18065058906422063
002 0.2935418292871294
003 0.2935418292871294
004 0.38001104333968094
005 0.495087069061068
006 0.6761301466109778
007 0.6790102765547478
008 0.7487123571981502
009 0.7510488522810398
010 0.796398851985646
011 0.8293385764602887
012 0.8425580173101173
013 0.8727826202296206
014 0.88147574134565
015 0.8889493344796382
016 0.8977725037623069
017 0.8977725037623069
018 0.8998569604757524
019 0.9011317094429658
020 0.9027686555639077
021 0.9028288874594705
022 0.9033427713595933
023 0.9033454769741672
024 0.9034986670390369
025 0.9034986670390369
026 0.9039062403900213
027 0.9039631682984254
028 0.9040685730078919
029 0.9040685730078919
030 0.9140902268225638
031 0.9154613153548485
032 0.9162218698128523
033 0.9163835005268164
034 0.9173769159798589
035 0.9174803048381677
036 0.9177397820163631
037 0.9179361594464722
038 0.918206217005967
039 0.9182956928993637
040 0.9186578154496243
041 0.9186596330770569
042 0.918661743947635
043 0.918661743947635
044 0.921288940713714
045 0.9217545687658236
046 0.92225367118304
047 0.9223380569525415
048 0.9230088812419893
049 0.9232434813417265
050 0.9234993712187527
051 0.9238522997636863
052 0.9240433854655756
053 0.9241523951747793
054 0.9242067108941174
055 0.9242618702562864
056 0.9242618702562864
057 0.9243245475267732
058 0.9246057421017304
059 0.9247845024071879
060 0.9249163472284586
061 0.9251462978755508
062 0.9252136605448232
063 0.9253207175803884
064 0.9255104459291318
065 0.9255933879021966
066 0.9256927911841264
067 0.9257537663671345
068 0.925823165060009
069 0.9258599955499976
070 0.9259335671934477
071 0.9259715605722844
072 0.9260403469707336
073 0.9260793166369368
074 0.9260793166369368
075 0.9261352945950849
076 0.9261794437625214
077 0.9261794437625214
078 0.9261965126164076
079 0.9262005717081294
080 0.9262480466012385
081 0.9262480466012385
082 0.9262700684477471
083 0.9262800256448483
084 0.9262991929036197
085 0.9262991929036197
086 0.9263190382042307
087 0.9263389047386253
088 0.9263389047386253
089 0.9263832660354133
090 0.9263832660354133
091 0.9263933025815877
092 0.9263933025815877
093 0.9264054700608898
094 0.9264132071233719
095 0.9264310550255305
096 0.9264718553115235
097 0.9264718553115235
098 0.9264718553115235
099 0.9264777161837319
100 0.9264850607675458
101 0.9264965210702109
102 0.9265124357265035
103 0.9265192416934691
104 0.9265237413174512
105 0.9265348157149639
106 0.9265403291759782
107 0.9265456345766803
108 0.9265533469337589
109 0.9265533469337589
110 0.9265540673949577
111 0.9265946061642311
112 0.9265946061642311
113 0.9265946061642311
114 0.9265946061642311
115 0.9266064756872667
116 0.9266209296121056
117 0.9266209296121056
118 0.926622976278859
119 0.9266268819025021
120 0.9266405922133765
121 0.9266405922133765
122 0.9266528859994786
123 0.9266558417769448
124 0.9266558417769448
125 0.9266622480924561
126 0.9266744879627608
127 0.9266744879627608
128 0.9266934762416674
129 0.9266934762416674
130 0.9266934762416674
131 0.9267087853177395
132 0.9267137428532548
133 0.9267151127257982
134 0.9267191968247595
135 0.9267211163960597
136 0.9267258001763613
137 0.9267341588363432
138 0.9267360960523932
139 0.9267400338110174
140 0.9267408287007401
141 0.9267475019741156
142 0.9267496433339921
143 0.9267642896677638
144 0.9267642896677638
145 0.9267642896677638
146 0.9267714391759009
147 0.9267714391759009
148 0.9267714391759009
149 0.9267753615698434
150 0.926782499095221
151 0.926782499095221
152 0.9267873388212278
153 0.926788883450134
154 0.9268000817777389
155 0.9268051765453271
156 0.9268089191113945
157 0.9268110484011163
158 0.9268153479518048
159 0.9268218829698748
160 0.9268218829698748
161 0.926823702270507
162 0.9268265469295615
163 0.9268315634051124
164 0.9268315634051124
165 0.9268343953802487
166 0.9268383680254471
167 0.9268383680254471
168 0.9268419669659529
169 0.9268446333753789
170 0.9268446333753789
171 0.926848650659075
172 0.9268551375616436
173 0.9268551375616436
174 0.9268551375616436
175 0.9268599711797268
176 0.9268599711797268
177 0.9268660915993179
178 0.9268674074376879
179 0.9268710197441231
180 0.9268710197441231
181 0.9268753991820509
182 0.9268753991820509
183 0.9268836077743886
184 0.9268876265485868
185 0.9268876265485868
186 0.9268891867590395
187 0.9268935488218903
188 0.9268935488218903
189 0.9268935488218903
190 0.9268935488218903
191 0.9268948165136187
192 0.9268961935570846
193 0.926897199082213
194 0.9269027497914031
195 0.9269027497914031
196 0.9269079592527193
197 0.9269092655314357
198 0.9269092655314357
199 0.9269092655314357
200 0.9269101534114033
201 0.9269101534114033
202 0.9269103886090729
203 0.9269151499389205
204 0.9269151499389205
205 0.9269171041214831
206 0.92692071600503
207 0.92692071600503
208 0.9269235243466424
209 0.9269235243466424
210 0.9269325708540276
211 0.9269325708540276
212 0.9269325708540276
213 0.9269325708540276
214 0.9269325708540276
215 0.9269336532208785
216 0.9269336532208785
217 0.9269357310725274
218 0.9269357310725274
219 0.9269407842994015
220 0.9269407842994015
221 0.9269418169946991
222 0.9269418169946991
223 0.9269449341137974
224 0.9269449341137974
225 0.9269449341137974
226 0.9269449341137974
227 0.9269450196840218
228 0.9269492620219264
229 0.9269492620219264
230 0.9269492620219264
231 0.9269492620219264
232 0.9269499365041001
233 0.9269502375082515
234 0.926952600004366
235 0.926952600004366
236 0.9269552738676333
237 0.9269552738676333
238 0.9269558374260506
239 0.9269558374260506
240 0.9269558374260506
241 0.9269558374260506
242 0.9269564851457799
243 0.9269608056040364
244 0.9269608056040364
245 0.9269608056040364
246 0.9269608056040364
247 0.9269608056040364
248 0.9269634677306187
249 0.9269634677306187
250 0.9269666244787449
251 0.9269666244787449
252 0.926968411801068
253 0.926968411801068
254 0.926968411801068
255 0.926968411801068
256 0.926968411801068
257 0.926968411801068
258 0.9269686744567502
259 0.9269698175952604
260 0.9269725201351948
261 0.9269725201351948
262 0.9269725201351948
263 0.9269725201351948
264 0.9269725201351948
265 0.9269732107230083
266 0.9269747684433862
267 0.9269747684433862
268 0.9269749745184427
269 0.9269750921326056
270 0.9269763984151873
271 0.9269763984151873
272 0.9269771363267619
273 0.9269771363267619
274 0.9269779896367041
275 0.926978118977798
276 0.9269801379782646
277 0.9269801379782646
278 0.9269825844532137
279 0.9269825844532137
280 0.9269830251316336
281 0.9269830251316336
282 0.9269830251316336
283 0.9269830251316336
284 0.9269841637378278
285 0.9269841637378278
286 0.9269842176124787
287 0.9269856530885856
288 0.9269856530885856
289 0.9269872872580909
290 0.9269872872580909
291 0.9269872872580909
292 0.9269872872580909
293 0.9269872872580909
294 0.9269924924242986
295 0.9269924924242986
296 0.9269924924242986
297 0.9269924924242986
298 0.9269924924242986
299 0.9269924924242986
300 0.9269926483134081
301 0.9269926483134081
302 0.9269926483134081
303 0.9269926483134081
304 0.9269933471837956
305 0.9269935388813523
306 0.9269935388813523
307 0.9269935388813523
308 0.92699403422116
309 0.9269947242959118
310 0.9269949243775376
311 0.9269967131754581
312 0.9269967131754581
313 0.9269967131754581
314 0.9269970298083083
315 0.9269996829864081
316 0.9269996829864081
317 0.9269996829864081
318 0.9270015889589454
319 0.9270015889589454
320 0.9270020684989635
321 0.9270020684989635
322 0.9270027308091875
323 0.9270027308091875
324 0.9270030259199012
325 0.9270030259199012
326 0.9270040201660189
327 0.9270061542791567
328 0.9270061542791567
329 0.9270061542791567
330 0.9270061542791567
331 0.9270061542791567
332 0.9270061542791567
333 0.9270061542791567
334 0.9270062116118746
335 0.9270062116118746
336 0.9270074807474584
337 0.9270074807474584
338 0.9270097895815056
339 0.9270097895815056
340 0.9270097895815056
341 0.9270097895815056
342 0.9270097895815056
343 0.9270097895815056
344 0.9270097895815056
345 0.9270097895815056
346 0.9270097895815056
347 0.9270105920902751
348 0.9270105920902751
349 0.9270105920902751
350 0.9270105920902751
351 0.9270105920902751
352 0.9270105920902751
353 0.927012607314654
354 0.927012607314654
355 0.927012607314654
356 0.927012607314654
357 0.9270128099944563
358 0.9270128099944563
359 0.92701340320542
360 0.927014862917292
361 0.9270149823106433
362 0.9270149823106433
363 0.9270149823106433
364 0.9270149823106433
365 0.9270156181520384
366 0.9270156181520384
367 0.9270156181520384
368 0.9270162090300439
369 0.9270162090300439
370 0.9270168169624777
371 0.9270172674019329
372 0.9270185216861325
373 0.9270185216861325
374 0.9270185216861325
375 0.9270188965334025
376 0.9270188965334025
377 0.9270188965334025
378 0.9270188965334025
379 0.9270188965334025
380 0.9270206803091954
381 0.9270206803091954
382 0.9270206803091954
383 0.9270206803091954
384 0.9270206803091954
385 0.9270206803091954
386 0.9270206803091954
387 0.9270220462891513
388 0.9270220462891513
389 0.9270220462891513
390 0.9270220462891513
391 0.9270220462891513
392 0.9270220462891513
393 0.9270220462891513
394 0.9270220462891513
395 0.9270220462891513
396 0.9270220462891513
397 0.9270220593544594
398 0.9270226434060533
399 0.9270243848370247
400 0.9270243848370247
401 0.9270243848370247
402 0.9270243848370247
403 0.9270243848370247
404 0.9270243848370247
405 0.9270243848370247
406 0.9270243848370247
407 0.927024423259843
408 0.927024423259843
409 0.927024423259843
410 0.927024423259843
411 0.927024423259843
412 0.9270253017125405
413 0.9270253017125405
414 0.9270253017125405
415 0.9270253017125405
416 0.9270253017125405
417 0.9270253572608499
418 0.9270265064789646
419 0.9270265064789646
420 0.9270265064789646
421 0.9270265064789646
422 0.9270269896271436
423 0.9270269896271436
424 0.9270269896271436
425 0.9270269896271436
426 0.9270269896271436
427 0.9270269896271436
428 0.9270269896271436
429 0.927027111739386
430 0.927027111739386
431 0.9270273837451308
432 0.9270273837451308
433 0.9270275028248582
434 0.9270275028248582
435 0.9270279358648897
436 0.9270279358648897
437 0.9270279358648897
438 0.9270281451085776
439 0.9270282207248891
440 0.9270285948299655
441 0.9270285948299655
442 0.9270285948299655
443 0.9270288238446713
444 0.9270288238446713
445 0.9270288238446713
446 0.9270294439951591
447 0.9270294439951591
448 0.9270294806982464
449 0.9270298620273871
450 0.9270298620273871
451 0.9270298620273871
452 0.9270298620273871
453 0.9270300237233028
454 0.9270301835864314
455 0.9270301835864314
456 0.9270301835864314
457 0.9270307010416484
458 0.9270307010416484
459 0.9270307010416484
460 0.9270310776676077
461 0.927031586175449
462 0.927031586175449
463 0.927031586175449
464 0.927031586175449
465 0.927031586175449
466 0.927031586175449
467 0.927031586175449
468 0.927031586175449
469 0.927031586175449
470 0.9270319389118433
471 0.9270325817074754
472 0.9270325817074754
473 0.9270325817074754
474 0.9270325817074754
475 0.9270325817074754
476 0.9270325817074754
477 0.9270325817074754
478 0.9270325817074754
479 0.927032690813871
480 0.927032690813871
481 0.927032690813871
482 0.927032690813871
483 0.9270332204780114
484 0.9270341494949256
485 0.9270341494949256
486 0.9270341494949256
487 0.9270341494949256
488 0.9270341494949256
489 0.9270341494949256
490 0.9270341494949256
491 0.9270341494949256
492 0.9270341494949256
493 0.9270341494949256
494 0.9270341494949256
495 0.9270341494949256
496 0.9270341494949256
497 0.9270341494949256
498 0.9270341494949256
499 0.9270341494949256
500 0.9270341494949256
501 0.9270341494949256
502 0.9270341494949256
503 0.9270346697477114
504 0.9270346697477114
505 0.9270346697477114
506 0.9270346697477114
507 0.9270346697477114
508 0.9270346697477114
509 0.9270346697477114
510 0.9270355844560542
511 0.9270355844560542
512 0.9270355844560542
513 0.9270355844560542
514 0.9270355844560542
515 0.9270355844560542
516 0.9270355844560542
517 0.9270355844560542
518 0.9270356365314428
519 0.9270356365314428
520 0.927035669555291
521 0.927035669555291
522 0.927035669555291
523 0.927035669555291
524 0.927035669555291
525 0.9270357061467961
526 0.9270358580960891
527 0.9270358580960891
528 0.9270366416063712
529 0.9270366416063712
530 0.9270366416063712
531 0.9270366416063712
532 0.9270368150279632
533 0.9270368150279632
534 0.9270368150279632
535 0.9270368150279632
536 0.9270368150279632
537 0.9270368150279632
538 0.9270368150279632
539 0.9270368150279632
540 0.9270368150279632
541 0.9270368150279632
542 0.9270368150279632
543 0.9270368150279632
544 0.9270368150279632
545 0.9270368150279632
546 0.9270368150279632
547 0.9270373674644651
548 0.9270373674644651
549 0.9270373674644651
550 0.9270373674644651
551 0.9270373674644651
552 0.9270373674644651
553 0.9270373674644651
554 0.9270373674644651
555 0.9270373674644651
556 0.9270373674644651
557 0.9270373674644651
558 0.9270374234337799
559 0.9270374983590628
560 0.9270374983590628
561 0.9270374983590628
562 0.9270374983590628
563 0.9270378465864831
564 0.9270382173110944
565 0.9270382173110944
566 0.9270382173110944
567 0.9270382173110944
568 0.9270382173110944
569 0.9270385579661019
570 0.9270385579661019
571 0.9270385579661019
572 0.9270385579661019
573 0.9270385579661019
574 0.9270385579661019
575 0.9270385579661019
576 0.9270385579661019
577 0.9270385579661019
578 0.9270388483405179
579 0.9270388483405179
580 0.9270389544382979
581 0.9270389544382979
582 0.9270389544382979
583 0.9270389544382979
584 0.9270389544382979
585 0.9270389544382979
586 0.9270389544382979
587 0.9270389544382979
588 0.9270389544382979
589 0.9270389544382979
590 0.9270389544382979
591 0.9270391486998667
592 0.9270391486998667
593 0.9270391486998667
594 0.9270398186663235
595 0.9270398186663235
596 0.9270398186663235
597 0.9270398186663235
598 0.9270398186663235
599 0.9270398186663235
600 0.9270399433408586
601 0.9270399433408586
602 0.9270399433408586
603 0.9270399433408586
604 0.9270399433408586
605 0.9270399433408586
606 0.9270399433408586
607 0.9270399433408586
608 0.9270399433408586
609 0.9270400296094622
610 0.9270400296094622
611 0.9270400296094622
612 0.9270400296094622
613 0.9270400296094622
614 0.9270400296094622
615 0.9270401389591308
616 0.9270401389591308
617 0.9270401389591308
618 0.9270401389591308
619 0.9270401389591308
620 0.9270401389591308
621 0.9270401389591308
622 0.9270406752505755
623 0.9270406752505755
624 0.9270406752505755
625 0.9270406752505755
626 0.9270406752505755
627 0.9270406752505755
628 0.9270406752505755
629 0.9270406752505755
630 0.9270406752505755
631 0.9270406752505755
632 0.9270406752505755
633 0.9270406752505755
634 0.9270406752505755
635 0.9270406752505755
636 0.9270406752505755
637 0.9270406752505755
638 0.9270408354201127
639 0.9270408354201127
640 0.9270408354201127
641 0.9270411194792989
642 0.9270411194792989
643 0.9270411194792989
644 0.9270411194792989
645 0.9270411194792989
646 0.9270411194792989
647 0.9270416867444253
648 0.9270416867444253
649 0.9270416867444253
650 0.9270416867444253
651 0.9270416867444253
652 0.9270416867444253
653 0.9270416867444253
654 0.9270416867444253
655 0.9270416867444253
656 0.9270416867444253
657 0.9270416867444253
658 0.9270416867444253
659 0.9270416867444253
660 0.9270416867444253
661 0.9270416867444253
662 0.9270416867444253
663 0.9270416867444253
664 0.927042011141597
665 0.927042011141597
666 0.927042011141597
667 0.927042011141597
668 0.927042011141597
669 0.927042011141597
670 0.927042011141597
671 0.927042011141597
672 0.927042011141597
673 0.927042011141597
674 0.927042011141597
675 0.927042011141597
676 0.927042194431553
677 0.927042194431553
678 0.927042194431553
679 0.927042194431553
680 0.927042194431553
681 0.927042194431553
682 0.927042194431553
683 0.927042194431553
684 0.927042194431553
685 0.927042194431553
686 0.927042194431553
687 0.9270422361715315
688 0.9270422361715315
689 0.9270422361715315
690 0.9270422361715315
691 0.9270422443304678
692 0.9270428815074248
693 0.9270429053495899
694 0.9270429053495899
695 0.9270429053495899
696 0.9270429053495899
697 0.9270429053495899
698 0.9270429053495899
699 0.9270429053495899
700 0.9270429053495899
701 0.9270429053495899
702 0.9270429053495899
703 0.9270429053495899
704 0.9270429053495899
705 0.9270430243711856
706 0.9270430243711856
707 0.9270430243711856
708 0.9270430921926379
709 0.9270430921926379
710 0.9270430921926379
711 0.9270430921926379
712 0.9270430921926379
713 0.9270430921926379
714 0.9270430921926379
715 0.9270430921926379
716 0.9270430921926379
717 0.927043201193904
718 0.9270434979349722
719 0.9270434979349722
720 0.9270434979349722
721 0.9270434979349722
722 0.9270438542939533
723 0.9270438542939533
724 0.9270438542939533
725 0.9270438542939533
726 0.9270438542939533
727 0.9270438542939533
728 0.9270438542939533
729 0.9270438542939533
730 0.9270438542939533
731 0.9270438542939533
732 0.9270438542939533
733 0.9270438542939533
734 0.9270438542939533
735 0.9270438542939533
736 0.9270438542939533
737 0.9270439449426954
738 0.9270439449426954
739 0.9270439449426954
740 0.9270439449426954
741 0.9270439449426954
742 0.9270440072920872
743 0.9270442344410132
744 0.9270443113309055
745 0.9270443113309055
746 0.9270443113309055
747 0.9270443946380215
748 0.9270443946380215
749 0.9270443946380215
750 0.9270443946380215
751 0.9270443946380215
752 0.9270447749102677
753 0.9270447749102677
754 0.9270447749102677
755 0.9270447749102677
756 0.9270447749102677
757 0.9270447749102677
758 0.9270447749102677
759 0.9270447749102677
760 0.9270447749102677
761 0.9270447749102677
762 0.9270447749102677
763 0.9270448020688432
764 0.9270449188929679
765 0.9270449188929679
766 0.9270449188929679
767 0.9270449188929679
768 0.9270449188929679
769 0.9270449188929679
770 0.9270455288336243
771 0.9270455288336243
772 0.9270455288336243
773 0.9270455288336243
774 0.9270455288336243
775 0.9270455288336243
776 0.9270455288336243
777 0.9270455288336243
778 0.9270455288336243
779 0.9270455288336243
780 0.9270455288336243
781 0.9270455288336243
782 0.9270455288336243
783 0.9270455288336243
784 0.9270455288336243
785 0.9270455288336243
786 0.9270455288336243
787 0.9270455288336243
788 0.9270455288336243
789 0.9270456165988895
790 0.9270456165988895
791 0.9270456165988895
792 0.9270456165988895
793 0.9270456165988895
794 0.9270456165988895
795 0.9270456165988895
796 0.9270456165988895
797 0.9270456165988895
798 0.9270456165988895
799 0.9270456386515599
800 0.9270456386515599
801 0.9270457265757654
802 0.9270457719746957
803 0.9270457719746957
804 0.9270457719746957
805 0.9270457719746957
806 0.9270457719746957
807 0.9270457719746957
808 0.9270457719746957
809 0.9270457719746957
810 0.927045842531752
811 0.927045842531752
812 0.927045842531752
813 0.927045842531752
814 0.927045842531752
815 0.927045842531752
816 0.927045842531752
817 0.927045842531752
818 0.927045842531752
819 0.927045842531752
820 0.927045842531752
821 0.927045842531752
822 0.9270459086516205
823 0.9270459086516205
824 0.9270459086516205
825 0.9270459086516205
826 0.9270459086516205
827 0.9270459086516205
828 0.9270460202068218
829 0.9270460202068218
830 0.9270460202068218
831 0.9270461785282107
832 0.9270461785282107
833 0.9270461785282107
834 0.9270461785282107
835 0.9270461785282107
836 0.9270461785282107
837 0.9270461785282107
838 0.9270461785282107
839 0.9270461785282107
840 0.9270461785282107
841 0.9270461785282107
842 0.9270463153302918
843 0.9270463153302918
844 0.9270463153302918
845 0.9270463153302918
846 0.9270463153302918
847 0.9270463266191354
848 0.9270463266191354
849 0.9270463266191354
850 0.9270463266191354
851 0.927046367558258
852 0.927046367558258
853 0.927046367558258
854 0.927046367558258
855 0.927046367558258
856 0.927046367558258
857 0.927046367558258
858 0.927046367558258
859 0.927046367558258
860 0.927046367558258
861 0.927046367558258
862 0.927046367558258
863 0.927046367558258
864 0.927046367558258
865 0.9270464264026679
866 0.9270464264026679
867 0.927046436827974
868 0.927046436827974
869 0.927046436827974
870 0.927046436827974
871 0.927046436827974
872 0.927046436827974
873 0.927046436827974
874 0.927046436827974
875 0.927046436827974
876 0.927046436827974
877 0.927046436827974
878 0.9270466050785547
879 0.9270466050785547
880 0.9270466050785547
881 0.9270466050785547
882 0.9270466050785547
883 0.9270466050785547
884 0.9270466050785547
885 0.9270466050785547
886 0.9270466050785547
887 0.9270467456260534
888 0.9270467456260534
889 0.9270467456260534
890 0.9270467456260534
891 0.9270467456260534
892 0.9270467456260534
893 0.9270467456260534
894 0.9270467456260534
895 0.9270467456260534
896 0.9270467456503958
897 0.9270467456503958
898 0.9270468252480889
899 0.9270468252480889
900 0.9270468252480889
901 0.9270468252480889
902 0.9270468252480889
903 0.9270468252480889
904 0.9270468411505474
905 0.9270468411505474
906 0.9270468411505474
907 0.9270469575963417
908 0.9270469575963417
909 0.9270469575963417
910 0.9270469744416749
911 0.9270469744416749
912 0.9270469744416749
913 0.9270469744416749
914 0.9270469744416749
915 0.9270469744416749
916 0.9270469819074844
917 0.9270469819074844
918 0.9270469819074844
919 0.9270469819074844
920 0.9270469819074844
921 0.9270469819074844
922 0.9270469819074844
923 0.9270469819074844
924 0.9270469819074844
925 0.9270469819074844
926 0.927046990669636
927 0.927046990669636
928 0.927046990669636
929 0.927046990669636
930 0.927046990669636
931 0.927046990669636
932 0.9270470080823334
933 0.9270470080823334
934 0.9270470832298625
935 0.9270470832298625
936 0.9270470832298625
937 0.9270470832298625
938 0.9270470832298625
939 0.9270470832298625
940 0.9270470832298625
941 0.9270470832298625
942 0.9270470832298625
943 0.9270470832298625
944 0.9270470832298625
945 0.9270470895925874
946 0.9270470895925874
947 0.9270470895925874
948 0.9270471121619505
949 0.9270472205174739
950 0.9270472205174739
951 0.9270472205174739
952 0.9270472205174739
953 0.9270472776925827
954 0.9270472776925827
955 0.9270472776925827
956 0.9270473397954955
957 0.9270473397954955
958 0.9270473397954955
959 0.9270473397954955
960 0.9270473397954955
961 0.9270473397954955
962 0.9270473397954955
963 0.9270473452927863
964 0.9270473452927863
965 0.9270473460556995
966 0.9270473460556995
967 0.9270473460556995
968 0.9270473460556995
969 0.9270473460556995
970 0.9270473460556995
971 0.9270473828217008
972 0.9270473828217008
973 0.9270474896181317
974 0.9270474896181317
975 0.9270475234104568
976 0.9270475234104568
977 0.9270475234104568
978 0.9270475234104568
979 0.9270475234104568
980 0.9270475234104568
981 0.9270475234104568
982 0.9270475234104568
983 0.9270475234104568
984 0.9270475234104568
985 0.9270475234104568
986 0.9270475234104568
987 0.9270475234104568
988 0.9270476079410682
989 0.9270476079410682
990 0.9270476079410682
991 0.9270476079410682
992 0.9270476079410682
993 0.927047720868273
994 0.927047720868273
995 0.927047720868273
996 0.927047720868273
997 0.927047720868273
998 0.927047720868273
999 0.927047720868273
1000 0.927047720868273
1001 0.9270477447214254
1002 0.9270477447214254
1003 0.9270477447214254
1004 0.9270477447214254
1005 0.9270477447214254
1006 0.9270477447214254
1007 0.9270478236431372
1008 0.9270478236431372
1009 0.9270478236431372
1010 0.9270478439048652
1011 0.9270478439048652
1012 0.9270478439048652
1013 0.9270478598761116
1014 0.9270478598761116
1015 0.9270478598761116
1016 0.9270478598761116
1017 0.9270478598761116
1018 0.9270478598761116
1019 0.9270479147072428
1020 0.9270479147072428
1021 0.9270479147072428
1022 0.9270479147072428
1023 0.9270479147072428
1024 0.9270479147072428
1025 0.9270479147072428
1026 0.9270479147072428
1027 0.9270479147072428
1028 0.9270479147072428
1029 0.9270479147072428
1030 0.9270479147072428
1031 0.9270479147072428
1032 0.9270479147072428
1033 0.9270479706243517
1034 0.9270479706243517
1035 0.9270479706243517
1036 0.9270479706243517
1037 0.9270479706243517
1038 0.9270481924191415
1039 0.9270481924191415
1040 0.9270481924191415
1041 0.9270481924191415
1042 0.9270481924191415
1043 0.9270481924191415
1044 0.9270481924191415
1045 0.9270481924191415
1046 0.9270481924191415
1047 0.9270481924191415
1048 0.9270481924191415
1049 0.9270481924191415
1050 0.9270481924191415
1051 0.9270481924191415
1052 0.9270481924191415
1053 0.9270481924191415
1054 0.9270481924191415
1055 0.9270481924191415
1056 0.9270481924191415
1057 0.9270481924191415
1058 0.9270481924191415
