000 0.15580462929692562
001 0.1686453141635521
002 0.1983366432277562
003 0.2919466648508886
004 0.31741574350731444
005 0.41131384648628216
006 0.47598800036630684
007 0.47598800036630684
008 0.565140796732128
009 0.67671197159496
010 0.6927568534508967
011 0.7276876121182521
012 0.7453442000681733
013 0.7879800265142328
014 0.8113062850267178
015 0.8150286009931961
016 0.8325182998343069
017 0.864167639855503
018 0.8676911208054576
019 0.8739485939742645
020 0.8755512641009476
021 0.881572742270555
022 0.8880474063727193
023 0.8893512996761909
024 0.8908536793624507
025 0.8929374087468639
026 0.8949787433438016
027 0.8954081852211165
028 0.8989341949918386
029 0.8995380114469453
030 0.9000544836396224
031 0.9003641031288625
032 0.9003641031288625
033 0.9003641031288625
034 0.9003645601584294
035 0.9004147395274714
036 0.9004779477413407
037 0.9004779477413407
038 0.9005158261943799
039 0.9079546681282474
040 0.9090226897080048
041 0.9113513094301242
042 0.9120910339616007
043 0.9129368196968959
044 0.9152370817661737
045 0.915384982491155
046 0.9162230206255797
047 0.9164645409333207
048 0.916923366821867
049 0.9170066534079836
050 0.9170554277596054
051 0.9171044340304098
052 0.9171044340304098
053 0.9171137271702035
054 0.9171137271702035
055 0.9185824636805004
056 0.9185824636805004
057 0.9185824636805004
058 0.9185824636805004
059 0.9197239509935111
060 0.9206368749160501
061 0.9214978499009737
062 0.9222443407814893
063 0.9231511422976609
064 0.9239619114525158
065 0.9239619114525158
066 0.924451346942224
067 0.92482861293934
068 0.925050981423056
069 0.9253252177841017
070 0.9253252177841017
071 0.9253553185218175
072 0.9253637858410868
073 0.9253637858410868
074 0.9262412720446119
075 0.9271225468835491
076 0.9273397470673469
077 0.9278744367276487
078 0.9280827038616977
079 0.9284728813218587
080 0.9287905934134162
081 0.9290666373980051
082 0.9292362548875558
083 0.9294091253602708
084 0.9295261455357045
085 0.9296530882408234
086 0.9298126465459834
087 0.9299348587381298
088 0.9299853695630308
089 0.9310306789694025
090 0.9319200914666721
091 0.9320020841873133
092 0.9325601857678023
093 0.9325601857678023
094 0.9329299680533377
095 0.9330751449730229
096 0.9332673900656454
097 0.9333359639214922
098 0.9334446478913934
099 0.9334929358988259
100 0.9341275500425971
101 0.9344503326171157
102 0.934891754932197
103 0.9350578804252608
104 0.9353868694197682
105 0.9357050427439437
106 0.9361993435296999
107 0.9364074051064936
108 0.9366197084415128
109 0.9367098698101084
110 0.9367956867681839
111 0.9368911679245137
112 0.9369608620648513
113 0.9369647990299335
114 0.93698021707818
115 0.9371566566709266
116 0.9374339753392598
117 0.9375884873819428
118 0.9378485122790411
119 0.9378979087124347
120 0.9381132607927152
121 0.93827229745537
122 0.9383857473104537
123 0.9384132787476547
124 0.9384189232144111
125 0.9386144892423217
126 0.9386144892423217
127 0.9386943655235948
128 0.9387413223138279
129 0.9388680905585801
130 0.9388680905585801
131 0.9389623625062399
132 0.9390141457881395
133 0.9392504444223578
134 0.9392504444223578
135 0.9392741832090559
136 0.9392741832090559
137 0.9392938374416082
138 0.939355617324907
139 0.9393706718688868
140 0.9394186490789604
141 0.9394186490789604
142 0.939489850187983
143 0.9394945735561394
144 0.9394945735561394
145 0.9395366824935721
146 0.9395366824935721
147 0.9395366824935721
148 0.9395893286286032
149 0.9395920092720176
150 0.9395927762216065
151 0.9396528296633433
152 0.9396656353546167
153 0.9396656353546167
154 0.9396656353546167
155 0.9396977042635264
156 0.9396977042635264
157 0.939709902495583
158 0.9397279678678524
159 0.9397279678678524
160 0.939735394280483
161 0.9397718647791834
162 0.9397718647791834
163 0.9397736415292091
164 0.9397912955922626
165 0.9397922287519008
166 0.9397966152387021
167 0.9397989621871794
168 0.9398296326608785
169 0.939834237668059
170 0.9398510823567842
171 0.9398510823567842
172 0.9398510823567842
173 0.9398600281988923
174 0.9398682529167904
175 0.9398732415507572
176 0.9398896697117538
177 0.9399000934859147
178 0.9399202274388324
179 0.9399202274388324
180 0.9399202274388324
181 0.9399390797956929
182 0.9399390797956929
183 0.9399390797956929
184 0.939943307417659
185 0.9399508180003364
186 0.9399641195309865
187 0.9399750102058197
188 0.9399905517269908
189 0.9399905517269908
190 0.9399905517269908
191 0.9399905517269908
192 0.9399948157475537
193 0.9400047122412772
194 0.9400070390097612
195 0.9400196066254058
196 0.9400209053693107
197 0.9400209053693107
198 0.9400209053693107
199 0.9400269358257237
200 0.9400269358257237
201 0.9400404898214842
202 0.9400468225530558
203 0.9400532675901468
204 0.9400605781640535
205 0.9400709305684872
206 0.9400709305684872
207 0.9400709305684872
208 0.9400730534969326
209 0.940088467232194
210 0.940088467232194
211 0.9400897416451742
212 0.9400897416451742
213 0.9400951968226289
214 0.9401022375293588
215 0.9401023622308375
216 0.9401061074519749
217 0.9401108287651795
218 0.9401114833763212
219 0.9401175039265474
220 0.9401229508530652
221 0.9401270457448343
222 0.9401270457448343
223 0.9401326315834388
224 0.9401560610874532
225 0.9401560610874532
226 0.9401560610874532
227 0.9401560610874532
228 0.9401592102693542
229 0.9401592102693542
230 0.9401592102693542
231 0.9401592102693542
232 0.9401615093989285
233 0.9401664127199212
234 0.9401678386208705
235 0.9401697281808359
236 0.9401764503734068
237 0.9401802321580103
238 0.940181430313981
239 0.9401865183838998
240 0.9401891541981378
241 0.9401891541981378
242 0.940196826161921
243 0.940196826161921
244 0.9401995892304995
245 0.9402030147282815
246 0.9402067123091056
247 0.9402067123091056
248 0.9402098642541926
249 0.9402142561943886
250 0.9402158703196036
251 0.9402158703196036
252 0.9402168410213165
253 0.94021713741108
254 0.9402236590062606
255 0.9402294082469824
256 0.9402357026290896
257 0.9402357026290896
258 0.9402357026290896
259 0.9402491310974295
260 0.9402491310974295
261 0.9402491310974295
262 0.9402491310974295
263 0.9402491310974295
264 0.9402491310974295
265 0.9402500331906206
266 0.9402500331906206
267 0.9402500331906206
268 0.9402544847793092
269 0.9402565304047192
270 0.9402565304047192
271 0.9402565304047192
272 0.9402578132881467
273 0.9402614875146247
274 0.9402614875146247
275 0.9402643663002652
276 0.9402643663002652
277 0.9402678166256684
278 0.9402678166256684
279 0.9402688230041647
280 0.9402695434799575
281 0.9402695434799575
282 0.9402721224841147
283 0.9402721224841147
284 0.9402732547224691
285 0.9402733630135648
286 0.9402763318213541
287 0.9402884832060396
288 0.9402884832060396
289 0.9402884832060396
290 0.9402884832060396
291 0.9402884832060396
292 0.9402884832060396
293 0.9402928694079072
294 0.9402928694079072
295 0.9402967793118611
296 0.9402967793118611
297 0.9402967793118611
298 0.9402967793118611
299 0.9402969954858901
300 0.9402981566850469
301 0.9403005306722348
302 0.9403005306722348
303 0.9403043686423028
304 0.9403043686423028
305 0.9403043686423028
306 0.9403043686423028
307 0.9403043686423028
308 0.9403051812769937
309 0.9403103260270149
310 0.9403103260270149
311 0.9403103260270149
312 0.9403131941049859
313 0.9403131941049859
314 0.940316397328845
315 0.940316397328845
316 0.9403192529233262
317 0.9403192529233262
318 0.9403192529233262
319 0.9403192529233262
320 0.9403197372707063
321 0.9403197372707063
