000 0.12065212146163277
001 0.12065212146163277
002 0.2191481267375649
003 0.30976599226041235
004 0.33523421709315293
005 0.4165498159274746
006 0.5263315358145366
007 0.5352121615484113
008 0.6275803413603401
009 0.6351492802406019
010 0.7111056510374081
011 0.7111056510374081
012 0.767815526941725
013 0.7881456375870292
014 0.7898563084881894
015 0.8214166725239753
016 0.8214166725239753
017 0.8538848366733889
018 0.8552514548132056
019 0.8642228103465092
020 0.8658502255972818
021 0.8663823994873466
022 0.8673603669659505
023 0.8681051535375717
024 0.8686037963538553
025 0.8686037963538553
026 0.8686037963538553
027 0.8686037963538553
028 0.8725273892002935
029 0.8725273892002935
030 0.8725273892002935
031 0.8725273892002935
032 0.8725273892002935
033 0.8725273892002935
034 0.8743548167393046
035 0.8743548167393046
036 0.8743548167393046
037 0.8743548167393046
038 0.8889976576307745
039 0.8889976576307745
040 0.8889976576307745
041 0.8889976576307745
042 0.8889976576307745
043 0.8889976576307745
044 0.8893009791588699
045 0.8893009791588699
046 0.8893009791588699
047 0.8893009791588699
048 0.8914308282584901
049 0.892887228879309
050 0.8944839458970762
051 0.8962488938614976
052 0.8974153120724767
053 0.8988133824817893
054 0.8995649718661373
055 0.9003239274019583
056 0.9008944250716134
057 0.9017556258453499
058 0.90183435181156
059 0.9021982282963237
060 0.9023840834760135
061 0.9024219735083977
062 0.9024335849909705
063 0.9024449969897828
064 0.9029678341694349
065 0.9029678341694349
066 0.9029923535864625
067 0.9042095518512857
068 0.9049283885009733
069 0.9057191007524168
070 0.906451527019581
071 0.9078025694441602
072 0.9085773737938424
073 0.9086293873944049
074 0.9087922028156082
075 0.9088552800340957
076 0.9092035821688804
077 0.9092035821688804
078 0.9092384611502904
079 0.9093264444346707
080 0.9093366375420973
081 0.9093443774543025
082 0.9102546538630224
083 0.9105533459867019
084 0.9109274575593431
085 0.9114887995153526
086 0.9118218959131803
087 0.9120566581143007
088 0.9124227394022288
089 0.9125506010125625
090 0.912732144130936
091 0.9127971038940287
092 0.9128895397555499
093 0.9129463973858237
094 0.9130213081958971
095 0.9136973814136888
096 0.914261051151336
097 0.9143377119072349
098 0.9149028536457003
099 0.9152054176554678
100 0.9157944023584975
101 0.9160034685312034
102 0.9162387025458505
103 0.9166445025892762
104 0.9166445025892762
105 0.9166988913538437
106 0.9168166791653792
107 0.916874045671105
108 0.9168933027695159
109 0.9170204589087992
110 0.9172237959547609
111 0.9175734695348199
112 0.9179272534765689
113 0.9183905441079497
114 0.9187662640851624
115 0.9191164635233421
116 0.9192783967678879
117 0.9199491370736945
118 0.9199491370736945
119 0.9202610166624738
120 0.9205758164731723
121 0.9209256116360764
122 0.9209505378685006
123 0.921144463843796
124 0.9212880263160015
125 0.9214005332244068
126 0.9214961526215304
127 0.9218383482759891
128 0.9218383482759891
129 0.9220452106516934
130 0.9223792742827227
131 0.9225356400169211
132 0.9228031157633817
133 0.9231243762876978
134 0.9233471785149622
135 0.923628454471107
136 0.9239378550964491
137 0.9241650550322309
138 0.9244353610720383
139 0.9246417604589532
140 0.9248248625386052
141 0.9249070756628458
142 0.9250720872657837
143 0.9253220214380394
144 0.9255497793061706
145 0.9255681725907946
146 0.9257089588366744
147 0.9258349920189428
148 0.9259376301943236
149 0.9262308159638407
150 0.9262803467825032
151 0.9266162001760457
152 0.9267064812332921
153 0.9269324375533958
154 0.9271867675761523
155 0.9273666484387391
156 0.9277182580310567
157 0.9278444301696208
158 0.9278834773793232
159 0.9282769170972923
160 0.9284208613658536
161 0.9285407174713509
162 0.9286554488655148
163 0.9289338477588748
164 0.9291043305322558
165 0.9292381314277278
166 0.9294388007886966
167 0.9296743123653471
168 0.9297737285825343
169 0.9300101303102428
170 0.9300803580199986
171 0.9300984364691224
172 0.9303082555574814
173 0.9303667791228157
174 0.9306338141518188
175 0.9306492161180488
176 0.930814823725079
177 0.9309790768869936
178 0.9311425680442851
179 0.9311756702595831
180 0.9314301649797259
181 0.9314301649797259
182 0.9315496377927007
183 0.9317110908444055
184 0.9319207627205601
185 0.9319207627205601
186 0.93202165745094
187 0.9321263952372665
188 0.9323861991487717
189 0.9324171232542531
190 0.9324171232542531
191 0.9325956693281761
192 0.9326791016451162
193 0.9328203617669573
194 0.9329360214501571
195 0.9330284699143023
196 0.9331880394995532
197 0.9331880394995532
198 0.933353781079152
199 0.9333702111790207
200 0.9334548031462365
201 0.9335689687472534
202 0.9336216623578981
203 0.9336270799998507
204 0.9336543123537756
205 0.9338258387526952
206 0.9338258387526952
207 0.9339473440135456
208 0.9339473440135456
209 0.9340342340701266
210 0.9340342340701266
211 0.9342085488962623
212 0.9342085488962623
213 0.9342176677324162
214 0.934268391015371
215 0.9342931330885342
216 0.9343649235623005
217 0.934429307855649
218 0.9344777094580992
219 0.9344777094580992
220 0.9345879535057349
221 0.9345922412473266
222 0.9346116993181831
223 0.9347152891251952
224 0.9347286808987536
225 0.9347386246244078
226 0.9347903184885884
227 0.9348390188483849
228 0.9348767154037317
229 0.9349758944116903
230 0.9349758944116903
231 0.9349774862742838
232 0.9349973482630245
233 0.9350800441156484
234 0.9351369381076857
235 0.9351369381076857
236 0.9351445240573367
237 0.9351982847080097
238 0.9352977376091016
239 0.9352977376091016
240 0.9352985182056621
241 0.9353116820277507
242 0.9353663204440381
243 0.9353676730521899
244 0.935394134603595
245 0.9354145432229577
246 0.9354358510435097
247 0.9354531056463253
248 0.9354732515908055
249 0.9354843831464953
250 0.9355174709567695
251 0.93553285433164
252 0.935568380702872
253 0.9356226590662843
254 0.9356226590662843
255 0.935623517750653
256 0.935623517750653
257 0.9356362604193481
258 0.9356604472599689
259 0.9356814822543135
260 0.9357101508294433
261 0.9357101508294433
262 0.9357339240635072
263 0.9357407508517537
264 0.935750665570582
265 0.9357756938093539
266 0.9357825852866626
267 0.935800297222738
268 0.9358166913726951
269 0.9358389650268144
270 0.9358791906177891
271 0.9358791906177891
272 0.9358791906177891
273 0.9358817087615425
274 0.9358882484742143
275 0.9359054243433104
276 0.9359178427389107
277 0.9359311876178635
278 0.9359323389014075
279 0.9359859098240864
280 0.9359859098240864
281 0.9359859098240864
282 0.936006048292024
283 0.936006048292024
284 0.936013142539289
285 0.9360207413680941
286 0.9360332232725622
287 0.9360398013263549
288 0.9360626500864142
289 0.9360626500864142
290 0.9360758747841899
291 0.936093637460243
292 0.936093637460243
293 0.9361155624328288
294 0.9361155624328288
295 0.9361158531092397
296 0.9361252973356834
297 0.9361252973356834
298 0.9361252973356834
299 0.9361252973356834
300 0.9361409049174191
301 0.9361540702318892
302 0.9361602515988549
303 0.9361723021697964
304 0.9361723021697964
305 0.9361785912296423
306 0.9361785912296423
307 0.9361938452224845
308 0.9362207327270512
309 0.9362207327270512
310 0.9362207327270512
311 0.9362207327270512
312 0.9362222723453298
313 0.9362230945724664
314 0.9362372287231686
315 0.9362372287231686
316 0.9362441308607412
317 0.9362441308607412
318 0.9362582413016846
319 0.9362582413016846
320 0.936265705316682
321 0.9362664421542715
322 0.9362817339335734
323 0.9362817339335734
324 0.9362817339335734
325 0.9362976015068588
326 0.9362976015068588
327 0.9362976015068588
328 0.9363025005259226
329 0.9363035652626167
330 0.9363125361921673
331 0.9363125361921673
332 0.9363269283896907
333 0.9363269283896907
334 0.9363269283896907
335 0.9363369924606839
336 0.9363369924606839
337 0.9363427036942312
338 0.9363427036942312
339 0.9363456398872746
340 0.9363456398872746
341 0.9363521877405592
342 0.9363662027006284
343 0.9363662027006284
344 0.9363662027006284
345 0.9363691610209256
346 0.936369494047321
347 0.9363707413542605
348 0.9363760445964034
349 0.9363803145049494
350 0.9363895632322701
351 0.9363987908166523
352 0.9363987908166523
353 0.9363987908166523
354 0.9364021091632229
355 0.9364156293017597
356 0.9364156293017597
357 0.9364156293017597
358 0.9364214820830956
359 0.9364214820830956
360 0.9364290920815749
361 0.9364290920815749
362 0.9364290920815749
363 0.9364290920815749
364 0.9364290920815749
365 0.9364313263255155
366 0.9364321614091703
367 0.9364321614091703
368 0.9364343779549316
369 0.9364353220673988
370 0.9364361492716521
371 0.9364400402079014
372 0.9364421586319268
373 0.9364477816245942
374 0.9364480602105797
375 0.9364500082543883
376 0.9364504643166928
377 0.9364607441903366
378 0.9364607441903366
379 0.9364607441903366
380 0.9364622872834767
381 0.936465695871701
382 0.9364657561793477
383 0.9364657561793477
384 0.936475288087441
385 0.936475288087441
386 0.9364758190095642
387 0.9364767905864957
388 0.9364767905864957
389 0.9364801555089483
390 0.9364801555089483
391 0.9364860278090708
392 0.9364860278090708
393 0.9364866807252319
394 0.936489198771009
395 0.936489198771009
396 0.936489198771009
397 0.9364902569876657
398 0.9364980015611821
399 0.9364980015611821
400 0.936498594378605
401 0.936498594378605
402 0.9364996971831533
403 0.9365032263574601
404 0.9365082774351927
405 0.9365082774351927
406 0.9365082774351927
407 0.9365082774351927
408 0.9365082774351927
409 0.936511458954227
410 0.936511458954227
411 0.936511458954227
412 0.9365114904052013
413 0.9365165404324667
414 0.9365165404324667
415 0.9365165404324667
416 0.9365165404324667
417 0.936519327789442
418 0.936519327789442
419 0.9365214558853905
420 0.9365214558853905
421 0.936523827820697
422 0.936523827820697
423 0.936523827820697
424 0.936523827820697
425 0.9365270631648211
426 0.9365277589709093
427 0.9365283419117976
428 0.9365292957503787
429 0.9365292957503787
430 0.9365361562288708
431 0.9365361562288708
432 0.9365361562288708
433 0.9365361562288708
434 0.9365389143303473
435 0.9365389143303473
436 0.9365389143303473
437 0.9365389143303473
438 0.9365400136923312
439 0.9365433285402908
440 0.9365451704741229
441 0.9365451704741229
442 0.9365455070111318
443 0.9365455070111318
444 0.9365455070111318
445 0.9365455070111318
446 0.9365486305881247
447 0.9365486305881247
448 0.9365508519409064
449 0.9365511529659233
450 0.9365511529659233
451 0.9365511529659233
452 0.9365511529659233
453 0.9365511529659233
454 0.9365526736853157
455 0.9365526736853157
456 0.9365547450598425
457 0.9365562350273996
458 0.9365565187169677
459 0.9365587395553158
460 0.9365587395553158
461 0.9365587395553158
462 0.9365587395553158
463 0.9365587395553158
464 0.9365592251524975
465 0.9365592251524975
466 0.9365610952011904
467 0.9365613558655604
468 0.9365613558655604
469 0.9365627759931451
470 0.9365630230401601
471 0.9365657066643519
472 0.9365665878331049
473 0.9365665878331049
474 0.9365667542884962
475 0.9365677754414624
476 0.9365677754414624
477 0.9365698659399853
478 0.9365698659399853
479 0.9365713809986633
480 0.9365713809986633
481 0.936573027897701
482 0.936573027897701
483 0.936573140542961
484 0.936573140542961
485 0.936573140542961
486 0.9365770326272487
487 0.9365782661506169
488 0.9365782661506169
489 0.9365782661506169
490 0.9365782661506169
491 0.9365782661506169
492 0.9365782661506169
493 0.9365795608630634
494 0.9365818491975847
495 0.9365818491975847
496 0.9365818491975847
497 0.9365819257005672
498 0.9365829411916012
499 0.9365840674133499
500 0.9365845206075757
501 0.9365845206075757
502 0.9365845206075757
503 0.9365845206075757
504 0.9365874414308755
505 0.9365874414308755
506 0.9365874414308755
507 0.9365874414308755
508 0.936588673676107
509 0.936588673676107
510 0.936588673676107
511 0.9365901953676505
512 0.9365901953676505
513 0.9365906375253351
514 0.9365906375253351
515 0.9365906375253351
516 0.9365906375253351
517 0.9365906375253351
518 0.9365906375253351
519 0.9365909157133844
520 0.9365915368035531
521 0.9365936646701334
522 0.9365936646701334
523 0.9365936646701334
524 0.9365936646701334
525 0.9365936646701334
526 0.9365936646701334
527 0.9365940837756831
528 0.9365956658354817
529 0.9365956658354817
530 0.9365960827923002
531 0.9365960827923002
532 0.9365970760947746
533 0.9365970760947746
534 0.9365970760947746
535 0.9365970760947746
536 0.9365970760947746
537 0.9365970760947746
538 0.9365971973656713
539 0.9365972331620822
540 0.9365973923604163
541 0.9365973923604163
542 0.936597905916827
543 0.9365992933973124
544 0.9366001703419824
545 0.9366001703419824
546 0.9366001703419824
547 0.9366003464245756
548 0.9366003464245756
549 0.9366022343628199
550 0.9366022343628199
551 0.9366022572326488
552 0.9366032206827651
553 0.9366032206827651
554 0.9366032206827651
555 0.9366048763304208
556 0.9366048763304208
557 0.9366048763304208
558 0.9366048763304208
559 0.9366048916512649
560 0.9366048916512649
561 0.9366048916512649
562 0.9366048916512649
563 0.9366048916512649
564 0.9366058410227478
565 0.9366058410227478
566 0.9366058410227478
567 0.9366058674229686
568 0.9366062923174652
569 0.9366064096721509
570 0.9366071973916934
571 0.9366099396844787
572 0.9366099396844787
573 0.9366099396844787
574 0.9366099396844787
575 0.9366099396844787
576 0.9366099396844787
577 0.9366099396844787
578 0.9366099396844787
579 0.9366103719397145
580 0.9366103719397145
581 0.9366103719397145
582 0.9366103719397145
583 0.9366103719397145
584 0.9366116070501511
585 0.9366116070501511
586 0.9366116070501511
587 0.9366117705106268
588 0.9366117705106268
589 0.9366122850452081
590 0.9366122850452081
591 0.9366122850452081
592 0.9366122850452081
593 0.9366129687095761
594 0.9366129687095761
595 0.9366129725984984
596 0.936613566388156
597 0.936613566388156
598 0.9366140513193163
599 0.9366140513193163
600 0.9366145020840941
601 0.9366145020840941
602 0.9366145020840941
603 0.9366149713819035
604 0.9366149713819035
605 0.9366150371388684
606 0.9366151962578393
607 0.9366151962578393
608 0.9366154117518743
609 0.9366154117518743
610 0.9366154117518743
611 0.9366154986781612
612 0.9366154986781612
613 0.9366154986781612
614 0.9366160044691735
615 0.9366160044691735
616 0.9366160044691735
617 0.9366160044691735
618 0.9366173680843473
619 0.9366173680843473
620 0.9366173680843473
621 0.9366173680843473
622 0.9366173680843473
623 0.9366173680843473
624 0.9366173680843473
625 0.9366173680843473
626 0.9366173680843473
627 0.9366173680843473
628 0.9366173680843473
629 0.9366173680843473
630 0.9366173680843473
631 0.9366173680843473
632 0.9366175236766775
633 0.9366181344579538
634 0.9366181344579538
635 0.9366181344579538
636 0.9366181344579538
637 0.9366181344579538
638 0.9366181344579538
639 0.9366184080454555
640 0.9366184080454555
641 0.9366184080454555
642 0.9366186004317301
643 0.9366186004317301
644 0.9366187374106584
645 0.936619202542026
646 0.936619202542026
647 0.936619202542026
648 0.936619202542026
649 0.936619202542026
650 0.93661993703893
651 0.93661993703893
652 0.93661993703893
653 0.93661993703893
654 0.93661993703893
655 0.93661993703893
656 0.9366200145457116
657 0.9366208161680357
658 0.9366208161680357
659 0.9366208161680357
660 0.9366208161680357
661 0.9366208161680357
662 0.9366208161680357
663 0.9366208161680357
664 0.9366208161680357
665 0.93662089068805
666 0.93662089068805
667 0.93662089068805
668 0.93662089068805
669 0.93662089068805
670 0.9366220259013325
671 0.9366220259013325
672 0.9366220259013325
673 0.9366220259013325
674 0.9366220259013325
675 0.9366220259013325
676 0.9366220259013325
677 0.9366220259013325
678 0.9366220259013325
679 0.9366220259013325
680 0.9366220259013325
681 0.9366220259013325
682 0.9366224658609771
683 0.9366224658609771
684 0.9366224658609771
685 0.9366224658609771
686 0.9366224658609771
687 0.9366226681822424
688 0.9366229047677134
689 0.9366229047677134
690 0.9366229047677134
691 0.9366229047677134
692 0.9366229047677134
693 0.9366231169749517
694 0.9366231169749517
695 0.9366231169749517
696 0.9366234774619427
697 0.9366234774619427
698 0.9366234774619427
699 0.9366234774619427
700 0.9366235881165106
701 0.9366235881165106
702 0.9366235881165106
703 0.9366235881165106
704 0.9366241656782107
705 0.9366241656782107
706 0.9366241656782107
707 0.9366241656782107
708 0.9366241990555696
709 0.9366241990555696
710 0.9366241990555696
711 0.936624242105435
712 0.9366246514467768
713 0.9366246514467768
714 0.9366246514467768
715 0.9366246514467768
716 0.9366246514467768
717 0.9366246514467768
718 0.9366246514467768
719 0.9366246514467768
720 0.9366246514467768
721 0.9366246514467768
722 0.936624770714376
723 0.936624770714376
724 0.936624770714376
725 0.9366251509718095
726 0.9366251509718095
727 0.9366251509718095
728 0.9366251509718095
729 0.9366251509718095
730 0.9366251509718095
731 0.9366252875449851
732 0.9366252875449851
733 0.9366253227324425
734 0.9366257035244036
735 0.9366258016025026
736 0.9366258016025026
737 0.9366261952204635
738 0.9366261952204635
739 0.9366261952204635
740 0.9366261952204635
741 0.9366261952204635
742 0.9366261952204635
743 0.9366261952204635
744 0.9366261952204635
745 0.9366261952204635
746 0.9366261952204635
747 0.9366261952204635
748 0.9366262800656461
749 0.9366262942573148
750 0.9366262942573148
751 0.9366263263061204
752 0.9366263263061204
753 0.9366263755214778
754 0.9366271249334153
755 0.9366271249334153
756 0.9366271249334153
757 0.9366271249334153
758 0.9366271249334153
759 0.9366271249334153
760 0.9366271249334153
761 0.9366271249334153
762 0.9366271249334153
763 0.9366271249334153
764 0.9366271942671499
765 0.9366274088428103
766 0.9366274088428103
767 0.9366274088428103
768 0.9366274088428103
769 0.9366274088428103
770 0.9366274088428103
771 0.9366274088428103
772 0.9366274088428103
773 0.9366275548975083
774 0.9366277904975073
775 0.9366277904975073
776 0.9366277904975073
777 0.9366277904975073
778 0.9366277904975073
779 0.9366279502743875
780 0.9366279502743875
781 0.9366282501054156
782 0.9366282501054156
783 0.9366282501054156
784 0.9366282501054156
785 0.9366282501054156
786 0.9366282501054156
787 0.9366282501054156
788 0.9366282501054156
789 0.9366282501054156
790 0.9366282501054156
791 0.9366283271602844
792 0.9366283271602844
793 0.9366283271602844
794 0.9366284558616301
795 0.9366284558616301
796 0.9366284558616301
797 0.9366284558616301
798 0.9366284799387967
799 0.9366284799387967
800 0.9366284799387967
801 0.936628940839861
802 0.936628940839861
803 0.9366289436698505
804 0.9366290590202613
805 0.9366292497578638
806 0.9366292497578638
807 0.9366292497578638
808 0.9366292497578638
809 0.9366292497578638
810 0.9366292497578638
811 0.9366295239213966
812 0.9366295239213966
813 0.9366295239213966
814 0.9366295239213966
815 0.9366295239213966
816 0.936630082437309
817 0.936630082437309
818 0.936630082437309
819 0.936630082437309
820 0.936630082437309
821 0.936630082437309
822 0.936630082437309
823 0.936630082437309
824 0.936630082437309
825 0.936630082437309
826 0.936630082437309
827 0.936630082437309
828 0.936630082437309
829 0.936630082437309
830 0.936630082437309
831 0.936630082437309
832 0.936630082437309
833 0.936630082437309
834 0.936630082437309
835 0.936630082437309
836 0.936630082437309
