000 0.10383130371745546
001 0.18779992614493457
002 0.22269178077897708
003 0.3302125735027947
004 0.36634136002451767
005 0.41824984930477427
006 0.48685103930135676
007 0.5990155656983271
008 0.7125821708950358
009 0.7188086862974147
010 0.741960872317758
011 0.7858910462820358
012 0.7923495983678464
013 0.8143345260639284
014 0.8347791581063393
015 0.8522968922617967
016 0.8798417767424684
017 0.8901360924373376
018 0.894212930803776
019 0.8991108358649298
020 0.9061717925072875
021 0.9070145642571343
022 0.9098224840409799
023 0.9114466235847263
024 0.9119654361106352
025 0.9122294255336719
026 0.9122556127312396
027 0.9122556127312396
028 0.9126996198544006
029 0.9126996198544006
030 0.9126996198544006
031 0.9126996198544006
032 0.9126996198544006
033 0.9145618828632717
034 0.9157329280314604
035 0.9167852614111789
036 0.918347589316947
037 0.9195869006814889
038 0.9199453933892681
039 0.9208189147397352
040 0.921170915337419
041 0.9213662896938614
042 0.9218046762304429
043 0.921890419151129
044 0.9219008310867037
045 0.921921616126654
046 0.9219328936406085
047 0.9222354936961129
048 0.9222354936961129
049 0.9229053800416617
050 0.9239597036224209
051 0.9245790277520973
052 0.9254778696445763
053 0.9269368441990369
054 0.927231844313713
055 0.9274433615765174
056 0.9274433615765174
057 0.9276183630471871
058 0.927788333090403
059 0.927823328608738
060 0.927823328608738
061 0.9278612043910903
062 0.9278682742105403
063 0.9281566107775195
064 0.9285510543884152
065 0.9287715002294383
066 0.9290645323530594
067 0.9293240730208366
068 0.9295577166612159
069 0.9299296098315322
070 0.930066163314712
071 0.9302500689862043
072 0.9303790622725887
073 0.9304983735834327
074 0.9305442271700284
075 0.9305845992903002
076 0.9306987246098583
077 0.9306987246098583
078 0.9306987246098583
079 0.9307508678645122
080 0.930795742021151
081 0.930795742021151
082 0.9307989916339503
083 0.9308165144032218
084 0.9308387992210525
085 0.9308711516336703
086 0.9308813663145995
087 0.9309000133182694
088 0.9309000133182694
089 0.9309000133182694
090 0.9309054217358795
091 0.9309167565327249
092 0.9309181453853331
093 0.9309181453853331
094 0.9309318364794844
095 0.930937928513227
096 0.9309403678022617
097 0.9309587787269871
098 0.9309621691087607
099 0.9309639624417854
100 0.9309778188324755
101 0.9309778188324755
102 0.9309898002694612
103 0.9309898002694612
104 0.9309898002694612
105 0.9309898002694612
106 0.9309914271810273
107 0.9309970665786298
108 0.9309970665786298
109 0.9310009595324122
110 0.9310009595324122
111 0.9310040714319205
112 0.9310085296606327
113 0.9310085296606327
114 0.9310105076446266
115 0.9310105076446266
116 0.9310105076446266
117 0.9310169925705553
118 0.9310169925705553
119 0.9310169925705553
120 0.9310170130105984
121 0.9310185703368234
122 0.931026019139668
123 0.931026019139668
124 0.931026019139668
125 0.9310280384199573
126 0.9310280384199573
127 0.9310280384199573
128 0.9310301462330433
129 0.9310314834010721
130 0.9310365356907985
131 0.9310419006036815
132 0.9310419006036815
133 0.9310419006036815
134 0.9310419006036815
135 0.9310419006036815
136 0.931042033350041
137 0.9310454428983902
138 0.9310455906452664
139 0.9310455906452664
140 0.9310455906452664
141 0.9310455906452664
142 0.931049895811372
143 0.931049895811372
144 0.931049895811372
145 0.931049895811372
146 0.9310544218604141
147 0.9310544218604141
148 0.9310544218604141
149 0.9310569664184352
150 0.9310594326196163
151 0.9310594326196163
152 0.9310594326196163
153 0.9310594326196163
154 0.9310629764065432
155 0.9310629764065432
156 0.9310651030727688
157 0.9310670501925521
158 0.9310706018024641
159 0.9310706018024641
160 0.9310706018024641
161 0.9310706018024641
162 0.9310712478584944
163 0.9310733906470516
164 0.9310750506879525
165 0.9310763950714774
166 0.9310777238810889
167 0.9310777238810889
168 0.9310780591665335
169 0.9310780591665335
170 0.9310845113058375
171 0.9310845113058375
172 0.9310845113058375
173 0.9310845113058375
174 0.9310845113058375
175 0.9310845113058375
176 0.9310845113058375
177 0.9310845113058375
178 0.9310861145620226
179 0.9310861145620226
180 0.9310861145620226
181 0.9310909411443644
182 0.9310909411443644
183 0.9310909411443644
184 0.9310909411443644
185 0.9310909411443644
186 0.9310909411443644
187 0.9310909411443644
188 0.9310909411443644
189 0.9310936469461231
190 0.9310936469461231
191 0.9310936469461231
192 0.9310946067801947
193 0.9310967912845588
194 0.9310967912845588
195 0.9310967912845588
196 0.9310967912845588
197 0.9310967912845588
198 0.9310985692049469
199 0.9310991632123566
200 0.9311001293805424
201 0.9311001293805424
202 0.9311001293805424
203 0.9311001293805424
204 0.9311014220574441
205 0.9311014220574441
206 0.931102649610388
207 0.931102649610388
208 0.931102649610388
209 0.9311034415784883
210 0.9311048969320435
211 0.931106930466821
212 0.931106930466821
213 0.931106930466821
214 0.931106930466821
215 0.931106930466821
216 0.931106930466821
217 0.9311070022490702
218 0.9311085977198896
219 0.9311085977198896
220 0.9311085977198896
221 0.9311085977198896
222 0.9311085977198896
223 0.9311089146129048
224 0.931110720524636
225 0.931110720524636
226 0.9311107683241053
227 0.9311132105606243
228 0.9311132105606243
229 0.9311132105606243
230 0.9311132105606243
231 0.9311132105606243
232 0.9311132105606243
233 0.9311148927858705
234 0.9311148927858705
235 0.9311148927858705
236 0.9311148927858705
237 0.9311150288440152
238 0.9311150288440152
239 0.9311150288440152
240 0.9311150288440152
241 0.9311150288440152
242 0.9311164285364704
243 0.9311164285364704
244 0.9311177367398337
245 0.9311177367398337
246 0.9311177367398337
247 0.9311177367398337
248 0.9311177367398337
249 0.9311177367398337
250 0.9311193432225153
251 0.9311193432225153
252 0.9311193432225153
253 0.9311193432225153
254 0.9311193432225153
255 0.9311214597156052
256 0.9311214597156052
257 0.9311221192916578
258 0.9311221192916578
259 0.9311221192916578
260 0.9311223532729993
261 0.9311223532729993
262 0.9311223532729993
263 0.9311231234247889
264 0.9311231234247889
265 0.9311231234247889
266 0.9311231234247889
267 0.9311231234247889
268 0.9311231234247889
269 0.9311231234247889
270 0.9311233161188187
271 0.931124199507005
272 0.931124199507005
273 0.9311258583635273
274 0.9311258583635273
275 0.9311258583635273
276 0.9311258583635273
277 0.9311259418618253
278 0.9311259418618253
279 0.9311265257263219
280 0.9311269104264004
281 0.9311269104264004
282 0.9311269104264004
283 0.9311269104264004
284 0.9311269104264004
285 0.9311269104264004
286 0.9311269104264004
287 0.9311269104264004
288 0.9311269104264004
289 0.9311290006331966
290 0.9311290006331966
291 0.9311290006331966
292 0.9311290006331966
293 0.9311290006331966
294 0.9311290006331966
295 0.9311290006331966
296 0.9311290006331966
297 0.9311290006331966
298 0.9311290006331966
299 0.9311294817260665
300 0.9311294817260665
301 0.9311295134759452
302 0.9311295134759452
303 0.9311295134759452
304 0.9311295822506287
305 0.9311307242076599
306 0.9311307242076599
307 0.931131077832281
308 0.931131077832281
309 0.931131077832281
310 0.931131077832281
311 0.9311316229958659
312 0.9311316229958659
313 0.9311316229958659
314 0.9311316229958659
315 0.9311316229958659
316 0.9311316229958659
317 0.9311317259318348
318 0.9311317259318348
319 0.9311317259318348
320 0.9311317259318348
321 0.9311317259318348
322 0.9311317259318348
323 0.9311317259318348
324 0.931131880564655
325 0.9311322388818487
326 0.9311322388818487
327 0.9311322388818487
328 0.9311327890589622
329 0.9311327890589622
330 0.9311327890589622
331 0.9311328703060794
332 0.9311334324645127
333 0.9311334324645127
334 0.9311334324645127
335 0.9311341602692588
336 0.9311341602692588
337 0.9311341602692588
338 0.9311349541080345
339 0.9311349541080345
340 0.9311349541080345
341 0.9311351532892717
342 0.9311351532892717
343 0.9311351532892717
344 0.9311351532892717
345 0.9311351532892717
346 0.9311353402981143
347 0.9311353402981143
348 0.9311353402981143
349 0.9311353402981143
350 0.9311353402981143
351 0.9311358810938403
352 0.9311358810938403
353 0.9311358810938403
354 0.9311358810938403
355 0.9311358810938403
356 0.9311360267703448
357 0.9311363460778709
358 0.9311363460778709
359 0.931137728411428
360 0.931137728411428
361 0.931137728411428
362 0.931137728411428
363 0.931137728411428
364 0.931137728411428
365 0.931137728411428
366 0.931137728411428
367 0.931137728411428
368 0.9311388835999088
369 0.9311388835999088
370 0.9311388835999088
371 0.9311388835999088
372 0.9311388835999088
373 0.9311388835999088
374 0.9311388835999088
375 0.9311388835999088
376 0.9311388835999088
377 0.9311388835999088
378 0.9311390998108482
379 0.9311390998108482
380 0.9311390998108482
381 0.9311390998108482
382 0.9311390998108482
383 0.9311390998108482
384 0.9311405776811289
385 0.9311405776811289
386 0.9311405776811289
387 0.9311405776811289
388 0.9311405776811289
389 0.9311405776811289
390 0.9311409587243246
391 0.9311409587243246
392 0.9311409587243246
393 0.9311409587243246
394 0.9311409587243246
395 0.9311411494807176
396 0.9311411494807176
397 0.9311411494807176
398 0.9311411494807176
399 0.9311411494807176
400 0.9311411494807176
401 0.9311411494807176
402 0.9311418868909034
403 0.9311418868909034
404 0.931142144154457
405 0.9311424520305087
406 0.9311424520305087
407 0.9311424520305087
408 0.9311424520305087
409 0.9311424520305087
410 0.9311424520305087
411 0.9311424520305087
412 0.9311424987633212
413 0.9311424987633212
414 0.9311427525660894
415 0.9311427525660894
416 0.9311427525660894
417 0.9311427525660894
418 0.9311427525660894
419 0.9311427525660894
420 0.9311427525660894
421 0.9311427728286336
422 0.9311427728286336
423 0.9311434386419932
424 0.9311434386419932
425 0.9311434386419932
426 0.9311434386419932
427 0.9311436546446311
428 0.9311436546446311
429 0.9311438830920803
430 0.9311438830920803
431 0.9311438830920803
432 0.9311438830920803
433 0.9311438830920803
434 0.9311438830920803
435 0.9311441698392835
436 0.9311441698392835
437 0.9311441698392835
438 0.9311441698392835
439 0.9311441698392835
440 0.9311444679790999
441 0.9311445534599017
442 0.9311445534599017
443 0.9311445534599017
444 0.9311445534599017
445 0.9311445534599017
446 0.9311445534599017
447 0.9311445534599017
448 0.9311445534599017
449 0.9311451203018426
450 0.9311451203018426
451 0.9311451203018426
452 0.9311451203018426
453 0.9311451203018426
454 0.9311451203018426
455 0.9311451203018426
456 0.9311451203018426
457 0.9311451472574086
458 0.9311451472574086
459 0.9311451472574086
460 0.9311451472574086
461 0.9311451472574086
462 0.9311451472574086
463 0.9311451472574086
464 0.9311451472574086
465 0.9311452961249935
466 0.9311452961249935
467 0.9311452961249935
468 0.9311456287160668
469 0.9311456287160668
470 0.9311456287160668
471 0.9311460468810043
472 0.9311460468810043
473 0.9311461653679506
474 0.9311461653679506
475 0.9311461653679506
476 0.9311461653679506
477 0.9311461653679506
478 0.9311461653679506
479 0.9311461653679506
480 0.9311461653679506
481 0.9311468784405771
482 0.9311468784405771
483 0.9311468784405771
484 0.9311468784405771
485 0.9311468784405771
486 0.9311468784405771
487 0.9311468784405771
488 0.9311468784405771
489 0.9311469636011288
490 0.9311469812968244
491 0.9311469812968244
492 0.9311469812968244
493 0.9311469812968244
494 0.9311471811138509
495 0.9311471811138509
496 0.9311472822155364
497 0.9311473631916051
498 0.9311473631916051
499 0.9311473631916051
500 0.9311473631916051
501 0.9311473631916051
502 0.9311473631916051
503 0.9311473631916051
504 0.9311473631916051
505 0.9311478296373259
506 0.9311478296373259
507 0.9311478296373259
508 0.9311478296373259
509 0.9311478296373259
510 0.9311478296373259
511 0.9311478296373259
512 0.9311478296373259
513 0.9311482212154254
514 0.9311482212154254
515 0.9311482212154254
516 0.9311482212154254
517 0.9311482212154254
518 0.9311482212154254
519 0.9311482212154254
520 0.9311482212154254
521 0.9311482212154254
522 0.9311483081096279
523 0.9311483081096279
524 0.9311483081096279
525 0.9311483470602024
526 0.9311486139215706
527 0.9311486139215706
528 0.9311486139215706
529 0.9311486139215706
530 0.9311486139215706
531 0.9311486139215706
532 0.9311486139215706
533 0.9311486139215706
534 0.9311486139215706
535 0.9311486139215706
536 0.9311486139215706
537 0.9311486139215706
538 0.9311486139215706
539 0.9311486944238538
540 0.9311486944238538
541 0.9311486944238538
542 0.9311486944238538
543 0.931148777349761
544 0.931149045490771
545 0.931149045490771
546 0.931149045490771
547 0.931149045490771
548 0.931149045490771
549 0.931149045490771
550 0.931149045490771
551 0.931149045490771
552 0.931149045490771
553 0.9311490491417328
554 0.9311490491417328
555 0.9311490491417328
556 0.9311490491417328
557 0.9311492113019411
558 0.9311492113019411
559 0.9311492113019411
560 0.9311492113019411
561 0.9311492113019411
562 0.9311492113019411
563 0.9311492113019411
564 0.9311492113019411
565 0.9311495735368527
566 0.9311495735368527
567 0.9311495735368527
568 0.9311495735368527
569 0.9311495735368527
570 0.9311495735368527
571 0.9311495735368527
572 0.9311495735368527
573 0.9311495735368527
574 0.9311495735368527
575 0.9311495735368527
576 0.9311495735368527
577 0.931149771277656
578 0.931149771277656
579 0.931149771277656
580 0.931149771277656
581 0.9311499594236786
582 0.9311499594236786
583 0.9311499594236786
584 0.9311499594236786
585 0.9311499594236786
586 0.9311508167990503
587 0.9311508167990503
588 0.9311508167990503
589 0.9311508167990503
590 0.9311508167990503
591 0.9311508167990503
592 0.9311508167990503
593 0.9311508167990503
594 0.9311508167990503
595 0.9311508167990503
596 0.9311508167990503
597 0.9311508167990503
598 0.9311508167990503
599 0.9311508167990503
600 0.9311508167990503
601 0.9311508167990503
602 0.9311508167990503
603 0.9311508167990503
604 0.9311508167990503
605 0.9311508167990503
606 0.9311508167990503
