000 0.09474193984037176
001 0.13803118342344392
002 0.16554955454387127
003 0.25000007637451116
004 0.3184372904882089
005 0.490210331635119
006 0.490210331635119
007 0.490210331635119
008 0.5805290774797192
009 0.6129097695579048
010 0.6533505030090956
011 0.7182741531171835
012 0.7407315683196556
013 0.7627451929436375
014 0.8114838328571319
015 0.8281190521339328
016 0.8574955919251068
017 0.8574955919251068
018 0.8653716155695437
019 0.8653716155695437
020 0.8673696105540832
021 0.8673696105540832
022 0.8673963046292419
023 0.8673963046292419
024 0.8689872341021796
025 0.8690143661804296
026 0.8698667849313166
027 0.870602310210333
028 0.8712942293733587
029 0.8712942293733587
030 0.8712942293733587
031 0.8712942293733587
032 0.8739058463323858
033 0.8739058463323858
034 0.8739058463323858
035 0.8749881381494513
036 0.8749881381494513
037 0.8751063335880779
038 0.8751063335880779
039 0.8760574047398584
040 0.8762630346074316
041 0.8762659306615089
042 0.8765896447412915
043 0.8819192564081693
044 0.8819192564081693
045 0.8819873041827789
046 0.883097517639505
047 0.8831077658196851
048 0.8831077658196851
049 0.8846630807045496
050 0.8850534265947022
051 0.8850589534933859
052 0.8850589534933859
053 0.8850589534933859
054 0.8850589534933859
055 0.8850589534933859
056 0.8872397636138947
057 0.8872397636138947
058 0.8872397636138947
059 0.8875857684776758
060 0.8877040019739286
061 0.8880577709002626
062 0.888170356595617
063 0.8921009763027937
064 0.8926807066708777
065 0.89342726469607
066 0.894084156244533
067 0.8944574965332198
068 0.8947988839556396
069 0.8951472889338896
070 0.8953147670561902
071 0.8953147670561902
072 0.8953147670561902
073 0.8953147670561902
074 0.8953147670561902
075 0.8953147670561902
076 0.8990819367567218
077 0.9008083523728286
078 0.9039651208349285
079 0.9062223684924615
080 0.9071698593073257
081 0.9084313552869128
082 0.9093385452361598
083 0.9098699949584323
084 0.9101288111138046
085 0.9101614538873485
086 0.9111796574954774
087 0.911487279246291
088 0.9132210177894522
089 0.9134394623101834
090 0.9140841850963423
091 0.9145033204972283
092 0.9146884103032326
093 0.9146884103032326
094 0.9146884103032326
095 0.9146884103032326
096 0.9146884103032326
097 0.9146884103032326
098 0.9151872673994769
099 0.9151872673994769
100 0.9170780093749615
101 0.9181372355076156
102 0.9190106331113962
103 0.920407669297687
104 0.9216868769626398
105 0.9217080361271929
106 0.9221930978061191
107 0.9227574033407213
108 0.9229585165244073
109 0.9229781028145764
110 0.9229908307700116
111 0.9229946452667044
112 0.922995906562521
113 0.9229960572542254
114 0.9252496497942839
115 0.925856689225332
116 0.9258708837297378
117 0.9261267817836424
118 0.9262738751692671
119 0.9265331966237941
120 0.9269237854194724
121 0.9269515248225816
122 0.9270561948135265
123 0.9270703310710819
124 0.9270703310710819
125 0.9284436639135479
126 0.9287574387009236
127 0.9289937834969116
128 0.9292020556070938
129 0.9293074281482947
130 0.929452293848766
131 0.9295788901227066
132 0.9296141005226032
133 0.9296341672293817
134 0.9296354359519738
135 0.9307325157663681
136 0.9307416305307814
137 0.9308379722255181
138 0.9310638300753218
139 0.9310920185655626
140 0.9312901905204555
141 0.9316349442446941
142 0.9317968753836224
143 0.9319970009679251
144 0.9319970009679251
145 0.932158505960723
146 0.9322879357548239
147 0.9324246071873628
148 0.9327914393061207
149 0.9328294988279036
150 0.9328494423982528
151 0.9330534639105483
152 0.9330534639105483
153 0.933172730632246
154 0.9334789033129332
155 0.9334789033129332
156 0.9335054402680101
157 0.93368801820763
158 0.9337200568742433
159 0.9339845111544911
160 0.9341776189346958
161 0.9342768791347943
162 0.9344481756815406
163 0.93445791480817
164 0.9346815741865596
165 0.9346815741865596
166 0.934718919116394
167 0.9348573539972509
168 0.9348707731873206
169 0.9349157031814209
170 0.9350601510278096
171 0.935228610091385
172 0.935228610091385
173 0.935228610091385
174 0.9353319033647038
175 0.9354691425119915
176 0.9355810312493318
177 0.9357876226810142
178 0.9357876226810142
179 0.9358840619636105
180 0.9359095870919842
181 0.9360147835418898
182 0.9360373184911643
183 0.9361351342368704
184 0.9362116865764966
185 0.9362750257387183
186 0.9362932151820292
187 0.9363956122156138
188 0.9364459434399901
189 0.9364971539242832
190 0.9366098498850548
191 0.9366098498850548
192 0.9366984248766432
193 0.9368359631393798
194 0.9368665370025991
195 0.9370022319291973
196 0.9370977815747129
197 0.9372925506124854
198 0.937311824921765
199 0.9373850755600817
200 0.9375135335188948
201 0.9378356361817038
202 0.9378356361817038
203 0.9380720635441677
204 0.9380720635441677
205 0.9382258866299821
206 0.9383038607536802
207 0.9384591808381668
208 0.9385297186839939
209 0.9385317850854404
210 0.9387587801561754
211 0.9388529892627107
212 0.939056993718876
213 0.9390987133579756
214 0.9391221879806805
215 0.9391423262779718
216 0.9392815053593501
217 0.9392815053593501
218 0.9392815053593501
219 0.9393337347422969
220 0.9394123964872211
221 0.9394480114501736
222 0.9394995270309535
223 0.939530907022859
224 0.9395806412287319
225 0.9395806412287319
226 0.9395847052846318
227 0.9395872895574752
228 0.939604239754569
229 0.9396304314833603
230 0.9396407405222297
231 0.9396569454181897
232 0.9396569454181897
233 0.9396733811338005
234 0.9396806259190266
235 0.9396915001587823
236 0.9397214492053932
237 0.9397214492053932
238 0.9397214492053932
239 0.9397350786667721
240 0.9397441812574603
241 0.9397553618962282
242 0.9397793178558066
243 0.9397793178558066
244 0.9397793178558066
245 0.9397850444286913
246 0.9397958221491965
247 0.9397980701542776
248 0.9398183417969925
249 0.9398183417969925
250 0.9398183417969925
251 0.9398316312320785
252 0.939838707942907
253 0.9398388043050717
254 0.9398471619306211
255 0.9398471619306211
256 0.9398517506847895
257 0.9398592778962916
258 0.9398674950732607
259 0.939870222425474
260 0.9398789461273402
261 0.9398898794804927
262 0.9399051256694781
263 0.9399205010411439
264 0.9399205010411439
265 0.9399205010411439
266 0.9399205010411439
267 0.9399377667571379
268 0.9399530892162824
269 0.9399530892162824
270 0.9399530892162824
271 0.9399595552591928
272 0.9399661167061248
273 0.9399696200179081
274 0.9399713552575119
275 0.9399779784488718
276 0.9399858930963599
277 0.9399884743159689
278 0.9399912955719364
279 0.9399912955719364
280 0.9399931371150808
281 0.9399955804218335
282 0.9400006235176057
283 0.940000992658446
284 0.9400139966264526
285 0.9400139966264526
286 0.9400139966264526
287 0.9400157304825811
288 0.9400218564392073
289 0.9400284322323227
290 0.9400284322323227
291 0.9400315641983789
292 0.9400322300013404
293 0.9400361568034323
294 0.9400361568034323
295 0.9400361568034323
296 0.9400387204819104
297 0.940043721680437
298 0.9400452014683184
299 0.9400667355080614
300 0.9400667355080614
301 0.9400667355080614
302 0.9400667355080614
303 0.9400667355080614
304 0.9400689307979428
305 0.9400689307979428
306 0.9400689307979428
307 0.9400689307979428
308 0.9400806645763671
309 0.9400806645763671
310 0.9400806645763671
311 0.9400806645763671
312 0.9400863638924316
313 0.9400907509853356
314 0.9400944505703039
315 0.9400944505703039
316 0.9400947358144973
317 0.9401066991081204
318 0.9401069953658776
319 0.9401095450659636
320 0.9401100386271412
321 0.9401100386271412
322 0.9401117270728739
323 0.9401150682485243
324 0.9401169392515293
325 0.9401231967650312
326 0.9401231967650312
327 0.9401231967650312
328 0.9401272084828707
329 0.9401272084828707
330 0.9401293733793659
331 0.9401293733793659
332 0.940130374931751
333 0.9401324644618039
334 0.9401358929016321
335 0.9401368648477705
336 0.9401368648477705
337 0.9401368648477705
338 0.9401418108757045
339 0.940152286874005
340 0.940152286874005
341 0.940152286874005
342 0.940152286874005
343 0.940152286874005
344 0.940152286874005
345 0.940152286874005
346 0.9401555747616165
347 0.9401577901149216
348 0.9401614832350691
349 0.9401614832350691
350 0.9401630812606299
351 0.9401630812606299
352 0.9401630812606299
353 0.9401630812606299
354 0.9401674449775784
355 0.9401674449775784
356 0.9401743693946577
357 0.9401743693946577
358 0.9401743693946577
359 0.9401774328479668
360 0.9401774328479668
361 0.9401815236836306
362 0.9401815236836306
363 0.9401815236836306
364 0.940182846400433
365 0.940182846400433
366 0.940182846400433
367 0.940182846400433
368 0.9401907212454899
369 0.9401927135424705
370 0.9401927135424705
371 0.9401933947554226
372 0.9401934850911877
373 0.9401955945246997
374 0.9401955945246997
375 0.9401955945246997
376 0.9401955945246997
377 0.9401961496768901
378 0.9401961496768901
379 0.9402007755230439
380 0.9402007755230439
381 0.9402023823092264
382 0.9402023823092264
383 0.9402067818896391
384 0.9402067818896391
385 0.9402067818896391
386 0.9402067818896391
387 0.9402067818896391
388 0.9402071649771454
389 0.940208283060913
390 0.9402087708345215
391 0.9402106184508453
392 0.9402138660483124
393 0.9402138660483124
394 0.9402138660483124
395 0.9402138660483124
396 0.9402211462198827
397 0.9402211462198827
398 0.9402211462198827
399 0.9402211462198827
400 0.9402217783511666
401 0.9402235264549829
402 0.9402235264549829
403 0.9402260513402633
404 0.9402260513402633
405 0.940229583868002
406 0.940229583868002
407 0.940229583868002
408 0.940229583868002
409 0.940229583868002
410 0.9402302776741792
411 0.9402309756385131
412 0.9402309756385131
413 0.9402309756385131
414 0.9402309756385131
415 0.9402326384280949
416 0.9402329742073031
417 0.9402329742073031
418 0.9402329742073031
419 0.9402349300521442
420 0.9402357771920631
421 0.9402360256894431
422 0.9402360256894431
423 0.9402360256894431
424 0.9402364659768261
425 0.9402375359409668
426 0.9402375359409668
427 0.9402379229206218
428 0.9402385441245308
429 0.9402385441245308
430 0.9402391169222729
431 0.9402394242001192
432 0.9402394242001192
433 0.9402394453060638
434 0.9402404855209595
435 0.9402416187972584
436 0.9402416187972584
437 0.9402427897247452
438 0.9402431972728458
439 0.9402431972728458
440 0.9402431972728458
441 0.9402431972728458
442 0.9402441154536331
443 0.940244202438844
444 0.9402462890724147
445 0.9402462890724147
446 0.9402462890724147
447 0.9402462890724147
448 0.9402462890724147
449 0.9402486852579289
450 0.9402486852579289
451 0.9402486852579289
452 0.9402486852579289
453 0.9402501820682619
454 0.9402509302268229
455 0.9402509302268229
456 0.9402509302268229
457 0.9402509302268229
458 0.9402509302268229
459 0.9402516074739421
460 0.9402526664089607
461 0.9402526962121023
462 0.9402544955847713
463 0.9402549246071372
464 0.9402551907738904
465 0.9402551907738904
466 0.9402554460656384
467 0.9402562888324837
468 0.9402563574120937
469 0.9402563574120937
470 0.9402575705231679
471 0.9402601495148782
472 0.9402607142870418
473 0.9402607142870418
474 0.9402607142870418
475 0.9402607142870418
476 0.9402637345016026
477 0.9402637345016026
478 0.9402637345016026
479 0.9402639063104871
480 0.9402639063104871
481 0.9402639063104871
482 0.9402639063104871
483 0.9402665531761565
484 0.9402665531761565
485 0.9402665531761565
486 0.9402665531761565
487 0.9402665531761565
488 0.9402665531761565
489 0.9402665531761565
490 0.9402677841981989
491 0.9402689775855169
492 0.9402689775855169
493 0.9402689775855169
494 0.9402689775855169
495 0.9402689775855169
496 0.9402689775855169
497 0.9402689775855169
498 0.940269661740611
499 0.9402699909391669
500 0.9402699909391669
501 0.9402699909391669
502 0.9402699909391669
503 0.9402703536862966
504 0.9402728861692856
505 0.9402728861692856
506 0.9402728861692856
507 0.9402728861692856
508 0.9402728861692856
509 0.9402728861692856
510 0.9402728861692856
511 0.9402731774179254
512 0.9402731774179254
513 0.9402731774179254
514 0.9402731774179254
515 0.9402744391327812
516 0.9402744391327812
517 0.9402754154735653
518 0.9402754154735653
519 0.9402754154735653
520 0.9402754154735653
521 0.9402754154735653
522 0.9402754154735653
523 0.9402754154735653
524 0.9402760972916587
525 0.9402760972916587
526 0.9402762140985513
527 0.940277284386818
528 0.940277284386818
529 0.9402776859694321
530 0.9402776859694321
531 0.9402788691420848
532 0.9402841824289087
533 0.9402841824289087
534 0.9402841824289087
535 0.9402841824289087
536 0.9402841824289087
537 0.9402841824289087
538 0.9402841824289087
539 0.9402841824289087
540 0.9402841824289087
541 0.9402841824289087
542 0.9402841824289087
543 0.9402841824289087
544 0.9402841824289087
545 0.9402841824289087
546 0.9402841824289087
547 0.9402841824289087
548 0.9402845970496408
549 0.9402852465129987
550 0.9402859603697322
551 0.9402859603697322
552 0.9402859603697322
553 0.9402859603697322
554 0.9402859603697322
555 0.9402859603697322
556 0.94028682963966
557 0.94028682963966
558 0.9402869739111284
559 0.9402869739111284
560 0.9402872759268838
561 0.9402872759268838
562 0.940288185409705
563 0.9402884410396939
564 0.9402884410396939
565 0.9402886367896026
566 0.9402886367896026
567 0.9402886367896026
568 0.9402886367896026
569 0.9402893316606644
570 0.9402893316606644
571 0.9402893316606644
572 0.9402893316606644
573 0.9402893316606644
574 0.9402896310541705
575 0.9402896310541705
576 0.9402919203769837
577 0.9402919203769837
578 0.9402919203769837
579 0.9402919203769837
580 0.9402919203769837
581 0.9402919203769837
582 0.9402919203769837
583 0.9402919203769837
584 0.9402919203769837
585 0.9402920085863674
586 0.9402920085863674
587 0.9402920085863674
588 0.9402926515813886
589 0.9402926515813886
590 0.9402936804765916
591 0.9402936804765916
592 0.9402936804765916
593 0.9402936804765916
594 0.9402955779675697
595 0.9402955779675697
596 0.9402955779675697
597 0.9402955779675697
598 0.9402955779675697
599 0.9402955779675697
600 0.9402955779675697
601 0.9402958916499453
602 0.9402960859713476
603 0.9402960859713476
604 0.9402960859713476
605 0.9402960859713476
606 0.9402961284025536
607 0.9402967358454964
608 0.9402967358454964
609 0.9402982871476654
610 0.9402982871476654
611 0.9402982871476654
612 0.9402982871476654
613 0.9402982871476654
614 0.9402982871476654
615 0.940299408828328
616 0.940299408828328
617 0.940299408828328
618 0.940299408828328
619 0.940299408828328
620 0.940299408828328
621 0.9403001563367344
622 0.9403001563367344
623 0.9403001563367344
624 0.9403007215185996
625 0.9403007215185996
626 0.9403007215185996
627 0.9403007215185996
628 0.940300909656976
629 0.940300909656976
630 0.940300909656976
631 0.940300909656976
632 0.940300909656976
633 0.9403010872050817
634 0.9403010872050817
635 0.9403010872050817
636 0.9403012612694769
637 0.9403012612694769
638 0.9403012612694769
639 0.9403023382471738
640 0.9403023382471738
641 0.9403023382471738
642 0.9403025124965096
643 0.9403025124965096
644 0.9403025124965096
645 0.9403025124965096
646 0.9403025124965096
647 0.9403036173635355
648 0.9403036173635355
649 0.9403036173635355
650 0.9403036173635355
651 0.9403036173635355
652 0.9403037814226731
653 0.9403037814226731
654 0.9403037814226731
655 0.9403037814226731
656 0.9403039464375209
657 0.9403039464375209
658 0.94030476898006
659 0.94030476898006
660 0.94030476898006
661 0.94030476898006
662 0.94030476898006
663 0.94030476898006
664 0.94030476898006
665 0.9403049731493419
666 0.9403049731493419
667 0.9403049731493419
668 0.9403058369376271
669 0.9403064515773878
670 0.9403064515773878
671 0.9403064515773878
672 0.9403066767327072
673 0.9403066767327072
674 0.9403066767327072
675 0.9403066767327072
676 0.9403066767327072
677 0.9403071994191963
678 0.9403071994191963
679 0.9403071994191963
680 0.9403071994191963
681 0.9403071994191963
682 0.9403077603065583
683 0.9403077603065583
684 0.9403077603065583
685 0.9403077603065583
686 0.9403077603065583
687 0.9403077603065583
688 0.9403083733100731
689 0.94030854730736
690 0.94030854730736
691 0.94030854730736
692 0.94030854730736
693 0.94030854730736
694 0.94030854730736
695 0.94030854730736
696 0.94030854730736
697 0.94030854730736
698 0.94030854730736
699 0.94030854730736
700 0.94030854730736
701 0.94030854730736
702 0.9403086900886862
703 0.9403091734573485
704 0.9403091734573485
705 0.9403092952226995
706 0.9403095725552032
707 0.9403095965462596
708 0.9403095965462596
709 0.94030969762159
710 0.94030969762159
711 0.94030969762159
712 0.94030969762159
713 0.94030969762159
714 0.94030969762159
715 0.9403101158009917
716 0.9403101158009917
717 0.9403101158009917
718 0.9403101158009917
719 0.9403101158009917
720 0.9403101158009917
721 0.9403101158009917
722 0.9403101158009917
723 0.9403110650377383
724 0.9403110650377383
725 0.9403110650377383
726 0.9403113788317926
727 0.9403113788317926
728 0.9403113788317926
729 0.9403113788317926
730 0.9403113788317926
731 0.9403113788317926
732 0.9403113788317926
733 0.9403113788317926
734 0.9403113788317926
735 0.9403113788317926
736 0.9403113788317926
737 0.9403114548278785
738 0.9403115507696357
739 0.9403115507696357
740 0.9403122540108589
741 0.9403122540108589
742 0.9403122540108589
743 0.9403122540108589
744 0.9403122540108589
745 0.9403122540108589
746 0.9403127023172415
747 0.9403127023172415
748 0.9403127023172415
749 0.9403127023172415
750 0.9403127023172415
751 0.9403127023172415
752 0.9403129924210425
753 0.9403129924210425
754 0.9403129924210425
755 0.9403129924210425
756 0.9403129924210425
757 0.9403140828118134
758 0.9403140828118134
759 0.9403140828118134
760 0.9403140828118134
761 0.9403140828118134
762 0.9403140828118134
763 0.9403140828118134
764 0.9403140828118134
765 0.9403140828118134
766 0.940314577380362
767 0.940314577380362
768 0.940314577380362
769 0.940314577380362
770 0.940314577380362
771 0.940314577380362
772 0.940314577380362
773 0.940314577380362
774 0.940314577380362
775 0.940314577380362
776 0.940314577380362
777 0.940314723454006
778 0.940314723454006
779 0.940314723454006
780 0.940314723454006
781 0.940314723454006
782 0.940314723454006
783 0.9403151827376284
784 0.9403153584771998
785 0.9403153584771998
786 0.9403155173037381
787 0.9403155173037381
788 0.9403157011435055
789 0.9403157011435055
790 0.9403157011435055
791 0.9403157011435055
792 0.9403157011435055
793 0.9403157011435055
794 0.9403157011435055
795 0.9403157011435055
796 0.9403157011435055
797 0.9403157011435055
798 0.9403157011435055
799 0.9403157011435055
800 0.9403158166006597
801 0.9403158166006597
802 0.9403158166006597
803 0.9403158166006597
804 0.9403158166006597
805 0.9403159315948196
806 0.9403159315948196
807 0.9403159315948196
808 0.9403159315948196
809 0.9403159315948196
810 0.9403164156589292
811 0.9403164156589292
812 0.9403164156589292
813 0.9403164156589292
814 0.9403164156589292
815 0.9403164156589292
816 0.9403164156589292
817 0.9403164156589292
818 0.9403164156589292
819 0.9403164156589292
820 0.9403164156589292
821 0.9403164156589292
822 0.9403164156589292
823 0.9403164156589292
824 0.9403164156589292
825 0.9403164156589292
826 0.9403164156589292
827 0.9403164156589292
828 0.9403166306599027
829 0.9403166306599027
830 0.9403166306599027
831 0.9403166306599027
832 0.9403166306599027
833 0.9403166306599027
834 0.9403166306599027
835 0.9403166306599027
836 0.9403167413152864
837 0.9403167413152864
838 0.9403167413152864
839 0.9403169602779806
840 0.9403169602779806
841 0.9403169602779806
842 0.9403169602779806
843 0.9403169602779806
844 0.9403169602779806
845 0.9403169602779806
846 0.9403169602779806
847 0.9403169602779806
848 0.9403176595798851
849 0.9403176595798851
850 0.9403176595798851
851 0.9403176595798851
852 0.9403176595798851
853 0.9403176595798851
854 0.9403176595798851
855 0.9403176595798851
856 0.9403176595798851
857 0.9403176975053157
858 0.9403176975053157
859 0.9403179901553747
860 0.9403179901553747
861 0.9403179901553747
862 0.9403179901553747
863 0.9403179901553747
864 0.9403179901553747
865 0.9403179901553747
866 0.9403180651294673
867 0.9403180651294673
868 0.9403180651294673
869 0.9403181282692238
870 0.9403181282692238
871 0.9403181282692238
872 0.9403181282692238
873 0.9403181282692238
874 0.9403181282692238
875 0.9403184870932386
876 0.940318714170258
877 0.940318714170258
878 0.940318714170258
879 0.940318714170258
880 0.940318714170258
881 0.940318714170258
882 0.940318714170258
883 0.940319220573025
884 0.940319220573025
885 0.940319220573025
886 0.940319220573025
887 0.940319220573025
888 0.940319220573025
889 0.940319220573025
890 0.940319220573025
891 0.940319220573025
892 0.9403192838568666
893 0.9403192838568666
894 0.9403192838568666
895 0.9403192838568666
896 0.9403192944877649
897 0.9403192944877649
898 0.9403193808594629
899 0.9403193808594629
900 0.9403193808594629
901 0.9403193808594629
902 0.940319492406232
903 0.940319492406232
904 0.940319492406232
905 0.940319492406232
906 0.9403196067528202
907 0.9403196067528202
908 0.9403196067528202
909 0.9403196067528202
910 0.9403196123049903
911 0.9403197018826558
912 0.9403197018826558
913 0.9403197018826558
914 0.9403197018826558
915 0.9403197018826558
916 0.9403197018826558
917 0.9403197018826558
918 0.9403198150668235
919 0.9403198150668235
920 0.9403199687974533
921 0.940320007368761
922 0.9403200537954133
923 0.9403200537954133
924 0.9403201406903319
925 0.9403201406903319
926 0.9403201406903319
927 0.9403201406903319
928 0.9403201406903319
929 0.9403201406903319
930 0.9403201406903319
931 0.9403201406903319
932 0.9403201406903319
933 0.9403203078097971
934 0.9403203078097971
935 0.9403203078097971
936 0.9403203078097971
937 0.9403203078097971
938 0.9403203078097971
939 0.9403203078097971
940 0.9403203078097971
941 0.9403203078097971
942 0.9403204782318119
943 0.9403204782318119
944 0.9403204807829889
945 0.9403204807829889
946 0.9403204807829889
947 0.9403204807829889
948 0.9403204807829889
949 0.9403204807829889
950 0.9403208640603431
951 0.9403208640603431
952 0.9403208640603431
953 0.9403208640603431
954 0.9403208640603431
955 0.9403208640603431
956 0.940320888447714
957 0.940320888447714
958 0.940320888447714
959 0.940320888447714
960 0.940320888447714
961 0.940320888447714
962 0.940320888447714
963 0.940320888447714
964 0.940320888447714
965 0.9403211315326444
966 0.9403211315326444
967 0.9403211967344107
968 0.9403211967344107
969 0.9403211967344107
970 0.9403211967344107
971 0.9403211967344107
972 0.9403211967344107
973 0.9403211967344107
974 0.9403211967344107
975 0.9403211967344107
976 0.940321224594799
977 0.940321224594799
978 0.9403212466986557
979 0.9403212466986557
980 0.9403212545490396
981 0.9403212545490396
982 0.9403217263972847
983 0.9403217263972847
984 0.9403217263972847
985 0.9403217263972847
986 0.9403217657577004
987 0.9403217657577004
988 0.9403217657577004
989 0.9403217657577004
990 0.9403217657577004
991 0.9403217657577004
992 0.9403217657577004
993 0.9403217657577004
994 0.9403217657577004
995 0.9403217657577004
996 0.940321825077328
997 0.940321825077328
998 0.940321825077328
999 0.940321825077328
1000 0.940321825077328
1001 0.940322074464391
1002 0.940322074464391
1003 0.940322074464391
1004 0.940322074464391
1005 0.940322074464391
1006 0.940322074464391
1007 0.940322074464391
1008 0.940322074464391
1009 0.9403220787555537
1010 0.9403220787555537
1011 0.9403220787555537
1012 0.9403220787555537
1013 0.9403220787555537
1014 0.9403220787555537
1015 0.9403220787555537
1016 0.9403222177839766
1017 0.9403222177839766
1018 0.9403222177839766
1019 0.9403222177839766
1020 0.9403222177839766
1021 0.9403222177839766
1022 0.9403222177839766
1023 0.9403222177839766
1024 0.9403223074570425
1025 0.940322320715443
1026 0.940322320715443
1027 0.940322320715443
1028 0.940322320715443
1029 0.940322320715443
1030 0.940322320715443
1031 0.940322320715443
1032 0.940322320715443
1033 0.940322320715443
1034 0.940322320715443
1035 0.940322320715443
1036 0.940322320715443
1037 0.9403225085714114
1038 0.9403225085714114
1039 0.9403225085714114
1040 0.9403225085714114
1041 0.9403225085714114
1042 0.9403225085714114
1043 0.9403225085714114
1044 0.9403226056343919
1045 0.9403226401600152
1046 0.9403226401600152
1047 0.9403226401600152
1048 0.9403226401600152
1049 0.9403227902480192
1050 0.9403229682729336
1051 0.9403229930968788
1052 0.9403229930968788
1053 0.9403229930968788
1054 0.9403229930968788
1055 0.9403229930968788
1056 0.9403230028326209
1057 0.9403230028326209
1058 0.9403230028326209
1059 0.940323041876463
1060 0.940323041876463
1061 0.940323041876463
1062 0.940323041876463
1063 0.940323041876463
1064 0.940323041876463
1065 0.940323041876463
1066 0.940323041876463
1067 0.940323041876463
1068 0.9403231611808499
1069 0.9403231611808499
1070 0.9403232260407879
1071 0.9403232394786396
1072 0.9403232394786396
1073 0.9403232394786396
1074 0.9403232394786396
1075 0.9403232588199417
1076 0.9403233219805219
1077 0.9403233718417899
1078 0.9403233718417899
1079 0.9403233718417899
1080 0.9403233718417899
1081 0.9403233718417899
1082 0.9403233718417899
1083 0.9403233718417899
1084 0.9403233718417899
1085 0.9403233718417899
1086 0.9403233718417899
1087 0.9403233718417899
1088 0.9403234120158593
1089 0.9403234120158593
1090 0.9403234120158593
1091 0.9403234120158593
1092 0.9403235012719618
1093 0.9403235012719618
1094 0.9403235012719618
1095 0.9403236680781287
1096 0.9403236680781287
1097 0.9403236680781287
1098 0.9403236680781287
1099 0.9403236680781287
1100 0.9403236680781287
1101 0.9403236680781287
1102 0.9403236680781287
1103 0.9403236680781287
1104 0.9403236680781287
1105 0.940323844694077
1106 0.940323844694077
1107 0.940323844694077
1108 0.940323844694077
1109 0.940323844694077
1110 0.940323844694077
1111 0.940323844694077
1112 0.940323844694077
1113 0.940323844694077
1114 0.940323844694077
1115 0.940323844694077
1116 0.940323844694077
1117 0.940323844694077
1118 0.940323844694077
1119 0.940323844694077
1120 0.940323844694077
1121 0.9403239362051784
1122 0.9403239362051784
1123 0.9403239362051784
1124 0.9403239362051784
1125 0.9403239362051784
1126 0.9403239362660852
1127 0.9403239362660852
1128 0.9403240365811407
1129 0.9403240365811407
1130 0.9403240365811407
1131 0.9403240365811407
1132 0.9403240365811407
1133 0.9403240365811407
1134 0.9403240365811407
1135 0.9403240365811407
1136 0.9403240365811407
1137 0.9403240365811407
1138 0.9403240547149033
1139 0.9403240547149033
1140 0.9403240547149033
1141 0.9403241529953311
1142 0.9403241529953311
1143 0.940324423281143
1144 0.940324423281143
1145 0.940324423281143
1146 0.940324423281143
1147 0.940324423281143
1148 0.940324423281143
1149 0.940324423281143
1150 0.940324423281143
1151 0.940324423281143
1152 0.940324423281143
1153 0.9403244679913104
1154 0.9403244679913104
1155 0.9403244679913104
1156 0.9403244679913104
1157 0.9403244679913104
1158 0.9403244679913104
1159 0.9403244679913104
1160 0.9403244679913104
1161 0.9403245786418394
1162 0.9403245786418394
1163 0.9403245786418394
1164 0.9403248203784053
1165 0.9403248203784053
1166 0.9403248203784053
1167 0.9403248203784053
1168 0.9403248203784053
1169 0.9403248203784053
1170 0.9403248203784053
1171 0.9403248203784053
1172 0.9403248203784053
1173 0.9403248203784053
1174 0.9403248203784053
1175 0.9403248203784053
1176 0.940324844213704
1177 0.940324844213704
1178 0.9403248524820389
1179 0.9403248524820389
1180 0.9403251293800935
1181 0.9403251293800935
1182 0.9403251293800935
1183 0.9403251293800935
1184 0.9403251293800935
1185 0.9403251293800935
1186 0.9403251293800935
1187 0.9403251293800935
1188 0.9403251293800935
1189 0.9403251293800935
1190 0.9403251293800935
1191 0.9403251293800935
1192 0.9403251293800935
1193 0.9403251293800935
1194 0.9403251293800935
1195 0.940325316457473
1196 0.940325316457473
1197 0.940325316457473
1198 0.940325316457473
1199 0.940325316457473
1200 0.940325316457473
1201 0.940325316457473
1202 0.940325316457473
1203 0.940325316457473
1204 0.940325316457473
1205 0.940325316457473
1206 0.940325316457473
1207 0.940325316457473
1208 0.940325316457473
1209 0.940325316457473
1210 0.940325316457473
1211 0.9403253506988102
1212 0.9403253506988102
1213 0.9403253506988102
1214 0.9403253506988102
1215 0.9403253506988102
1216 0.9403253506988102
1217 0.9403253506988102
1218 0.9403253506988102
1219 0.9403253506988102
1220 0.9403254247118866
1221 0.9403254247118866
1222 0.9403254247118866
1223 0.9403254247118866
1224 0.9403254247118866
1225 0.9403255250241039
1226 0.9403255250241039
1227 0.9403255979329708
1228 0.9403258069046537
1229 0.9403258069046537
1230 0.9403258069046537
1231 0.9403258069046537
1232 0.9403258069046537
1233 0.9403258069046537
1234 0.9403258069046537
1235 0.9403258069046537
1236 0.9403258069046537
1237 0.9403258069046537
1238 0.9403258069046537
1239 0.9403258069046537
1240 0.9403258069046537
1241 0.9403258069046537
1242 0.9403258069046537
1243 0.9403258069046537
1244 0.9403258069046537
1245 0.9403258069046537
1246 0.9403258069046537
1247 0.9403258069046537
1248 0.9403258069046537
