000 0.2536799680026028
001 0.2536799680026028
002 0.3075271182606843
003 0.3968825983265601
004 0.4980926878338898
005 0.5554597976098687
006 0.6479372265288531
007 0.7322988728168244
008 0.7322988728168244
009 0.7831327692999385
010 0.8395475106187561
011 0.8487641993474985
012 0.8527226564593633
013 0.8723225112629964
014 0.8754434940110617
015 0.8797498420879509
016 0.8905642336783457
017 0.8940912686588708
018 0.8958434902576375
019 0.8972954502980414
020 0.9019754275106092
021 0.905236720956146
022 0.9055000867364871
023 0.9055000867364871
024 0.9059652889833689
025 0.9103871491906216
026 0.9104771499002692
027 0.9117794629659062
028 0.9117794629659062
029 0.9119671262141394
030 0.9119671262141394
031 0.9119671262141394
032 0.9119671262141394
033 0.9120727688738051
034 0.9124871553131246
035 0.9124871553131246
036 0.912555358492502
037 0.91715037059893
038 0.9175180650106717
039 0.9195920850378879
040 0.9195920850378879
041 0.9201741676841747
042 0.9205085734922116
043 0.9210368824712442
044 0.9212182819668953
045 0.9214538349290565
046 0.9216093305090705
047 0.9219025824472825
048 0.9220582760555808
049 0.9220805222113437
050 0.9220886226729388
051 0.9220886226729388
052 0.9228779685964272
053 0.9228779685964272
054 0.9234073767710904
055 0.9236632022845034
056 0.9246379343808181
057 0.9250590164003799
058 0.9255065895475345
059 0.9255859406288773
060 0.925946366789408
061 0.9262825685900155
062 0.926758559987011
063 0.9269975903676717
064 0.9271340962183924
065 0.92722870155758
066 0.9272618714856298
067 0.9272618714856298
068 0.9272854071295376
069 0.9272875262045095
070 0.9277307572521195
071 0.9282705989764575
072 0.9287987422361286
073 0.9290891471663787
074 0.9294132749166992
075 0.9297618986787655
076 0.9301011371378787
077 0.9302320274437638
078 0.9303096661446139
079 0.9305171824398473
080 0.9307418824558337
081 0.9307968250618656
082 0.930862960620298
083 0.9308677652446523
084 0.9309511452624627
085 0.9309959378647844
086 0.9311645558249277
087 0.93116800015263
088 0.9312430803450362
089 0.9312867128147849
090 0.9312867128147849
091 0.9313469100203676
092 0.9313469100203676
093 0.9313755840962983
094 0.9313958917888195
095 0.9314011070936706
096 0.9314129645158111
097 0.9314257557641604
098 0.9314257557641604
099 0.9314349500334702
100 0.9314492744360338
101 0.9314685996379433
102 0.9314685996379433
103 0.9314776635451346
104 0.9314871663173462
105 0.9315007515023332
106 0.9315007515023332
107 0.9315044262256443
108 0.9315216437540672
109 0.9315216437540672
110 0.9315220067662584
111 0.9315245206039758
112 0.9315245206039758
113 0.9315265651278264
114 0.9315265651278264
115 0.9315473868653649
116 0.9315473868653649
117 0.9315473868653649
118 0.9315473868653649
119 0.9315473868653649
120 0.9315496915802827
121 0.9315535903051002
122 0.9315547652136208
123 0.9315566798421077
124 0.9315636134495452
125 0.9315636134495452
126 0.9315636134495452
127 0.9315649339027369
128 0.9315649908626511
129 0.9315706222957928
130 0.9315812256284592
131 0.9315812256284592
132 0.9315812256284592
133 0.9315812256284592
134 0.9315812256284592
135 0.9315812256284592
136 0.9315812256284592
137 0.9315849575832713
138 0.9315849575832713
139 0.9315849575832713
140 0.9315883985777228
141 0.9315883985777228
142 0.931589271334942
143 0.931589271334942
144 0.931590021339165
145 0.9315961137012141
146 0.9316002646835456
147 0.9316002646835456
148 0.9316002646835456
149 0.9316002646835456
150 0.9316002646835456
151 0.9316002646835456
152 0.9316014349645594
153 0.9316031515109031
154 0.9316078929827802
155 0.9316078929827802
156 0.93160820129286
157 0.93160820129286
158 0.9316098357274916
159 0.9316098357274916
160 0.9316107479742944
161 0.9316125836112864
162 0.9316125836112864
163 0.9316140718868405
164 0.9316186082209491
165 0.9316186082209491
166 0.9316210621455633
167 0.9316210621455633
168 0.9316214568278898
169 0.9316214568278898
170 0.9316227022513515
171 0.9316245710635244
172 0.9316245710635244
173 0.9316245710635244
174 0.9316247416049263
175 0.9316261420837724
176 0.9316262199376374
177 0.9316317178166341
178 0.9316317178166341
179 0.9316317178166341
180 0.9316317178166341
181 0.9316317178166341
182 0.9316317178166341
183 0.9316321820420799
184 0.9316321820420799
185 0.9316326225776512
186 0.931638085505717
187 0.931638085505717
188 0.931638085505717
189 0.931638085505717
190 0.931638085505717
191 0.931638085505717
192 0.931638085505717
193 0.931638085505717
194 0.931638085505717
195 0.9316421255888504
196 0.9316421255888504
197 0.9316421255888504
198 0.9316421255888504
199 0.9316421255888504
200 0.9316421255888504
201 0.9316421255888504
202 0.9316421255888504
203 0.9316421255888504
204 0.9316427252827065
205 0.931643420462456
206 0.931643420462456
207 0.931643420462456
208 0.9316450654942869
209 0.9316450654942869
210 0.9316470548813011
211 0.9316470548813011
212 0.9316470548813011
213 0.9316470548813011
214 0.9316518838002522
215 0.9316518838002522
216 0.9316518838002522
217 0.9316518838002522
218 0.9316518838002522
219 0.9316518838002522
220 0.9316518838002522
221 0.9316518838002522
222 0.9316518838002522
223 0.9316532447752935
224 0.9316532447752935
225 0.9316534467849283
226 0.9316534467849283
227 0.93165348000443
228 0.93165348000443
229 0.931653495872237
230 0.931653495872237
231 0.9316554067477371
232 0.9316582366899605
233 0.9316582366899605
234 0.9316582366899605
235 0.9316582366899605
236 0.9316582366899605
237 0.9316582366899605
238 0.9316594376714393
239 0.9316594376714393
240 0.9316594376714393
241 0.9316609802779642
242 0.9316609802779642
243 0.9316609802779642
244 0.9316609802779642
245 0.9316609802779642
246 0.9316626557187798
247 0.9316626557187798
248 0.9316626557187798
249 0.9316626557187798
250 0.93166341913264
251 0.9316636663409712
252 0.9316636663409712
253 0.9316657544611907
254 0.9316657544611907
255 0.9316657544611907
256 0.9316657544611907
257 0.9316657544611907
258 0.9316657544611907
259 0.9316657544611907
260 0.9316657544611907
261 0.9316657544611907
262 0.9316657544611907
263 0.931666460288008
264 0.931666460288008
265 0.931666460288008
266 0.931666460288008
267 0.931666460288008
268 0.9316667879953441
269 0.9316667879953441
270 0.9316667879953441
271 0.9316673826741384
272 0.9316675011199599
273 0.9316675011199599
274 0.9316675011199599
275 0.9316685336032209
276 0.9316685336032209
277 0.9316685336032209
278 0.9316685336032209
279 0.9316688323463874
280 0.9316688323463874
281 0.9316688323463874
282 0.9316702664266038
283 0.9316702664266038
284 0.9316702664266038
285 0.9316702664266038
286 0.9316702664266038
287 0.9316702664266038
288 0.9316702664266038
289 0.9316702664266038
290 0.9316702664266038
291 0.9316702664266038
292 0.93167049695902
293 0.93167138573367
294 0.93167138573367
295 0.93167138573367
296 0.93167138573367
297 0.93167138573367
298 0.931671672009483
299 0.931671672009483
300 0.931671672009483
301 0.931671672009483
302 0.931671672009483
303 0.931671672009483
304 0.9316718153916766
305 0.9316718153916766
306 0.9316718153916766
307 0.9316718153916766
308 0.9316719015301633
309 0.9316719015301633
310 0.9316723446885233
311 0.9316723446885233
312 0.9316723446885233
313 0.9316723446885233
314 0.9316723446885233
315 0.9316723446885233
316 0.931673300165488
317 0.931673300165488
318 0.9316736326282198
319 0.9316736326282198
320 0.9316736326282198
321 0.9316736326282198
322 0.9316736326282198
323 0.9316736326282198
324 0.9316736326282198
325 0.9316736326282198
326 0.9316740357150387
327 0.9316741216232152
328 0.9316741216232152
329 0.9316741216232152
330 0.9316741216232152
331 0.9316741216232152
332 0.9316741216232152
333 0.9316741216232152
334 0.9316741216232152
335 0.9316742781443902
336 0.9316742781443902
337 0.9316742781443902
338 0.931674478788358
339 0.931674478788358
340 0.931674478788358
341 0.931674478788358
342 0.9316746964708513
343 0.9316754163969934
344 0.9316754163969934
345 0.9316754163969934
346 0.9316754163969934
347 0.9316754163969934
348 0.9316754163969934
349 0.9316754163969934
350 0.9316754163969934
351 0.9316754163969934
352 0.9316754163969934
353 0.9316756022788664
354 0.9316757250810329
355 0.9316757250810329
356 0.9316757250810329
357 0.9316757250810329
358 0.9316757250810329
359 0.931676088358533
360 0.931676088358533
361 0.931676088358533
362 0.931676088358533
363 0.931676088358533
364 0.931676088358533
365 0.931676088358533
366 0.931676088358533
367 0.931676088358533
368 0.931676088358533
369 0.931676088358533
370 0.931676088358533
371 0.931676088358533
372 0.931676088358533
373 0.931676088358533
374 0.931676088358533
375 0.931676088358533
376 0.931676088358533
377 0.9316764795227301
378 0.9316764795227301
379 0.9316764795227301
380 0.9316764813498918
381 0.9316764813498918
382 0.9316764813498918
383 0.9316764813498918
384 0.9316770311047547
385 0.9316770311047547
386 0.9316770311047547
387 0.9316770311047547
388 0.9316770311047547
389 0.9316772181794668
390 0.9316772181794668
391 0.9316775716446901
392 0.9316775716446901
393 0.9316775716446901
394 0.9316775716446901
395 0.9316775716446901
396 0.9316775716446901
397 0.9316775716446901
398 0.9316775716446901
399 0.9316775716446901
400 0.9316775716446901
401 0.9316775716446901
402 0.9316775716446901
403 0.9316775967082255
404 0.9316775967082255
405 0.9316775967082255
406 0.9316775967082255
407 0.9316776803315221
408 0.9316777036764904
409 0.9316777036764904
410 0.9316777036764904
411 0.9316777036764904
412 0.931678099574491
413 0.931678099574491
414 0.931678099574491
415 0.931678099574491
416 0.931678099574491
417 0.931678099574491
418 0.931678099574491
419 0.931678099574491
420 0.931678099574491
421 0.9316783742702786
422 0.9316783742702786
423 0.9316783742702786
424 0.9316783742702786
425 0.9316783742702786
426 0.9316784687198041
427 0.9316784687198041
428 0.9316784687198041
429 0.9316784687198041
430 0.9316784687198041
431 0.9316784740541091
432 0.9316784740541091
433 0.9316787047405496
434 0.9316787047405496
435 0.9316787047405496
436 0.9316787047405496
437 0.9316787047405496
438 0.9316787047405496
439 0.9316787047405496
440 0.9316787047405496
441 0.9316787047405496
442 0.9316787047405496
443 0.9316787047405496
444 0.9316787047405496
445 0.9316787047405496
446 0.9316787047405496
447 0.9316787047405496
448 0.9316787883009529
449 0.9316787883009529
450 0.9316787883009529
451 0.9316787883009529
452 0.9316789467834291
453 0.9316789467834291
454 0.9316789467834291
455 0.9316789467834291
456 0.9316789467834291
457 0.9316792696736023
458 0.9316792696736023
459 0.9316794145874705
460 0.9316794145874705
461 0.9316794145874705
462 0.9316794898463766
463 0.9316794898463766
464 0.9316794898463766
465 0.9316794898463766
466 0.9316794898463766
467 0.9316794898463766
468 0.9316794898463766
469 0.9316794898463766
470 0.9316794898463766
471 0.9316794898463766
472 0.9316794898463766
473 0.9316794898463766
474 0.9316796246714423
475 0.9316796246714423
476 0.9316796246714423
477 0.9316796246714423
478 0.9316796246714423
479 0.9316796246714423
480 0.9316796246714423
481 0.9316796246714423
482 0.9316796750103922
483 0.9316796750103922
484 0.9316798415856985
485 0.9316798712825445
486 0.9316798712825445
487 0.9316800606925933
488 0.9316800606925933
489 0.9316800606925933
490 0.9316802071299324
491 0.9316802071299324
492 0.9316802071299324
493 0.9316802071299324
494 0.9316802071299324
495 0.9316802071299324
496 0.9316802071299324
497 0.9316802071299324
498 0.9316804452080413
499 0.9316804452080413
500 0.9316804452080413
501 0.9316804452080413
502 0.9316804452080413
503 0.9316804452080413
504 0.9316804452080413
505 0.9316804452080413
506 0.9316804452080413
507 0.9316804452080413
508 0.9316804452080413
509 0.9316804452080413
510 0.931680731462703
511 0.931680731462703
512 0.931680731462703
513 0.931680731462703
514 0.931680731462703
515 0.931680731462703
516 0.931680731462703
517 0.931680731462703
518 0.931680731462703
519 0.931680731462703
520 0.931680731462703
521 0.931680731462703
522 0.931680731462703
523 0.931680731462703
524 0.9316809688285792
525 0.9316809688285792
526 0.9316809688285792
527 0.9316809688285792
528 0.9316809688285792
529 0.9316809688285792
530 0.9316809688285792
531 0.9316809688285792
532 0.9316809688285792
533 0.9316810177323112
534 0.9316810177323112
535 0.9316810177323112
536 0.9316810177323112
537 0.9316810177323112
538 0.9316810177323112
539 0.9316810177323112
540 0.9316811058600306
541 0.9316812212864792
542 0.9316812212864792
543 0.9316812212864792
544 0.9316812212864792
545 0.9316812212864792
546 0.9316812212864792
547 0.9316813979840258
548 0.9316813979840258
549 0.9316813979840258
550 0.931681451100252
551 0.931681451100252
552 0.931681451100252
553 0.931681451100252
554 0.931681451100252
555 0.931681451100252
556 0.9316814899320559
557 0.9316814899320559
558 0.9316814899320559
559 0.9316814899320559
560 0.9316815236961529
561 0.9316815236961529
562 0.9316815236961529
563 0.9316815236961529
564 0.9316815290257273
565 0.9316815461981982
566 0.9316815461981982
567 0.9316815461981982
568 0.9316815461981982
569 0.931681588931307
570 0.9316816321567996
571 0.9316818175351059
572 0.9316818175351059
573 0.9316818175351059
574 0.9316818175351059
575 0.9316818175351059
576 0.9316818175351059
577 0.9316818175351059
578 0.9316818175351059
579 0.9316818175351059
580 0.9316818175351059
581 0.9316818175351059
582 0.9316818175351059
583 0.9316818175351059
584 0.9316818248123879
585 0.9316820481840097
586 0.9316820481840097
587 0.9316820782284492
588 0.9316820782284492
589 0.9316820782284492
590 0.9316823815674034
591 0.9316823815674034
592 0.9316823815674034
593 0.9316823815674034
594 0.9316823815674034
595 0.9316823815674034
596 0.9316823815674034
597 0.9316823815674034
598 0.9316823815674034
599 0.9316823815674034
600 0.9316823815674034
601 0.9316823815674034
602 0.9316823815674034
603 0.9316823815674034
604 0.9316823815674034
605 0.9316823815674034
606 0.9316823815674034
607 0.9316823815674034
608 0.9316823815674034
609 0.9316824690319782
610 0.9316824690319782
611 0.9316824690319782
612 0.9316824690319782
613 0.9316824690319782
614 0.9316824690319782
615 0.9316824690319782
616 0.9316824690319782
617 0.9316824690319782
618 0.9316824690319782
619 0.9316824690319782
620 0.9316824690319782
621 0.9316824690319782
622 0.9316824690319782
623 0.9316824690319782
624 0.9316824690319782
625 0.9316825916867704
626 0.9316825916867704
627 0.9316825916867704
628 0.9316825916867704
629 0.9316825916867704
630 0.9316825916867704
631 0.9316825916867704
632 0.9316825916867704
633 0.9316827027858597
634 0.9316827027858597
635 0.9316827027858597
636 0.9316827027858597
637 0.9316827027858597
638 0.9316827027858597
639 0.9316827027858597
640 0.9316827027858597
641 0.9316827027858597
642 0.9316827027858597
643 0.9316827027858597
644 0.9316828799026011
645 0.9316828799026011
646 0.9316828799026011
647 0.931682913434238
648 0.931682913434238
649 0.931682913434238
650 0.931682913434238
651 0.931682913434238
652 0.931682913434238
653 0.931682913434238
654 0.931682913434238
655 0.931682913434238
656 0.9316830244883273
657 0.9316830244883273
658 0.9316830244883273
659 0.9316830244883273
660 0.9316830244883273
661 0.9316830244883273
662 0.9316830244883273
663 0.9316830244883273
664 0.9316830244883273
665 0.9316830244883273
666 0.9316830244883273
667 0.9316830244883273
668 0.9316830244883273
669 0.9316830244883273
670 0.9316830244883273
671 0.9316830927756272
672 0.9316830927756272
673 0.9316830927756272
674 0.9316830927756272
675 0.9316830927756272
676 0.9316830927756272
677 0.9316830927756272
678 0.9316831396558666
679 0.9316831598928937
680 0.9316831598928937
681 0.9316834018571816
682 0.9316834018571816
683 0.9316834018571816
684 0.9316834018571816
685 0.9316834018571816
686 0.9316834018571816
687 0.9316834018571816
688 0.9316834018571816
689 0.9316834018571816
690 0.9316834018571816
691 0.9316834018571816
692 0.9316834018571816
693 0.9316834018571816
694 0.9316834018571816
695 0.9316834018571816
696 0.9316834018571816
697 0.9316834018571816
698 0.9316834018571816
699 0.9316834018571816
700 0.9316834018571816
701 0.9316834018571816
