000 0.21369747043516424
001 0.2573123140514361
002 0.3275365801581826
003 0.34997550764714414
004 0.4575922380314744
005 0.48694075692218153
006 0.6115575207405776
007 0.6948461023584571
008 0.7600715926335639
009 0.776523181071953
010 0.7938883831319743
011 0.8127000299823263
012 0.8360576144254683
013 0.8642781766828475
014 0.8801616817051553
015 0.901914000922581
016 0.901914000922581
017 0.915669378176588
018 0.9184876726307781
019 0.9253951466421143
020 0.9253951466421143
021 0.9258562768552879
022 0.9259798936719292
023 0.9260112221435897
024 0.9260628893821004
025 0.9260673562831254
026 0.9260673562831254
027 0.9260673562831254
028 0.9260673562831254
029 0.9273889855845715
030 0.9278744045958051
031 0.9283436425671819
032 0.9286176891568957
033 0.9288797607567139
034 0.9289735727479108
035 0.9290019987488954
036 0.9291702768527952
037 0.9291817899587481
038 0.9291975484328475
039 0.9292009278266237
040 0.9297170784727966
041 0.9299982180630093
042 0.9304240700233125
043 0.9305972677409067
044 0.9308716644999178
045 0.9309420027134928
046 0.931158436906354
047 0.9312025467098484
048 0.931400220436606
049 0.9314613056943442
050 0.9314887285775388
051 0.9315205271532255
052 0.931548934116132
053 0.9315575887249281
054 0.9315963954247352
055 0.931639946454325
056 0.931639946454325
057 0.931639946454325
058 0.931639946454325
059 0.931646215068881
060 0.931646215068881
061 0.931657140278743
062 0.9316581189730975
063 0.9316610473563444
064 0.9316636271677851
065 0.9316636271677851
066 0.9316636271677851
067 0.9316647280641751
068 0.9316658660512449
069 0.9316697375627464
070 0.9316723937042372
071 0.9316723937042372
072 0.9316723937042372
073 0.9316742153104658
074 0.9316756290540807
075 0.9316766873722905
076 0.9316770712698211
077 0.9316770712698211
078 0.9316770712698211
079 0.9316770712698211
080 0.9316770712698211
081 0.9316781958249867
082 0.9316781958249867
083 0.9316788087681905
084 0.9316790343624254
085 0.9316802709814893
086 0.9316802709814893
087 0.9316802709814893
088 0.9316811741935026
089 0.9316811741935026
090 0.9316811741935026
091 0.9316811741935026
092 0.9316811741935026
093 0.9316811741935026
094 0.9316819735735056
095 0.9316819735735056
096 0.9316823168042748
097 0.9316823168042748
098 0.9316823168042748
099 0.9316823168042748
100 0.9316823168042748
101 0.9316823168042748
102 0.9316825389377944
103 0.9316825389377944
104 0.9316828377241994
105 0.9316829088501446
106 0.9316830909396883
107 0.9316830909396883
108 0.9316830909396883
109 0.9316834051407462
110 0.9316834051407462
111 0.9316834051407462
112 0.9316834051407462
113 0.9316834391421769
114 0.9316834391421769
115 0.9316834391421769
116 0.9316834391421769
117 0.9316834391421769
118 0.931683905861882
119 0.931683905861882
120 0.931683905861882
121 0.931683905861882
122 0.9316839400358927
123 0.9316839400358927
124 0.9316839400358927
125 0.9316839400358927
126 0.9316839573243473
127 0.9316843018160944
128 0.9316843018160944
129 0.9316843018160944
130 0.9316843018160944
131 0.9316843018160944
132 0.9316843018160944
133 0.9316843018160944
134 0.9316843018160944
135 0.9316843018160944
136 0.9316843018160944
137 0.9316843018160944
138 0.9316845801874662
139 0.9316845801874662
140 0.9316845801874662
141 0.9316845801874662
142 0.9316845801874662
143 0.9316845801874662
144 0.9316845801874662
145 0.9316845801874662
146 0.9316846652370867
147 0.9316847090750321
148 0.9316847923821073
149 0.9316847923821073
150 0.9316847923821073
151 0.9316847923821073
152 0.9316847923821073
153 0.9316847923821073
154 0.9316847923821073
155 0.9316847923821073
156 0.9316847923821073
157 0.9316848800331315
158 0.9316848800331315
159 0.9316848800331315
160 0.9316848800331315
161 0.9316848800331315
162 0.9316848800331315
163 0.9316848800331315
164 0.9316848800331315
165 0.9316848800331315
166 0.9316849498370987
167 0.9316849498370987
168 0.9316849498370987
169 0.9316849498370987
170 0.9316849498370987
171 0.9316849498370987
172 0.9316849498370987
173 0.9316849498370987
174 0.9316849498370987
175 0.9316849498370987
176 0.9316849498370987
177 0.9316849498370987
178 0.9316849498370987
179 0.9316849498370987
180 0.9316849914291305
181 0.9316849914291305
182 0.9316849914291305
183 0.9316849914291305
184 0.9316849914291305
185 0.9316849914291305
186 0.9316849914291305
187 0.9316849914291305
188 0.9316849971004716
189 0.9316849971004716
190 0.9316849971004716
191 0.9316851499285375
192 0.9316851516126605
193 0.9316851516126605
194 0.9316851516126605
195 0.9316851516126605
196 0.9316851516126605
197 0.9316851516126605
198 0.9316851516126605
199 0.9316851516126605
200 0.9316851516126605
201 0.9316851979214538
202 0.9316851979214538
203 0.9316851979214538
204 0.9316851979214538
205 0.9316851979214538
206 0.9316851979214538
207 0.9316851979214538
208 0.9316851979214538
209 0.9316851979214538
210 0.9316851979214538
211 0.9316853024437424
212 0.9316853024437424
213 0.9316853024437424
214 0.9316853024437424
215 0.9316853024437424
216 0.9316853024437424
217 0.9316853024437424
218 0.9316853024437424
219 0.9316853024437424
220 0.9316853024437424
221 0.9316853939812417
222 0.9316853939812417
223 0.9316853939812417
224 0.9316853939812417
225 0.9316853939812417
226 0.9316853939812417
227 0.9316853939812417
228 0.9316853939812417
229 0.9316853939812417
230 0.9316853939812417
231 0.9316853939812417
232 0.9316853939812417
233 0.9316853939812417
234 0.9316853939812417
235 0.9316853939812417
236 0.9316853939812417
237 0.9316853939812417
238 0.9316853939812417
239 0.9316853939812417
240 0.9316853939812417
241 0.9316853939812417
