000 0.10225141635068363
001 0.2074754685123328
002 0.2074754685123328
003 0.31757746096167677
004 0.31757746096167677
005 0.32053315775730834
006 0.45219324034220315
007 0.47226575785468705
008 0.5245316392777029
009 0.5527112573123296
010 0.582869100980084
011 0.620175007294052
012 0.6659340354841525
013 0.7247852884335175
014 0.7247852884335175
015 0.7383945498191548
016 0.7628400909738875
017 0.7916139202004041
018 0.8050899709265263
019 0.8164054417182216
020 0.8196654868926833
021 0.8258474486983749
022 0.8286213385669715
023 0.8296494282467062
024 0.8311927381917781
025 0.8321114598455068
026 0.8323476050279799
027 0.8324985870139008
028 0.8324985870139008
029 0.8327416313136454
030 0.8327416313136454
031 0.8327416313136454
032 0.8327416313136454
033 0.8338996751711659
034 0.8338996751711659
035 0.8338996751711659
036 0.8622576816447851
037 0.8622576816447851
038 0.8633409825724185
039 0.8637003580482533
040 0.8648033140142485
041 0.8654024524331488
042 0.8661794787942892
043 0.868118446841538
044 0.8686147692703511
045 0.8689975925788656
046 0.8698401773864126
047 0.8698401773864126
048 0.8700274100142831
049 0.8700274100142831
050 0.8700274100142831
051 0.8701249135864543
052 0.8701249135864543
053 0.8701249135864543
054 0.8701434303696679
055 0.89371434636476
056 0.8938743468983782
057 0.8946727396260111
058 0.8953243056076643
059 0.8957814772103603
060 0.896257765563626
061 0.8970485688217154
062 0.8974765616642332
063 0.8976256332715733
064 0.8978760882505906
065 0.898174929815794
066 0.8984869247913491
067 0.898886410247089
068 0.8990185174555425
069 0.8990877475858526
070 0.8990877475858526
071 0.8990877475858526
072 0.8990877475858526
073 0.8990877475858526
074 0.91683884118925
075 0.9172826734263324
076 0.9181129676225096
077 0.9182666415872331
078 0.9187051043018487
079 0.9189902025846783
080 0.9193920765320994
081 0.9195406481806863
082 0.9195507035354061
083 0.9196388188332949
084 0.9197318783043148
085 0.9197573754260953
086 0.919780567772158
087 0.9198615246501599
088 0.9295950384045962
089 0.9304899661124441
090 0.9307278022241887
091 0.931508097076285
092 0.931531950177379
093 0.9317357985340303
094 0.9318108596996766
095 0.9321387241974388
096 0.9322880990303624
097 0.9324712762372894
098 0.9326409750755774
099 0.932979955063897
100 0.9330755990160671
101 0.9346028776794126
102 0.9350227477939916
103 0.9360673665292757
104 0.9362700931195649
105 0.9369023802514534
106 0.9371745094153479
107 0.9374624244152501
108 0.9378254259913927
109 0.9380428660043447
110 0.9382499171584194
111 0.938361066776308
112 0.9384529544615943
113 0.9385711227588125
114 0.9385711227588125
115 0.9385809872845199
116 0.9390649293809176
117 0.9396948506387739
118 0.9401116381899475
119 0.9406274985233634
120 0.940756475663943
121 0.9410843596176504
122 0.9412558912171894
123 0.941428571740067
124 0.9415421860462216
125 0.9417116278021689
126 0.9418626284066708
127 0.941988370124025
128 0.9420690905608108
129 0.9423171793068523
130 0.9424278961318099
131 0.9426664273102099
132 0.9429296885616727
133 0.9431608108734424
134 0.9431876809271995
135 0.9433915576355462
136 0.9435018438098536
137 0.9438364540804756
138 0.9438364540804756
139 0.9438722621066169
140 0.94402394112603
141 0.9440903696761446
142 0.9442076963891979
143 0.9443353468758836
144 0.9443578210420152
145 0.9444693773863374
146 0.9445266953251077
147 0.9446062843486124
148 0.9447036567048989
149 0.9447063761663814
150 0.9449214655443546
151 0.9449428911870484
152 0.9449428911870484
153 0.9449529343711374
154 0.9450635400618633
155 0.9450986352148902
156 0.9454190353292699
157 0.9454190353292699
158 0.9454277124723408
159 0.9454429835018692
160 0.9455472883969651
161 0.9457650137674632
162 0.9458141560521185
163 0.9458532002136895
164 0.946014019843969
165 0.946014019843969
166 0.9461271454855157
167 0.9461271454855157
