0.356859789939314200
4.621818332628046000
8.785144887559115000
12.77308958382884900
14.91574250115405500
14.72691534473710600
12.72345777427616100
11.10020605918320200
12.82135562506724100
16.52383462418202600
20.29471094912234000
23.53269900001028000
26.17130939999068000
28.26954037276360800
29.95795103089817600
31.33432362359062800
32.60855567834001000
34.04745191812176600
35.84181571099704000
38.01441854580665600
40.34980320775961400
42.63244160905400000
44.59050221675345000
46.04272797401337400
46.78454949453148000
