0.357987015731334350
5.941478621391360000
9.206810552286633000
10.91473662693717000
11.95672483178507200
13.08781754014438500
14.73757781733490400
16.05562814247126400
16.27436308120134000
15.76917400454659000
16.46905692898796000
18.96696529667765300
22.34405060895122500
25.78509312927276300
28.83917457300243500
31.60012246353017700
33.97760287391013000
36.12716008353519000
37.44041309120187000
38.51155208637016600
39.17001524710387600
39.78573185646433000
40.23760966275110000
40.27543554586226000
40.31235593172563000
