0.372788101111779570
6.713556045290313000
10.46971652421846000
11.77351360961741400
10.95698854141316600
8.202449260563048000
5.939332420143931000
8.105258379779512000
10.83772503623763000
13.36934648404762900
15.74730540233482600
17.74991913634585600
19.43207946239465400
20.72076440150484800
21.53785318976264700
21.99605484261697800
22.12999255545121000
21.76720341606567300
20.59587556538070500
18.66920819730238200
16.80748204491925800
16.29745313673332800
17.08659444430182000
18.10150648325560000
18.73575496981778300
