0.361268554380993400
5.970607920265468000
8.827184983333447000
9.555169968506762000
9.711696195154257000
10.26610544918482400
12.65652096083452900
15.80672168385555100
18.85947476624300400
21.36666290696784600
22.92137733854516300
23.36968127038800300
22.94518690554956200
22.16124978905357800
21.66358629000488600
22.00059851823607500
23.62838787193395300
26.64461211400571700
30.65706037432015300
34.87452365331165000
38.76295994116189500
41.95065756612794400
44.34387641658960000
45.92522031607392600
46.72317330795884500
