0.351417083695926400
7.310918038528583000
11.34538484652312100
13.24512879899672000
13.06650151603833300
12.10645017996761300
12.34705903558811900
13.36443849274075000
14.83098590735122200
17.19318397148802200
20.04586472144938700
22.74604070055506000
25.25277225039859000
27.63423146186193300
29.89866418088837800
31.97749744241498200
33.58634955614772400
35.21974511016248000
36.73241728334446000
38.34724487148519000
39.94651343027880600
41.70138278135177500
43.24809793727958000
44.50539832623693000
45.39782913264495000
