0.366381802962876870
5.961555535221469000
10.99457071867934800
13.59813332098396000
13.77001963613847100
11.74807070299929600
8.098544247771411000
5.296658254096461000
10.02814749844160900
14.53406981126060600
18.06791051130539600
20.76448651014710000
23.03525129731125000
25.31047141814976000
27.64093740508073000
29.64045344405495500
30.89681666083428300
31.08259083270847300
30.12507751378103300
28.21382886068963500
25.66681926332416500
22.84068134600797600
20.07654357997011700
17.56829922781631000
15.81382640646102200
