0.363085672820187200
7.388650859942533000
11.56399069811454600
13.24621711487952600
12.67010210338030300
10.54755226139880600
7.828149013753565000
6.235769475221896000
9.200173065450906000
13.77837233695520600
17.99082450508535300
21.62853751450995800
24.56002169238932000
26.76009699649729300
28.25469037685346400
29.29169535801494000
30.03038856909690300
30.43105762569181700
30.20304059364882200
29.05137813715217400
26.75185342518184600
23.67848767310257300
20.19697272286683200
17.32588843239556600
15.89072538440596100
