0.347016631710498800
7.900689599653571000
13.03645062951528800
15.75755136309663700
16.02025038261704600
14.75586264012047400
13.15695455503217400
11.78876005772852600
11.95839183978066200
14.83295843009937400
19.52200221727804300
24.68734305076383300
29.62716825264668000
33.89981262756770000
37.24417379282076000
39.41319408892788000
41.01270658534555500
42.36537224583254600
43.30788582709449000
43.86208631260366000
44.17327141394368000
44.53731588220577500
44.30007692414458400
44.13202707074662000
44.17816985149937600
