0.375383550404490730
4.164085973717690000
9.337356145863305000
14.94284105567645500
19.64878274914520500
22.78213693814485000
24.03818664122682000
23.99599056819019400
22.64150033335739000
20.61273373405659700
18.20485274647133500
17.08287511927405000
17.84748302187166400
20.66332288956808600
24.71562859887894300
28.67937752203354400
32.76745207914727600
36.68904166245652500
40.58931853391582000
44.20216434041274000
47.39553593084481500
49.68827955026256000
50.98520392949736000
50.99496770825239000
50.93571785602026000
