0.362453640113874760
4.664752359605984000
8.882246687434446000
11.35282212796835000
13.05303272270679600
13.78115333671538800
14.33826908487195300
14.72648906189241200
15.18108309485367600
16.12943864207663000
17.55911737146916400
19.39241243750551600
21.85976869199202400
24.64791459652870700
27.52168575729448800
30.43639131024036700
33.26242336332731000
35.88336471527371000
38.03831477564733000
39.29801768768386000
40.12720621491933000
40.24696237229521000
39.79117298568252000
39.14175011093259000
38.68350185288936000
