000 0.14578749868925323
001 0.14578749868925323
002 0.22020813808610082
003 0.3842276180552679
004 0.3842276180552679
005 0.3842276180552679
006 0.42766838597704354
007 0.42766838597704354
008 0.49146385532906506
009 0.5013385774938688
010 0.5013385774938688
011 0.5385604090045861
012 0.546272884678095
013 0.5739625564419818
014 0.5739625564419818
015 0.5919818338680194
016 0.5919818338680194
017 0.5919818338680194
018 0.5919818338680194
019 0.6139551834163358
020 0.6139551834163358
021 0.6598702851388342
022 0.6598702851388342
023 0.6649868443893021
024 0.6674393784531995
025 0.6829144462603914
026 0.7232445490006201
027 0.7232445490006201
028 0.7232445490006201
029 0.7232445490006201
030 0.7232445490006201
031 0.7232445490006201
032 0.7232445490006201
033 0.7232445490006201
034 0.7273543000170785
035 0.7377981130817648
036 0.7377981130817648
037 0.7377981130817648
038 0.7377981130817648
039 0.7400807847709535
040 0.7400807847709535
041 0.7403743638091772
042 0.7407726529692418
043 0.7407726529692418
044 0.74170300209855
045 0.74170300209855
046 0.74170300209855
047 0.74170300209855
048 0.7472656124155246
049 0.7502443431333065
050 0.7502443431333065
051 0.7502443431333065
052 0.7502443431333065
053 0.7502443431333065
054 0.7503884619800217
055 0.7503884619800217
056 0.7503884619800217
057 0.7503884619800217
058 0.7503884619800217
059 0.754255680706244
060 0.7562573174808425
061 0.7567311908433049
062 0.7583174398199387
063 0.7598346089169149
064 0.7598727342046491
065 0.7599187461511921
066 0.7599187461511921
067 0.7599187461511921
068 0.7599187461511921
069 0.7599187461511921
070 0.7599187461511921
071 0.7599187461511921
072 0.7599187461511921
073 0.7604400570887484
074 0.761915522821149
075 0.7621790575742045
076 0.7627748286986973
077 0.7653546961687513
078 0.7661246354227523
079 0.7661246354227523
080 0.7674315123895771
081 0.7677856222447482
082 0.7680319756471711
083 0.7681739474127982
084 0.7682993930414553
085 0.7684032527921764
086 0.7685154373408412
087 0.7685690484953162
088 0.7686475091706583
089 0.7686595382192983
090 0.7700183293407096
091 0.7708281586679928
092 0.7709424232684259
093 0.7712866244002892
094 0.771802052628154
095 0.7718266975163475
096 0.7722003747765276
097 0.7722647895384059
098 0.7722716691776714
099 0.7722793727290851
100 0.7722812813133759
101 0.7734015283728164
102 0.7737908668875751
103 0.7744437019520041
104 0.7746463701859109
105 0.7751078293123851
106 0.7753686666411722
107 0.7753796601077927
108 0.7754034731396916
109 0.7754599508225031
110 0.7754620300058783
111 0.7754774917488697
112 0.7754878077604915
113 0.776502434224756
114 0.7773978015546799
115 0.7775992465929226
116 0.7781142962946744
117 0.7789613129496674
118 0.7791234030212905
119 0.7791609823608098
120 0.7791858850505361
121 0.7791858850505361
122 0.779186667845882
123 0.7791914064387087
124 0.7791914064387087
125 0.7791916434191318
126 0.7804646996933198
127 0.7810700954657881
128 0.7813536345031541
129 0.7813536345031541
130 0.7813981279537199
131 0.7814488216915194
132 0.7814488216915194
133 0.781452763113591
134 0.781453480418908
135 0.781453480418908
136 0.7827527799901718
137 0.7827548907101122
138 0.7832866425303376
139 0.7836107097755818
140 0.784171157475449
141 0.7842642874217709
142 0.7842827919769577
143 0.7842827919769577
144 0.7842827919769577
145 0.7842827919769577
146 0.7842827919769577
147 0.7845835880829503
148 0.7856586978704666
149 0.7859023706516765
150 0.7860956859277775
151 0.7862293685207983
152 0.786293701968359
153 0.786293701968359
154 0.786293701968359
155 0.786293701968359
156 0.786293701968359
157 0.786293701968359
158 0.7873774768284406
159 0.7876492022994501
160 0.7887594319673974
161 0.7893244888104313
162 0.7898349877620081
163 0.7899769868601301
164 0.7899906800093347
165 0.7900138993374499
166 0.7902533421902417
167 0.7902533421902417
168 0.7902533421902417
169 0.7902533421902417
170 0.7902533421902417
171 0.7907404553280872
172 0.7920631015713214
173 0.7931701983711338
174 0.7934696661859275
175 0.7942034839852313
176 0.7951244412096233
177 0.79600924460090
178 0.7962954055908773
179 0.7972922048386143
180 0.7974306045439176
181 0.7978240512441949
182 0.7982565720336826
183 0.7985103908820406
184 0.7988679887782908
185 0.7988753068327423
186 0.7994041837514483
187 0.7997103732817042
188 0.7997205944104177
189 0.7997731627878548
190 0.8000662860023335
191 0.8000858591440813
192 0.8000871062795618
193 0.800428831233445
194 0.8011018140191392
195 0.8011556759269308
196 0.8017547261376763
197 0.8023924250030289
198 0.8023924250030289
199 0.8026796421835701
200 0.8030213457706575
201 0.8030213457706575
