000 0.08478620472181533
001 0.1556686540411556
002 0.19360198133178036
003 0.22959223724951952
004 0.34007035738430197
005 0.34007035738430197
006 0.43411938953888995
007 0.43411938953888995
008 0.4507909961128951
009 0.4507909961128951
010 0.4623230945498423
011 0.4707155897935062
012 0.5046056018198407
013 0.5643808863356616
014 0.6363286270766204
015 0.6629108707533168
016 0.6629108707533168
017 0.6629108707533168
018 0.6629108707533168
019 0.7141950341746166
020 0.7141950341746166
021 0.7141950341746166
022 0.7141950341746166
023 0.7141950341746166
024 0.7238945112683861
025 0.7238945112683861
026 0.7238945112683861
027 0.7533735893994168
028 0.7605516782772149
029 0.7605516782772149
030 0.7605516782772149
031 0.7728858375254044
032 0.7743883226512671
033 0.7743883226512671
034 0.7743883226512671
035 0.7743883226512671
036 0.779470510556657
037 0.779470510556657
038 0.7841416552924271
039 0.7841416552924271
040 0.7841416552924271
041 0.7841416552924271
042 0.7844464535697104
043 0.7914187619197379
044 0.7914187619197379
045 0.7935733460404646
046 0.7942881442157133
047 0.7942881442157133
048 0.7944704661389292
049 0.7944704661389292
050 0.7944704661389292
051 0.7944704661389292
052 0.7944704661389292
053 0.7946690262223048
054 0.7946690262223048
055 0.7978735039034295
056 0.7978735039034295
057 0.7978735039034295
058 0.7993756407811432
059 0.7993756407811432
060 0.7993756407811432
061 0.7993756407811432
062 0.7993756407811432
063 0.7993756407811432
064 0.7993756407811432
065 0.7993756407811432
066 0.7993756407811432
067 0.7993756407811432
068 0.8017050740260935
069 0.8024713291581165
070 0.802851278134248
071 0.8037448971237401
072 0.8041978732051435
073 0.8045736153398688
074 0.805431397524256
075 0.8058722636611938
076 0.8059840127026244
077 0.806038499812688
078 0.806038499812688
079 0.806072357495766
080 0.8061200137075031
081 0.8061200137075031
082 0.8061346564838159
083 0.8061346564838159
084 0.8081700508848622
085 0.8093993996185606
086 0.8123618571819454
087 0.8129225671388286
088 0.8129225671388286
089 0.8132293955995072
090 0.81376315050765
091 0.81376315050765
092 0.81376315050765
093 0.8138308907008709
094 0.8138308907008709
095 0.8138308907008709
096 0.8138308907008709
097 0.8151845256128908
098 0.8158460954846923
099 0.8165407863261451
100 0.8165407863261451
101 0.8175373902917922
102 0.8178034970521355
103 0.8178241407145129
104 0.81785270324057
105 0.8179887107980215
106 0.8179887107980215
107 0.8181037669610316
108 0.8183828439653327
109 0.8186129386288757
110 0.8186129386288757
111 0.8201326989432398
112 0.8206504615527926
113 0.822343636188552
114 0.8228729688256342
115 0.8238220488342118
116 0.8242058404341224
117 0.8243093194427021
118 0.8243093194427021
119 0.824320152491941
120 0.8249838902311566
121 0.8251313279155367
122 0.825224694215467
123 0.8253732856853865
124 0.8254351064155632
125 0.8257025491532846
126 0.8265385817382159
127 0.8268311664348932
128 0.8275982526765987
129 0.82821754725727
130 0.829161370941037
131 0.8299687945477853
132 0.8309315456721184
133 0.8309315456721184
134 0.8312819482222548
135 0.8316758884184541
136 0.8319826365231756
137 0.83200436712235
138 0.8321600942446165
139 0.8323066614072173
140 0.8323066614072173
141 0.8323563223331478
142 0.8331056697223636
143 0.8338137460026216
144 0.8339374566224338
145 0.8345508222095905
146 0.834724910142849
147 0.8353315079199753
148 0.8353516011865848
149 0.8354796193212527
150 0.8357482253329429
151 0.8360145630884068
152 0.8361568051755647
153 0.8362007871088861
154 0.8363092015616774
155 0.8363579743375201
156 0.8363586853064368
157 0.8371118315746585
158 0.8371118315746585
