000 0.08980950176210575
001 0.1774031217682743
002 0.27387462971245674
003 0.27387462971245674
004 0.27659526195607775
005 0.3870412041542505
006 0.3870412041542505
007 0.42645050320304223
008 0.42645050320304223
009 0.46301013080225584
010 0.5025642565032564
011 0.5025642565032564
012 0.5025642565032564
013 0.553955703070255
014 0.5975053755496061
015 0.5975053755496061
016 0.5975053755496061
017 0.6492359875738645
018 0.658269840983564
019 0.658269840983564
020 0.658269840983564
021 0.6751835144275571
022 0.6939199177908638
023 0.6968262764289043
024 0.6968262764289043
025 0.7033325677655722
026 0.7035928674702474
027 0.707067965281093
028 0.7148929847072351
029 0.7148929847072351
030 0.7148929847072351
031 0.7298754772053725
032 0.7298754772053725
033 0.733982006168525
034 0.7393088059585916
035 0.7393088059585916
036 0.7451520109671647
037 0.7451520109671647
038 0.7454979673001129
039 0.7498617084560788
040 0.7498617084560788
041 0.7509501608712963
042 0.7512661738487313
043 0.7521665672079615
044 0.7521665672079615
045 0.7521665672079615
046 0.7521665672079615
047 0.7521665672079615
048 0.7521665672079615
049 0.7521665672079615
050 0.7521665672079615
051 0.7526331955482596
052 0.7584369172227072
053 0.7584369172227072
054 0.7594279215343568
055 0.7604059747945917
056 0.7608885435184176
057 0.7618999773106971
058 0.7621969702363394
059 0.7630585227173197
060 0.7637764187374001
061 0.7643321399970244
062 0.7643321399970244
063 0.7643321399970244
064 0.7643321399970244
065 0.7649885892026735
066 0.7649885892026735
067 0.7651052257929585
068 0.7651052257929585
069 0.7651052257929585
070 0.7687595278802899
071 0.769792502361251
072 0.7704775696092098
073 0.7721184926634794
074 0.7729312087101736
075 0.7730033996023744
076 0.7730784342696582
077 0.7730784342696582
078 0.7730784342696582
079 0.7730784342696582
080 0.773096277996199
081 0.773096277996199
082 0.7736628663399355
083 0.7744918192491193
084 0.7752079098614013
085 0.7764772834459505
086 0.7769741491884627
087 0.7772918469124233
088 0.7772918469124233
089 0.7774484511030738
090 0.7774545572245618
091 0.7774545572245618
092 0.7774545572245618
093 0.7774545572245618
094 0.7774545572245618
095 0.7782478248058857
096 0.7799567220660076
097 0.7803536154538716
098 0.781672688512293
099 0.7821344355176828
100 0.7829220429584896
101 0.783644609179938
102 0.7841595599795567
103 0.7843213392750057
104 0.7844047775267965
105 0.7844781171968496
106 0.7845233944827659
107 0.7846307501080523
108 0.784749847558995
109 0.7847631377145946
110 0.7847631377145946
111 0.7856344848851572
112 0.7870677388717504
113 0.7875868512172286
114 0.7880191600465669
115 0.7891502992348487
116 0.7899934406749038
117 0.7902189386478987
118 0.7907572943935867
119 0.7910233993452253
120 0.7913359607899202
121 0.7918356693404138
122 0.7919839349125765
123 0.7919952941096668
124 0.7923998580953376
125 0.7924796269665244
126 0.7925279976719516
127 0.7925279976719516
128 0.7925279976719516
129 0.7925279976719516
130 0.7935293560491566
131 0.793729989954151
132 0.7938117922189353
133 0.7939115138764116
134 0.7949260443649336
135 0.7950116266878847
136 0.7954225080545404
137 0.7955615761323896
138 0.7956918727972799
139 0.7956918727972799
140 0.7958337001851056
141 0.7959071956749955
142 0.795952131428779
143 0.7959528109962536
144 0.7967113034286297
145 0.7972222720046258
146 0.797419710071722
147 0.7979228687311499
148 0.7979228687311499
