000 0.149112323381701
001 0.1502642086510753
002 0.2538078985332726
003 0.2538078985332726
004 0.29698310238950165
005 0.3385094931945952
006 0.3385094931945952
007 0.41758382382619824
008 0.41758382382619824
009 0.42371092209976796
010 0.42925854064837593
011 0.5815368929853519
012 0.5815368929853519
013 0.5815368929853519
014 0.5815368929853519
015 0.6182092191204388
016 0.6531129748637958
017 0.6531129748637958
018 0.7142228638322132
019 0.7142228638322132
020 0.7142228638322132
021 0.7142228638322132
022 0.7216769756385574
023 0.7299393170808397
024 0.7299393170808397
025 0.7324992825450557
026 0.7396655388898821
027 0.7396655388898821
028 0.7396655388898821
029 0.7396655388898821
030 0.7413070759721986
031 0.7459647763805813
032 0.7459647763805813
033 0.7506054216540362
034 0.7506054216540362
035 0.7509259539093018
036 0.7512404234915906
037 0.7557006046060937
038 0.7557006046060937
039 0.7561500809246411
040 0.7576032265087791
041 0.7585810117796389
042 0.7585810117796389
043 0.7585810117796389
044 0.7585810117796389
045 0.7585810117796389
046 0.7585810117796389
047 0.7585810117796389
048 0.7585810117796389
049 0.7585810117796389
050 0.7637573334250037
051 0.765903158551069
052 0.7681169907082529
053 0.7703498259882029
054 0.7735898670715702
055 0.7735898670715702
056 0.7760129066679443
057 0.7778839974290098
058 0.7783561391558721
059 0.7790881649448579
060 0.7792317415550003
061 0.7792346620524079
062 0.779993085879541
063 0.7801526999914962
064 0.7801560839006766
065 0.7802230817565594
066 0.7802264539493295
067 0.7802264539493295
068 0.7823148006984595
069 0.7823148006984595
070 0.7823148006984595
071 0.7823148006984595
072 0.7831171311815542
073 0.7831171311815542
074 0.7831171311815542
075 0.7831171311815542
076 0.7831171311815542
077 0.7831171311815542
078 0.7854579317052557
079 0.7866976768311732
080 0.7893945425263734
081 0.791370689405146
082 0.7919486658184425
083 0.792177562596159
084 0.7923836842061174
085 0.7923907548590348
086 0.7924065687231042
087 0.7924383499963259
088 0.7924454759811951
089 0.7924454759811951
090 0.7924454759811951
091 0.7947882263718359
092 0.7948980393864595
093 0.7955727181038842
094 0.7963189875604804
095 0.7963189875604804
096 0.7964372155344583
097 0.7965259639338027
098 0.7965642429200696
099 0.7967301404551561
100 0.7967301404551561
101 0.7967301404551561
102 0.7967568195847794
103 0.7984821353268964
104 0.7985002376241832
105 0.7988985010464231
106 0.7989627086026925
107 0.7989627086026925
108 0.798986312755156
109 0.798986312755156
110 0.798986312755156
111 0.798986312755156
112 0.798986312755156
113 0.7998089083334816
114 0.8009790757656057
115 0.8011981265554102
116 0.801532569219631
117 0.8019230774901885
118 0.8020147474218158
119 0.8023728875034376
120 0.802837680266143
121 0.8029267368042926
122 0.8030198130450339
123 0.8030198130450339
124 0.8030198130450339
125 0.803042607070322
126 0.803054225609426
127 0.8034430482153934
128 0.8039271292500044
129 0.8042941658476351
130 0.804709369407856
131 0.80473467351267
132 0.8053729472874278
133 0.8056091841888321
134 0.8059446048844826
135 0.8059446048844826
136 0.8060987735498223
137 0.8061381256449025
138 0.8064475919069944
139 0.8064545050737397
140 0.8064754018304083
141 0.8064932495462857
142 0.8071229051537949
143 0.8073541543977646
144 0.8076952145362534
145 0.8077605666391737
146 0.8078590344753469
147 0.8082352269709887
148 0.8086050908189477
149 0.8086946020142396
150 0.8093319331396176
151 0.8098755102598898
152 0.8098829035552857
153 0.8102724295491607
154 0.8107654778061295
155 0.8109263686604737
156 0.8109599218970638
157 0.8112801967168989
158 0.8114775866964317
159 0.8115181394540714
160 0.8115422461518064
161 0.8119458015746398
162 0.8120645498656993
163 0.8121132101416705
164 0.8123688007643975
165 0.8123688007643975
166 0.8126506194694546
167 0.8129599572889132
168 0.8129599572889132
