000 0.574580740661734
001 0.7502743283261845
002 0.7747881743242266
003 0.8672560180149542
004 0.8672560180149542
005 0.8987188141458439
006 0.8987188141458439
007 0.926405592264869
008 0.926405592264869
009 0.926405592264869
010 0.926405592264869
011 0.9303245857740305
012 0.9332218754205762
013 0.948381235960323
014 0.9718632390568978
015 0.9718632390568978
016 0.9718632390568978
017 0.9718632390568978
018 0.9718632390568978
019 0.9718632390568978
020 0.9718632390568978
021 0.9718632390568978
022 0.9718632390568978
023 0.9718632390568978
024 0.9718632390568978
025 0.9718632390568978
026 0.9718632390568978
027 0.9718632390568978
028 0.9718632390568978
029 0.9721073935042167
030 0.9721073935042167
031 0.9721073935042167
032 0.9721073935042167
033 0.9721073935042167
034 0.9721073935042167
035 0.9721073935042167
036 0.9721073935042167
037 0.9721073935042167
038 0.9721073935042167
039 0.9721073935042167
040 0.9734988586228337
041 0.9740940501053087
042 0.9752903238612952
043 0.9757692323069673
044 0.9765134489226664
045 0.9774598108864166
046 0.9776584541539003
047 0.977820227071269
048 0.9781516441519069
049 0.9787127509214537
050 0.9787891549027025
051 0.9789037833998141
052 0.9791375305366256
053 0.9791375305366256
054 0.9792619266797605
055 0.9792619266797605
056 0.9793743102724215
057 0.9794532852834131
058 0.9797913233521719
059 0.9798249841870206
060 0.9802932453799575
061 0.9803830393415465
062 0.9807231406763686
063 0.9808777312065219
064 0.9808777312065219
065 0.9815043034644815
066 0.9815337503042558
067 0.98167678456861
068 0.9818728709713682
069 0.9822081644497431
070 0.9822768906191571
071 0.9825467008174742
072 0.9825790944017869
073 0.9828279560393111
074 0.9829520355884372
075 0.9829520355884372
076 0.9831792946960369
077 0.9833729813662319
078 0.9835214263358204
079 0.9837396975117905
080 0.9837396975117905
081 0.9837396975117905
082 0.9839223320368856
083 0.9841998913486724
084 0.9843274022604178
085 0.9846302254276115
086 0.9846302254276115
087 0.9848450526814415
088 0.9849112057543815
089 0.9852605357065694
090 0.9852605357065694
091 0.9856270607083186
092 0.9856270607083186
093 0.9856270607083186
094 0.985822621396666
095 0.9859162992015491
096 0.9859162992015491
097 0.986029101101238
098 0.9864345194602445
099 0.9865102074288812
100 0.9865162462040795
101 0.9865162462040795
102 0.986836219305751
103 0.9869769077807948
104 0.9870025441919646
105 0.9870025441919646
106 0.9872018962509345
107 0.987372277605148
108 0.987372277605148
109 0.9876087881595774
110 0.9879972113315479
111 0.9880416859783044
112 0.9880416859783044
113 0.9881846984729761
114 0.9881846984729761
115 0.9883877010353462
116 0.9884427829299729
117 0.9884427829299729
118 0.9885815975564798
119 0.9885908090777121
120 0.9888043034555946
121 0.9890358999079253
122 0.9890480242997527
123 0.9892673486158408
124 0.9892673486158408
125 0.9893375306421278
126 0.9894706061178006
127 0.9894706061178006
128 0.9894824295689456
129 0.9894824295689456
130 0.9897395782332209
131 0.9897395782332209
132 0.9897395782332209
133 0.9897395782332209
134 0.9899268306858654
135 0.9899268306858654
136 0.9899700292793551
137 0.9900022126132307
138 0.9900022126132307
