000 0.01556769257323388
001 0.09228543099959338
002 0.09228543099959338
003 0.09228543099959338
004 0.09228543099959338
005 0.12285970689569943
006 0.12285970689569943
007 0.12285970689569943
008 0.12285970689569943
009 0.12745902104559403
010 0.12745902104559403
011 0.12745902104559403
012 0.12745902104559403
013 0.1338595645213691
014 0.1338595645213691
015 0.18459613300773323
016 0.18459613300773323
017 0.18459613300773323
018 0.18459613300773323
019 0.18633298213564023
020 0.19909781592028286
021 0.258417590248672
022 0.258417590248672
023 0.26376443587812115
024 0.295546155931083
025 0.295546155931083
026 0.325542767231618
027 0.32992709244381896
028 0.3468667685591296
029 0.3662870576885648
030 0.3662870576885648
031 0.3662870576885648
032 0.3967980325114481
033 0.3967980325114481
034 0.44659724040624554
035 0.44659724040624554
036 0.4555615225701246
037 0.4734188223108079
038 0.48076417089898543
039 0.49120776169772035
040 0.518742604916596
041 0.5306402931373311
042 0.5321572041948348
043 0.5369285193604005
044 0.5486158402908394
045 0.5861557076657673
046 0.5861557076657673
047 0.5861557076657673
048 0.5861557076657673
049 0.5861557076657673
050 0.5861557076657673
051 0.5861557076657673
052 0.5992870951839376
053 0.5992870951839376
054 0.6000120899648905
055 0.6114752811400669
056 0.6114752811400669
057 0.6114752811400669
058 0.6179637585353759
059 0.6179637585353759
060 0.6221450572596158
061 0.6221450572596158
062 0.6277725295001917
063 0.6304180720388465
064 0.6304180720388465
065 0.6308291367539016
066 0.6314772566463597
067 0.6405718145896537
068 0.6405718145896537
069 0.6405718145896537
070 0.6405718145896537
071 0.6405718145896537
072 0.6405718145896537
073 0.64637319714516
074 0.64637319714516
075 0.64637319714516
076 0.64637319714516
077 0.64637319714516
078 0.64637319714516
079 0.64637319714516
080 0.64637319714516
081 0.64637319714516
082 0.64637319714516
083 0.64637319714516
084 0.64637319714516
085 0.64637319714516
086 0.64637319714516
087 0.64637319714516
088 0.64637319714516
089 0.6469309726340648
090 0.6497704458494205
091 0.6507524857705606
092 0.6522532804717326
093 0.653195256755493
094 0.6532921519436506
095 0.65661711947217
096 0.6574371077803298
097 0.6590980199276987
098 0.6596115238399495
099 0.6613285335719412
100 0.6613285335719412
101 0.6621488289879809
102 0.6632669515808303
103 0.6634443762300118
104 0.6638064721226922
105 0.6641911471130669
106 0.6644169544364056
107 0.664720913648912
108 0.6650368745971392
109 0.6650696215440941
110 0.6652640814828573
111 0.665367281334655
112 0.6655024564351602
113 0.6655087215182999
114 0.6655151606556681
115 0.6659779472533942
116 0.6664770984850934
117 0.6664770984850934
118 0.6668562824495997
119 0.6676494139612646
120 0.6679674287065986
121 0.6685495205776151
122 0.6692808588128963
123 0.669835874801104
124 0.6702349938968726
125 0.670747905090407
126 0.6715476941410005
127 0.6715903650690018
128 0.6718649617859208
129 0.6719792148417074
130 0.6721006741762018
131 0.6725161475688943
132 0.6727048409759548
133 0.6729867612383268
134 0.6730687933176918
135 0.6731980819888481
136 0.6733708848007327
137 0.6738457062140845
138 0.6750632983455933
139 0.6750632983455933
140 0.6754005087645133
141 0.6755333125463946
142 0.6756210988333182
143 0.676043537160868
144 0.6765702240865252
145 0.6765702240865252
146 0.6771985539613397
147 0.6775849989051271
148 0.677599879853669
149 0.6776804193946367
150 0.677761016480052
151 0.677848689597209
152 0.677848689597209
153 0.6778670257870212
154 0.6781624150592601
155 0.6781624150592601
156 0.6783724245384237
157 0.6786451022594588
158 0.6789269215983769
159 0.6794090572147125
160 0.6794090572147125
161 0.6794676003739427
162 0.6802855941682735
163 0.6802878341065398
164 0.6804581112872564
165 0.6810591548431886
166 0.6815127462022126
167 0.6816192762124195
168 0.6824549442193674
169 0.6832496397558865
170 0.6832496397558865
171 0.683338456744511
172 0.6834591317731683
173 0.6837265256317908
174 0.6837265256317908
175 0.6839400490035622
176 0.6839857395797386
177 0.6842269730444015
178 0.6843922147789562
179 0.6847311232550769
180 0.6848417399726141
181 0.6855446707422774
182 0.6857152822611554
183 0.6858875768474457
184 0.6860482716639987
185 0.6867592994542466
186 0.6867592994542466
187 0.6871883681863654
188 0.6877054923071638
189 0.6877054923071638
190 0.6879026534927049
191 0.6882210313201187
192 0.688443645453025
193 0.6887254873180205
194 0.6889281066593292
195 0.6890129997800531
196 0.6890129997800531
197 0.6890550330068581
198 0.6891678375324836
199 0.6891678375324836
