000 0.04037092931516406
001 0.05007854715967034
002 0.05007854715967034
003 0.06527064904177272
004 0.08944987746492856
005 0.08944987746492856
006 0.09966927579280485
007 0.1116619083274522
008 0.1116619083274522
009 0.116434364758796
010 0.116434364758796
011 0.12995798816615065
012 0.13051567630127037
013 0.13051567630127037
014 0.15167132644620251
015 0.15167132644620251
016 0.15167132644620251
017 0.15167132644620251
018 0.1946058217557015
019 0.1946058217557015
020 0.21946835052836755
021 0.21946835052836755
022 0.24627162958537527
023 0.26463466030223615
024 0.2871741555295621
025 0.3188417480052701
026 0.3188417480052701
027 0.32881117365217477
028 0.3657797192506749
029 0.3834351939913292
030 0.463004054527745
031 0.463004054527745
032 0.463004054527745
033 0.46533106227303184
034 0.49708738858952256
035 0.5241139271409004
036 0.5710127258901436
037 0.5710127258901436
038 0.5775557876155011
039 0.5775557876155011
040 0.5775557876155011
041 0.5865830690183519
042 0.5865830690183519
043 0.5938016282718144
044 0.5938016282718144
045 0.6266621734138813
046 0.6266621734138813
047 0.6266621734138813
048 0.6282627739671037
049 0.6282627739671037
050 0.6433458347975143
051 0.6433458347975143
052 0.6527028598238842
053 0.6527028598238842
054 0.6576306763212423
055 0.6782319724741896
056 0.6782319724741896
057 0.6782319724741896
058 0.6782319724741896
059 0.6782319724741896
060 0.6802601972260027
061 0.6802601972260027
062 0.6842025392170422
063 0.6863844592894955
064 0.6898388055255629
065 0.6898388055255629
066 0.6936727653300007
067 0.6936727653300007
068 0.6936727653300007
069 0.6938431438125034
070 0.6957890182731344
071 0.6957890182731344
072 0.6965269580810343
073 0.6965269580810343
074 0.6965269580810343
075 0.6981782006230987
076 0.6981782006230987
077 0.6981782006230987
078 0.6981782006230987
079 0.6981782006230987
080 0.6981782006230987
081 0.6981782006230987
082 0.6981782006230987
083 0.6981782006230987
084 0.6981782006230987
085 0.7070957289897254
086 0.7088599951874819
087 0.7105771973125952
088 0.7131008690950099
089 0.7137372541741268
090 0.7159729465181641
091 0.715978881413678
092 0.7162047440035199
093 0.7162374655926567
094 0.7162374655926567
095 0.7162374655926567
096 0.7162374655926567
097 0.7162374655926567
098 0.7162374655926567
099 0.7162374655926567
100 0.7171912491878759
101 0.7177311701481125
102 0.7185021737765215
103 0.7190408219250419
104 0.7196568074932044
105 0.7207569246935481
106 0.7219285497805257
107 0.7223345737942776
108 0.723203970995733
109 0.7236979998130464
110 0.7242333654443465
111 0.7248428207483406
112 0.7250079464675668
113 0.7250079464675668
114 0.7251101581440148
115 0.7251710787448032
116 0.725274594983717
117 0.7252998870615389
118 0.7253438710596262
119 0.7253498295570419
120 0.7268384732491311
121 0.7271891178439971
122 0.7277709545816831
123 0.728015834741924
124 0.7281276806198901
125 0.7285087305388976
126 0.7287130181889023
127 0.729436441443801
128 0.7294433820271813
129 0.7294576720924938
130 0.7294671935162336
131 0.7294671935162336
132 0.7294671935162336
133 0.7299792515629783
134 0.7302366927474837
135 0.7323457504929514
136 0.7323457504929514
137 0.7331620357032654
138 0.7335715198461286
139 0.7341217282314241
140 0.7344449746203576
141 0.7349479419418191
142 0.736295342468402
143 0.7369513381841555
144 0.7369795207584414
145 0.7369795207584414
146 0.7378816444253624
147 0.7378816444253624
148 0.7382967008351773
149 0.7384747858202079
150 0.7387572860068604
151 0.7389187366201101
152 0.738921777319191
153 0.738927817357356
154 0.738927817357356
155 0.7389498034103197
156 0.7394427065378724
157 0.7395685039002327
158 0.7402279923486501
159 0.7409873993248332
160 0.7411680320030398
161 0.7415518147923904
162 0.7421963637751872
163 0.7423333372112745
164 0.7429782856284672
165 0.7433268791727545
166 0.7437215437604869
167 0.7440158241912381
168 0.7444978190031234
169 0.7446176210073066
170 0.7447619469555969
171 0.7448008678395818
172 0.7448317691161019
173 0.7448614881658221
174 0.7448936520517284
175 0.744895033694703
176 0.7450392499009453
177 0.7453762292448074
178 0.7454908714733977
179 0.7458568281542813
180 0.7462284139504013
181 0.7466183217457589
182 0.7470547679259197
183 0.747345083135729
184 0.7480584179190529
185 0.7490548354485844
186 0.7492930361707747
187 0.7494713581867744
188 0.7499867232466492
189 0.7508687849767763
190 0.7510740641181818
191 0.751629101304099
192 0.7519619597348378
193 0.7521624559006281
194 0.7527077301534166
195 0.7527198027348919
196 0.7528803776843186
197 0.7529171011760283
198 0.7530978788550767
199 0.7531808107120802
200 0.7533023030596753
201 0.7533361117322261
202 0.7536151742510158
203 0.7539314048069959
204 0.7542799712142162
205 0.7544200995593764
206 0.7555735451238818
207 0.7555735451238818
208 0.7558537423754125
209 0.7565292926160627
210 0.7571472650033817
211 0.7574718900358328
212 0.757976589035331
213 0.7585372048770419
214 0.7591255379680508
215 0.7593015860704255
216 0.7593895452349351
217 0.7598934247194381
218 0.7601080485929558
219 0.7602334789445885
220 0.7602856933921535
221 0.7604180383431558
222 0.7604705290263392
223 0.760544884621508
224 0.7607603898615554
225 0.7608350403534403
226 0.7608835541302068
227 0.7611538367970004
228 0.7616282586835492
229 0.7621210194223167
230 0.7623566635329776
231 0.7627078843168067
232 0.7627966681346798
233 0.7631599068434813
234 0.7634440541987664
235 0.7641646320253342
236 0.7644993172369046
237 0.7650718026251934
238 0.7654269431272167
239 0.7662031928297942
240 0.7663040136969481
241 0.766608813249595
242 0.7666469931148102
243 0.7675512356210936
244 0.7677247698183397
245 0.7677247698183397
246 0.7677635342293736
247 0.7678453728430991
248 0.767898862683357
249 0.7680166950941101
250 0.7681179189884043
251 0.7682402776465589
252 0.7683396281044975
253 0.7686194786792303
254 0.7686194786792303
