000 0.032539089925009666
001 0.032539089925009666
002 0.06980949346923122
003 0.07215113135438357
004 0.10519911051716917
005 0.10519911051716917
006 0.10519911051716917
007 0.10519911051716917
008 0.10519911051716917
009 0.12247912731966411
010 0.12775964246387927
011 0.14729346062092988
012 0.14729346062092988
013 0.15877803139856853
014 0.1719206147185971
015 0.17839481745793684
016 0.1818303607244387
017 0.18400815471429058
018 0.19086601026889016
019 0.25650477158130
020 0.25650477158130
021 0.2630025949058392
022 0.2630025949058392
023 0.30487206242404946
024 0.3113325715261866
025 0.3347020411057029
026 0.3448276365993079
027 0.3566973166574379
028 0.38679104416675164
029 0.4225297774246693
030 0.4225297774246693
031 0.42927391504726725
032 0.4407976677106168
033 0.4407976677106168
034 0.4504054383098193
035 0.45586550735243864
036 0.46656248084288554
037 0.5286502353029021
038 0.5286502353029021
039 0.5286502353029021
040 0.5286502353029021
041 0.5286502353029021
042 0.5335092696689543
043 0.5526903016125239
044 0.5578634444048385
045 0.5578634444048385
046 0.5716088681648474
047 0.5716088681648474
048 0.5791263533297458
049 0.5791263533297458
050 0.5944703849601425
051 0.613747607581502
052 0.613747607581502
053 0.613747607581502
054 0.6168064087831545
055 0.6168064087831545
056 0.6168064087831545
057 0.6226503244022198
058 0.6226503244022198
059 0.6356314400621205
060 0.6356985089591163
061 0.6356985089591163
062 0.6452630942182621
063 0.6454682026197707
064 0.6470492283535915
065 0.6576686650650272
066 0.6576686650650272
067 0.6576686650650272
068 0.6576686650650272
069 0.6603286687521457
070 0.6603286687521457
071 0.6603286687521457
072 0.6603286687521457
073 0.6608798421458603
074 0.6608798421458603
075 0.6631202318362044
076 0.6633044537400268
077 0.6633044537400268
078 0.6634541191337413
079 0.6634541191337413
080 0.6634541191337413
081 0.6634541191337413
082 0.6634541191337413
083 0.6634541191337413
084 0.6634541191337413
085 0.6677905602305109
086 0.6684139748306258
087 0.6715430062902719
088 0.6727969924010785
089 0.6750650445971129
090 0.6752039774364701
091 0.6753013562788521
092 0.6753257535589622
093 0.6754768457861039
094 0.6755710408252789
095 0.6756320447748272
096 0.6756320447748272
097 0.6756320447748272
098 0.6756320447748272
099 0.6787561754846748
100 0.6791541009889451
101 0.6798071463788906
102 0.6810272775574648
103 0.6815539319011344
104 0.6818648568240158
105 0.6822023554791984
106 0.6826589785945747
107 0.6826589785945747
108 0.6826589785945747
109 0.6826860573167913
110 0.6826959417450595
111 0.683010381720748
112 0.683010381720748
113 0.6841686475024255
114 0.6841823869840891
115 0.6845358041910877
116 0.6850831564365504
117 0.6857331793840996
118 0.6866707200458919
119 0.6867796800065308
120 0.6870400971805788
121 0.6878005938652658
122 0.687857524463238
123 0.687857524463238
124 0.687857524463238
125 0.6878718996151497
126 0.6878943569368727
127 0.6878943569368727
128 0.6894922814590022
129 0.6898560996753162
130 0.6903342105774755
131 0.69071210931758
132 0.6909864362670032
133 0.6912606163941077
134 0.6915164759904379
135 0.6915636144059205
136 0.6916161788534038
137 0.6916740687890381
138 0.6916740687890381
139 0.6916842858491344
140 0.6932574581229528
141 0.6932574581229528
142 0.6935960447259836
143 0.6944577774402166
144 0.6948418345395677
145 0.69533903121452
146 0.696127530845122
147 0.6962589015576367
148 0.6963649730680544
149 0.6968171054185709
150 0.696992930900517
151 0.6974965573549297
152 0.6974965573549297
153 0.6974965573549297
154 0.6974965573549297
155 0.6974965573549297
156 0.6990067362978903
157 0.6990067362978903
158 0.6998129810519166
159 0.7002863387431691
160 0.7005393625737499
161 0.700742743381092
162 0.7010179778692374
163 0.7010184135181675
164 0.7013261159739562
165 0.7014120006823129
166 0.7014120006823129
167 0.7014120006823129
168 0.7014120006823129
169 0.7018151381253572
170 0.7025167066464686
171 0.7026077795635957
172 0.7031473384614487
173 0.7035241611718064
174 0.7041173370968639
175 0.7050293658881772
176 0.7050312785116964
177 0.7054410648392456
178 0.7057436056053761
179 0.7058943031208981
180 0.7062259481041265
181 0.7064537517273787
182 0.7065877406688318
183 0.7068540958810261
184 0.7070232778301212
185 0.7072337939355131
186 0.7077796840017624
187 0.707797332992613
188 0.7079433472626455
189 0.7085596628611928
190 0.7085596628611928
191 0.7086596677327446
192 0.7090308068731721
193 0.7094848033475044
194 0.7094886034254588
195 0.7096387904294856
196 0.709885409147094
197 0.7100389391582829
198 0.7103906254742571
199 0.7106847826924729
200 0.7111002024341463
201 0.711538501638614
202 0.711788652114515
203 0.712190088756772
204 0.7124923468559589
205 0.7125347184953201
206 0.7127336058466233
207 0.7129436745214761
208 0.7130992044624206
209 0.713262756085602
210 0.7133213711611363
211 0.7133237353194111
212 0.7136919504502558
213 0.71436471851487
214 0.714726117287401
215 0.7149976451468864
216 0.7152557914517957
217 0.7157525112541169
218 0.7163414146846991
219 0.7167530270783729
220 0.716902372261263
221 0.7172926764911973
222 0.7172931112204352
223 0.7174385794983156
224 0.7175748328996441
225 0.7177045025669199
226 0.7177209961797922
227 0.7178204179808712
228 0.7186568382439609
229 0.7188021146464306
230 0.7190706710979635
231 0.7197191417952262
232 0.7199534681030461
233 0.7203246002644254
234 0.720720911328557
235 0.7212269278678914
236 0.7214416801626242
237 0.7218991724957696
238 0.7218991724957696
239 0.7219471936383548
240 0.7221024096454584
241 0.7222735296769317
242 0.722303779072935
243 0.7223453975017073
244 0.7223471995586551
245 0.7228227735358049
246 0.7232496409189298
247 0.7234392774373174
248 0.7238292446516057
249 0.7244966987559296
250 0.7248129457330376
251 0.7259605144441802
252 0.7260067166594276
253 0.7267971436119541
254 0.7272351404617893
255 0.7279955215472382
256 0.7284589944525657
257 0.7291685777461153
258 0.729275572625853
259 0.7301194956628019
260 0.7305238473269042
261 0.7313016569361127
262 0.7313048095394131
263 0.7317348256318105
264 0.7320899129510358
265 0.7323489334380657
266 0.7325634260641248
267 0.7325635228034256
268 0.7326077329326003
269 0.7326573871613213
270 0.7326752792488702
271 0.7332610986814232
272 0.7339122052007484
273 0.7340422817116148
274 0.7347947194662803
275 0.735166964232488
276 0.7357577026265522
277 0.7357577026265522
