000 0.02432140305596411
001 0.040320137369826835
002 0.0713976183785062
003 0.08543294102003153
004 0.10194114125180359
005 0.10604420178071124
006 0.10604420178071124
007 0.10604420178071124
008 0.10604420178071124
009 0.10604420178071124
010 0.10792006533174976
011 0.12332980598702799
012 0.12332980598702799
013 0.12332980598702799
014 0.1370195606762053
015 0.1370195606762053
016 0.14536326166311608
017 0.19295475883218682
018 0.19295475883218682
019 0.19295475883218682
020 0.20494215005609373
021 0.20494215005609373
022 0.22415865221586215
023 0.3399824008144964
024 0.3399824008144964
025 0.3399824008144964
026 0.3399824008144964
027 0.3742754921964869
028 0.4864104142411194
029 0.4864104142411194
030 0.4864104142411194
031 0.4864104142411194
032 0.4864104142411194
033 0.5140018716906866
034 0.5140018716906866
035 0.5140018716906866
036 0.529083011301148
037 0.553305880348862
038 0.5563897605689928
039 0.5563897605689928
040 0.5719269121081945
041 0.5904849968845224
042 0.5904849968845224
043 0.5904849968845224
044 0.5953452553617254
045 0.6080615705981355
046 0.6140015951482154
047 0.6214600963642263
048 0.6214600963642263
049 0.6214600963642263
050 0.6236876564484924
051 0.627696052133511
052 0.6314036046684945
053 0.6314948355102639
054 0.6343458591494839
055 0.6412838632562659
056 0.6458074685544143
057 0.6471326972945565
058 0.6471326972945565
059 0.6471326972945565
060 0.6481228944440744
061 0.6481228944440744
062 0.6481228944440744
063 0.6481228944440744
064 0.6481228944440744
065 0.6481228944440744
066 0.6481228944440744
067 0.6516319231816027
068 0.6516319231816027
069 0.6541966623050798
070 0.6555780973393328
071 0.6560713133981624
072 0.6568693308983032
073 0.6568693308983032
074 0.6573886604884266
075 0.6574648253529936
076 0.6581012945625543
077 0.6581590147836316
078 0.6581590147836316
079 0.6581590147836316
080 0.6581590147836316
081 0.6582165527808101
082 0.6591073003890731
083 0.6593710235503187
084 0.6609486342400358
085 0.6614064701810479
086 0.6614088790444013
087 0.6614088790444013
088 0.6615554610891271
089 0.6616741718130305
090 0.6617273288884734
091 0.6620464458577909
092 0.6620464458577909
093 0.6620464458577909
094 0.6639453957968715
095 0.6639917489174534
096 0.6642455821302334
097 0.6642455821302334
098 0.6644390724175575
099 0.6644390724175575
100 0.6653021779664617
101 0.6653021779664617
102 0.6653088737064649
103 0.6653088737064649
104 0.666373762960236
105 0.6663858419471952
106 0.66686186713240
107 0.6671029999822907
108 0.6672020689099952
109 0.6672883716834141
110 0.6673709129624759
111 0.6674862738568812
112 0.6675207643328197
113 0.6676148834824781
114 0.6682361117368533
115 0.6686457479120139
116 0.6689175319650237
117 0.6694151132275153
118 0.6704615443101098
119 0.670554914324316
120 0.6709592166380149
121 0.6712205580031796
122 0.6713972270522163
123 0.6716438620126289
124 0.671989680789376
125 0.6720856411470554
126 0.6724262274362693
127 0.672522735360592
128 0.6726734584691394
129 0.6726734584691394
130 0.6730887555189291
131 0.6733191337984077
132 0.6734930263260983
133 0.6740800864286921
134 0.6744226196654053
135 0.6749410978908946
136 0.6752852256729904
137 0.6767283901180863
138 0.6770282266674355
139 0.6773598197035396
140 0.6778752419265011
141 0.6784438826713604
142 0.6786418168231549
143 0.678870267876112
144 0.6790910007260388
145 0.6793506946268821
146 0.6794449669124221
147 0.6795145100906482
148 0.6795225597051257
149 0.6795270481654467
150 0.6795291146391972
151 0.6799225539498288
152 0.6799295179184164
153 0.6803751478193604
154 0.6807149231549888
155 0.6807205122113155
156 0.6813079944657473
157 0.6816851649088925
158 0.6820332003681533
159 0.6820332003681533
160 0.6825516688606048
161 0.6829506835989987
162 0.6839542597141461
163 0.6839542597141461
164 0.6848148116852979
165 0.6848148116852979
166 0.68511076945297
167 0.6854487751302668
168 0.6856955728614547
169 0.6857908658807016
170 0.6860144239245172
171 0.6861069049445724
172 0.6862345275230722
173 0.6864064418296866
174 0.6864064418296866
175 0.6870200301025429
176 0.6870200301025429
177 0.6870892751313722
178 0.6877303864599171
179 0.6877934519252799
180 0.688770368053753
181 0.688770368053753
