000 0.021115346335941677
001 0.07230549826118951
002 0.07230549826118951
003 0.08844093941218878
004 0.08844093941218878
005 0.11904337757612957
006 0.11904337757612957
007 0.11904337757612957
008 0.11904337757612957
009 0.11904337757612957
010 0.11904337757612957
011 0.12962483144220535
012 0.14636632508906489
013 0.14636632508906489
014 0.16379084705177552
015 0.16379084705177552
016 0.16379084705177552
017 0.1751266358962686
018 0.21924957172262505
019 0.25199822491479285
020 0.25199822491479285
021 0.29643304493302447
022 0.31903631591416654
023 0.31903631591416654
024 0.31903631591416654
025 0.4053060421308133
026 0.4053060421308133
027 0.43524833841420746
028 0.4550845123908558
029 0.4550845123908558
030 0.4761023669807298
031 0.5192776328442686
032 0.5237693153640716
033 0.5357895866560297
034 0.5462801514885066
035 0.5462801514885066
036 0.5850541823087172
037 0.5861799022869865
038 0.5861799022869865
039 0.6139731068133919
040 0.6348284878982114
041 0.6348284878982114
042 0.6348284878982114
043 0.6348284878982114
044 0.6348284878982114
045 0.655161298738025
046 0.655161298738025
047 0.655161298738025
048 0.655161298738025
049 0.655161298738025
050 0.6588641614855477
051 0.6673943276629312
052 0.6708528688719011
053 0.6708528688719011
054 0.6713629450594738
055 0.6738667994591503
056 0.6787876693511978
057 0.7015222114159542
058 0.7015222114159542
059 0.7147410625464441
060 0.7147410625464441
061 0.7147410625464441
062 0.7147410625464441
063 0.7147410625464441
064 0.7216087989854768
065 0.7216087989854768
066 0.7216087989854768
067 0.7216087989854768
068 0.7216087989854768
069 0.7268110574121105
070 0.7268110574121105
071 0.7268110574121105
072 0.7268110574121105
073 0.7268110574121105
074 0.7268110574121105
075 0.7268110574121105
076 0.7268110574121105
077 0.7365755535051748
078 0.7365755535051748
079 0.7365755535051748
080 0.7365755535051748
081 0.7365755535051748
082 0.7365755535051748
083 0.7365755535051748
084 0.7365755535051748
085 0.7365755535051748
086 0.7375174467690614
087 0.7379676499867539
088 0.7379676499867539
089 0.7379676499867539
090 0.7413662759612205
091 0.742879390609545
092 0.742879390609545
093 0.7443388324380412
094 0.7455597159966069
095 0.7458826651995999
096 0.7464227146204814
097 0.7468135173435486
098 0.7468135173435486
099 0.7469046624037708
100 0.746904953915728
101 0.746904953915728
102 0.746904953915728
103 0.746904953915728
104 0.746904953915728
105 0.7486544532559993
106 0.7489541544478744
107 0.7496307129099049
108 0.7498133167004277
109 0.7498229058684459
110 0.7498229058684459
111 0.7498229058684459
112 0.7498229058684459
113 0.7498229058684459
114 0.7498229058684459
115 0.7514754939247652
116 0.7514754939247652
117 0.7519708284532044
118 0.7521750309974361
119 0.7522869218036857
120 0.7523076078215404
121 0.7523076078215404
122 0.7523188833886566
123 0.7523188833886566
124 0.7523188833886566
125 0.7534467288532831
126 0.753629462826235
127 0.7540295841060436
128 0.7541168268963911
129 0.7541748172052886
130 0.7541748172052886
131 0.7557358037710382
132 0.7557358037710382
133 0.7566884039103696
134 0.7566884039103696
135 0.757164338003186
136 0.7578823930539066
137 0.7579616276172348
138 0.7583742192202644
139 0.7584113034364628
140 0.7584384912144376
141 0.7587781909659687
142 0.7587781909659687
143 0.7589294531029896
144 0.7589294531029896
145 0.7589378551946593
146 0.7599608341008066
147 0.7610499560627446
148 0.7615742937701567
149 0.7623535142314593
150 0.7629827968437699
151 0.7641888286394496
152 0.7644400500596434
153 0.764664593072949
154 0.765118354935981
155 0.7657178214043828
156 0.7657178214043828
