000 0.02224141858746735
001 0.042218713809858296
002 0.06960855503291784
003 0.08124924018766617
004 0.08124924018766617
005 0.08647873119354132
006 0.09803747186789809
007 0.1054450107476825
008 0.10900713822844398
009 0.10977363511888782
010 0.11050620645212784
011 0.11050620645212784
012 0.13742356625270108
013 0.13742356625270108
014 0.17960680839700974
015 0.17960680839700974
016 0.17960680839700974
017 0.17960680839700974
018 0.17960680839700974
019 0.2223848117909542
020 0.2223848117909542
021 0.2223848117909542
022 0.22549350696583056
023 0.24265198806937005
024 0.24532613015896165
025 0.2923777332876227
026 0.311923591715016
027 0.3423285321050086
028 0.3567508117693862
029 0.3656772815619576
030 0.43284549398436334
031 0.44922492641295164
032 0.4681824238245884
033 0.4681824238245884
034 0.4954678853458503
035 0.4954678853458503
036 0.5347534225357736
037 0.5347534225357736
038 0.5347534225357736
039 0.566835814035928
040 0.566835814035928
041 0.566835814035928
042 0.566835814035928
043 0.5679916529586709
044 0.5814780150757217
045 0.5814780150757217
046 0.6025322585172125
047 0.6046429885164523
048 0.6081490449855612
049 0.6081490449855612
050 0.6130463212361276
051 0.6145926435560943
052 0.6145926435560943
053 0.6145926435560943
054 0.6171090861769529
055 0.6201277704021642
056 0.6251422090813443
057 0.6251422090813443
058 0.6256550745776642
059 0.6256550745776642
060 0.6269642070834075
061 0.6270089644557214
062 0.6293729219115882
063 0.6293729219115882
064 0.629527711416467
065 0.6324183022348293
066 0.6326665436544293
067 0.6326665436544293
068 0.6326665436544293
069 0.6353049450822967
070 0.6353049450822967
071 0.6353049450822967
072 0.6354141134731167
073 0.636242866903692
074 0.636242866903692
075 0.637079532500711
076 0.6375526953275544
077 0.6375526953275544
078 0.6375526953275544
079 0.6375526953275544
080 0.6375526953275544
081 0.6375526953275544
082 0.6389490515124092
083 0.6389490515124092
084 0.6389490515124092
085 0.6389490515124092
086 0.6425477078698534
087 0.6443139041192396
088 0.6463921484470312
089 0.6479141830064465
090 0.6491161943235599
091 0.6494289173521639
092 0.6497313774641755
093 0.65034277045702
094 0.6514102508100084
095 0.6525154663138774
096 0.6534871815910902
097 0.653564709345353
098 0.653564709345353
099 0.6535717146578981
100 0.6535717146578981
101 0.6535717146578981
102 0.6535717146578981
103 0.6535717146578981
104 0.6535717146578981
105 0.6544135304926112
106 0.655264039317533
107 0.6553059420189459
108 0.6562096646468505
109 0.6563835580790736
110 0.6570762109288666
111 0.657204539934663
112 0.6576507004382989
113 0.6577660361466787
114 0.658010955527156
115 0.6580274472951747
116 0.6581096759230176
117 0.6581096759230176
118 0.6581096759230176
119 0.6581096759230176
120 0.6596871494062452
121 0.6598354218940066
122 0.6598986066576408
123 0.6604355898758033
124 0.6606246457968499
125 0.6608244194462692
126 0.6609279257758909
127 0.6609442863920153
128 0.6610392185995434
129 0.6610659201810613
130 0.6618120081109686
131 0.6619769497870224
132 0.662193859596122
133 0.6623880069294987
134 0.6624468967841894
135 0.6629744078290545
136 0.6631944674847385
137 0.6635735431647134
138 0.664377646117117
139 0.6658444655800961
140 0.6658444655800961
141 0.6663271188877053
142 0.6666086077348516
143 0.6666598841580827
144 0.6668355174210566
145 0.666844934271188
146 0.666867952559049
147 0.666867952559049
148 0.6668770086370364
149 0.6671404496802366
150 0.6674882221590909
151 0.6678013736938829
152 0.6682516921785135
153 0.6682516921785135
