000 0.03461760013920797
001 0.03461760013920797
002 0.06240880477956942
003 0.06547292101676888
004 0.07169333511721208
005 0.08302816645105796
006 0.09683383323025184
007 0.09683383323025184
008 0.11667231669564546
009 0.11667231669564546
010 0.11667231669564546
011 0.11667231669564546
012 0.13116130329548517
013 0.13116130329548517
014 0.13348611604814323
015 0.13348611604814323
016 0.19853821907512736
017 0.19853821907512736
018 0.19853821907512736
019 0.19853821907512736
020 0.21066345490881755
021 0.2168622033476839
022 0.2168622033476839
023 0.2269732184087483
024 0.28898429654344365
025 0.30077151991653295
026 0.30077151991653295
027 0.3498512926924197
028 0.3498512926924197
029 0.3551017153548402
030 0.3855800710577645
031 0.39433824610358886
032 0.4273465326319719
033 0.48107745829241194
034 0.48107745829241194
035 0.5036307588815295
036 0.5036307588815295
037 0.5190285764617846
038 0.5596817466464246
039 0.5635068464656586
040 0.5635068464656586
041 0.5943061738073556
042 0.5943061738073556
043 0.5943061738073556
044 0.6095601764619969
045 0.6095601764619969
046 0.6172308962115169
047 0.6272785431727768
048 0.6272785431727768
049 0.6316857524370232
050 0.6392028263239873
051 0.6392028263239873
052 0.6392028263239873
053 0.6392028263239873
054 0.6507187111860557
055 0.6521918673848364
056 0.6521918673848364
057 0.6619625351653171
058 0.6619625351653171
059 0.6622700535747399
060 0.6622700535747399
061 0.6661204772192504
062 0.6683239733349078
063 0.6683239733349078
064 0.6683239733349078
065 0.6683239733349078
066 0.6683239733349078
067 0.6683239733349078
068 0.6683239733349078
069 0.6683239733349078
070 0.6683239733349078
071 0.6683239733349078
072 0.6695358150774094
073 0.6700375165884837
074 0.6701397415293588
075 0.6705691745307005
076 0.6710583447334507
077 0.6713224165226164
078 0.6714046576664844
079 0.6714360685173264
080 0.671643564627139
081 0.6720517624850234
082 0.6720699700121704
083 0.6720781254581197
084 0.6720781254581197
085 0.6721880100948979
086 0.6732362789056648
087 0.6734323834170804
088 0.6740700539552223
089 0.6743556133380143
090 0.6743556133380143
091 0.6744905314693234
092 0.674621040380042
093 0.6748065230471694
094 0.6750835150509109
095 0.6755767074878402
096 0.675769305077184
097 0.6758599106569373
098 0.6761147032008142
099 0.6766101709308874
100 0.677045278289408
101 0.677187019535833
102 0.677187019535833
103 0.6772409314738065
104 0.6774490319559837
105 0.6775109175010288
106 0.6775959698620508
107 0.6776918589249954
108 0.6778114947879531
109 0.678366758970949
110 0.6785662035754696
111 0.679106758522575
112 0.6795174604766577
113 0.6795262745945192
114 0.6798204794764721
115 0.6804045389951752
116 0.6808514610397648
117 0.681362902387354
118 0.6818357091030687
119 0.6822053222967678
120 0.6824627826505316
121 0.6833236083998397
122 0.6833236083998397
123 0.6835591248697661
124 0.6838958035544953
125 0.6840622566496035
126 0.684272787510937
127 0.6844674507527103
128 0.6845136555207172
129 0.684645627601314
130 0.6847171860480221
131 0.6850560296092745
132 0.6851514679618343
133 0.6854395298312623
134 0.685460923800611
135 0.6856904137604509
136 0.6860407032201501
137 0.6860407032201501
138 0.6865059141938987
139 0.6865059141938987
140 0.6871969679089812
141 0.6872740455801826
142 0.6879645679472968
143 0.6879645679472968
144 0.6882823749548824
145 0.688748486609688
146 0.6891073030542331
147 0.6891488151849753
148 0.689436864116294
149 0.6894640236949907
150 0.6896605315976188
151 0.6899558971345553
152 0.6901339087297306
153 0.6904251004074636
154 0.6905023383713572
155 0.6905952651092118
156 0.6908511284018752
157 0.6912536248726174
158 0.6913357195174755
159 0.6914003670214266
160 0.6916797001928755
161 0.6916797001928755
162 0.6922076543936971
163 0.6925705794569714
164 0.6928918012370218
165 0.6928918012370218
166 0.6930349159862249
167 0.6934595626717085
168 0.6935494870428222
169 0.6937650005378452
170 0.6942742113371133
171 0.6942742113371133
172 0.6945520214908631
173 0.6949266658965906
174 0.6951954051029534
175 0.6951954051029534
176 0.6955770090018356
177 0.6958529415076301
178 0.696089287180285
179 0.6962673556998682
180 0.6963002435054497
181 0.6964565768926927
182 0.6965755567467427
183 0.6967021378519354
184 0.6969625342362346
185 0.6970318210109322
186 0.6970318210109322
187 0.6972801649183812
188 0.6972801649183812
189 0.6972801649183812
190 0.6974876297923378
191 0.6977380958530792
192 0.6981407809277086
193 0.6981407809277086
194 0.6981407809277086
195 0.6982221465043024
196 0.6987361881066486
197 0.6987361881066486
198 0.6987361881066486
199 0.6988258004141906
200 0.6991150324099269
201 0.699118075977286
202 0.7001605870444312
203 0.7002981125450567
204 0.7004440649873805
205 0.7007775733023285
206 0.7008467226959627
207 0.7014764069643294
208 0.7017240128636261
209 0.7022901390845169
210 0.702532562298038
211 0.7029765280859532
212 0.7032864354580831
213 0.7034980692091112
214 0.7035985565384937
215 0.7035994506155749
216 0.7037962859076041
217 0.7040076649250538
218 0.7041023696053849
219 0.7042021545967659
220 0.7042779124148185
221 0.7045446938790686
222 0.7046494845472754
223 0.7046494845472754
224 0.704702280734132
225 0.704702280734132
226 0.7050506215096568
227 0.7052870550420498
228 0.7052870550420498
229 0.7053003735297408
230 0.7053003735297408
231 0.705350529068332
232 0.7055170800469577
233 0.7055170800469577
234 0.7061199763046253
235 0.7061199763046253
236 0.7065075050462742
237 0.7065075050462742
238 0.7065623407940739
239 0.7068106246865662
240 0.7069586838599055
241 0.7071209590501272
242 0.7072623893949995
243 0.7073343981613257
244 0.707594397377755
245 0.7084553011792356
246 0.7084553011792356
247 0.7084553011792356
248 0.7094044493342833
249 0.7094044493342833
250 0.7094044493342833
251 0.709667672194609
252 0.7104641236734409
253 0.7105936176019934
254 0.7108076142899448
255 0.7108076142899448
256 0.7110609898149933
257 0.7111778987560358
258 0.7116673347093949
259 0.7116673347093949
260 0.7120623196282913
261 0.7120623196282913
262 0.7122425400977769
263 0.7123289487475982
264 0.7125303624777558
265 0.7125472346841325
266 0.7127264374057632
267 0.7135951051483334
268 0.7135951051483334
269 0.7135951051483334
270 0.7142525412915218
271 0.7142525412915218
272 0.7145344850498744
273 0.714645713248821
274 0.7153513382402433
275 0.71549409487907
276 0.7157340504492873
277 0.7157340504492873
278 0.7159010884927566
279 0.716135381722784
280 0.7161647640698799
281 0.7164663068466997
282 0.7164724695961043
283 0.7165131128438059
284 0.7166284982512734
285 0.7169138299217717
286 0.7169138299217717
287 0.7170989941187449
288 0.7177597519144409
289 0.7177597519144409
