000 0.059781675055999885
001 0.059781675055999885
002 0.059781675055999885
003 0.059781675055999885
004 0.08469452177760194
005 0.08520023103893212
006 0.09305087434950082
007 0.1023324641784322
008 0.1023324641784322
009 0.10567403712617869
010 0.10567403712617869
011 0.11827874524486864
012 0.1395637312526204
013 0.1395637312526204
014 0.1395637312526204
015 0.17127228526854607
016 0.17127228526854607
017 0.2176491671419615
018 0.2176491671419615
019 0.2176491671419615
020 0.3079440984041257
021 0.3079440984041257
022 0.3079440984041257
023 0.3079440984041257
024 0.31281763282060016
025 0.3661299903489235
026 0.3661299903489235
027 0.3944222807422346
028 0.3944222807422346
029 0.3944222807422346
030 0.40433725805219073
031 0.44370933176329475
032 0.44370933176329475
033 0.4660139167900995
034 0.48095633980188457
035 0.5298823570578657
036 0.5367203307005188
037 0.5367203307005188
038 0.5469962918995461
039 0.5652117045149846
040 0.5672322998484473
041 0.5897257228641122
042 0.5897257228641122
043 0.5897257228641122
044 0.598255118222975
045 0.598255118222975
046 0.6066135957661917
047 0.6066135957661917
048 0.6134141949318896
049 0.6134141949318896
050 0.6158564130097578
051 0.6158564130097578
052 0.6158564130097578
053 0.6158564130097578
054 0.6240530359330261
055 0.6240530359330261
056 0.6258796848329484
057 0.6315495698950803
058 0.6315495698950803
059 0.6482108377329229
060 0.6559594738319843
061 0.6559594738319843
062 0.6559594738319843
063 0.6559594738319843
064 0.6559594738319843
065 0.6559594738319843
066 0.6559594738319843
067 0.6559594738319843
068 0.6559594738319843
069 0.6559594738319843
070 0.6590188132998427
071 0.6590188132998427
072 0.6596116913478084
073 0.6640059143751028
074 0.6653082696985166
075 0.6653082696985166
076 0.6676029456259025
077 0.6676029456259025
078 0.6717312582935469
079 0.6736585414361108
080 0.6736585414361108
081 0.6736585414361108
082 0.6736585414361108
083 0.6736585414361108
084 0.6749298412295068
085 0.674993168907564
086 0.6752683975022176
087 0.675662524414683
088 0.675727016573157
089 0.6761236663559242
090 0.6761236663559242
091 0.6766729558448279
092 0.6766729558448279
093 0.6766729558448279
094 0.6792988812047299
095 0.6793841116849066
096 0.6813783342368345
097 0.6827598215505029
098 0.6828662646374424
099 0.6832509046934545
100 0.6837269402692713
101 0.6841194217750254
102 0.6844147445140953
103 0.6847928803612773
104 0.6853082498410926
105 0.6855602060977612
106 0.6855602060977612
107 0.6855602060977612
108 0.6855602060977612
109 0.6855602060977612
110 0.6855602060977612
111 0.6855602060977612
112 0.686095876862077
113 0.6865999484213441
114 0.6879623259283311
115 0.6879623259283311
116 0.6882630521305606
117 0.6897147797221613
118 0.6897147797221613
119 0.6907235214342148
120 0.6911171698048572
121 0.6911171698048572
122 0.6915080728805549
123 0.692131374518284
124 0.692287725646209
125 0.6926764633255071
126 0.6929105936513773
127 0.6931646253499635
128 0.6933221846607166
129 0.6938202122532917
130 0.694151686567352
131 0.6945699139615852
132 0.6946820351166418
133 0.6947111029045282
134 0.6947494455079332
135 0.6947726890380024
136 0.6947726890380024
137 0.6947798425568624
138 0.6947798425568624
139 0.6954517509505376
140 0.6961879900186255
141 0.6967901920408242
142 0.6972472829227063
143 0.6985373957909453
144 0.6986484071797713
145 0.698745354173974
146 0.6992488460276651
147 0.6999059622794722
148 0.6999059622794722
149 0.6999496728154819
150 0.6999496728154819
151 0.6999881545994209
152 0.7000929782688445
153 0.700670057073752
154 0.7008888449408079
155 0.701062698367587
156 0.7015251289445135
157 0.7016842407193031
158 0.7020346540555746
159 0.7028619510033542
160 0.7031487635956686
161 0.7038514659017304
162 0.7043175198554315
163 0.7044679445311006
164 0.7048703005157483
165 0.7051210213468353
166 0.7054146587513684
167 0.7055962414247448
168 0.7058649440440289
169 0.7059760596213402
170 0.7060461554633461
171 0.7062531394655589
172 0.7062531394655589
173 0.7062531394655589
174 0.7066400060964652
175 0.7077627936408465
176 0.708059994910301
177 0.708059994910301
178 0.7082284999794408
179 0.7086195449761449
180 0.7094227131404269
181 0.7094738659979946
182 0.7104426110779416
183 0.7105571182318834
184 0.7105571182318834
185 0.710760030968584
186 0.7108677848936396
187 0.7108771832400516
188 0.7109542329940721
189 0.7110063779266512
190 0.7110415654605766
191 0.7110978992616748
192 0.7112700029852919
193 0.7114307570459227
194 0.7118447941768108
195 0.7118447941768108
196 0.712095594121195
197 0.712765909181836
198 0.7132218710164565
199 0.7132488952520153
200 0.7140573704230114
201 0.7140753425932159
202 0.714383922234162
203 0.7148816710427862
204 0.7151124897858742
205 0.7152747515604133
206 0.7155163059892499
207 0.7158392678293092
208 0.715941052866246
209 0.7162445782564887
210 0.7162930897430649
211 0.7165269445135312
212 0.716537544684741
213 0.7166760371374998
214 0.7167012565487144
215 0.7171604680400665
216 0.7171604680400665
