000 0.03137041402904251
001 0.04098883534947118
002 0.07027865119544795
003 0.0776164819709855
004 0.08284898564705218
005 0.09035932946138474
006 0.09981725045700932
007 0.09981725045700932
008 0.13416779969759005
009 0.13416779969759005
010 0.13416779969759005
011 0.13416779969759005
012 0.13552138570833286
013 0.13552138570833286
014 0.14546379720106148
015 0.14705395718810266
016 0.14705395718810266
017 0.18546601893875833
018 0.2128912530123863
019 0.2128912530123863
020 0.2188464793977527
021 0.230427896435092
022 0.2672505000891453
023 0.3376080151112952
024 0.3376080151112952
025 0.3376080151112952
026 0.3376080151112952
027 0.3376080151112952
028 0.3376080151112952
029 0.3376080151112952
030 0.36446399270419133
031 0.39526855040281134
032 0.40571318053617983
033 0.40571318053617983
034 0.4524923569324299
035 0.4524923569324299
036 0.4524923569324299
037 0.4524923569324299
038 0.4524923569324299
039 0.4556644241286409
040 0.48916879471987473
041 0.5003358405653566
042 0.5003358405653566
043 0.5003358405653566
044 0.501752619057736
045 0.501752619057736
046 0.5218059904076303
047 0.5218059904076303
048 0.5442046008708726
049 0.5442046008708726
050 0.5442046008708726
051 0.5442046008708726
052 0.5679367286634173
053 0.5679367286634173
054 0.5679367286634173
055 0.5679367286634173
056 0.5679367286634173
057 0.5679367286634173
058 0.5679367286634173
059 0.5697797499681454
060 0.5717171955048247
061 0.5750370823980248
062 0.5785382582364301
063 0.5785382582364301
064 0.5785382582364301
065 0.5785382582364301
066 0.5785382582364301
067 0.5785382582364301
068 0.5785382582364301
069 0.5785382582364301
070 0.5785382582364301
071 0.5785382582364301
072 0.58321957287162
073 0.58321957287162
074 0.58321957287162
075 0.58321957287162
076 0.5832251581341411
077 0.5832251581341411
078 0.5832251581341411
079 0.5832251581341411
080 0.5832251581341411
081 0.5832251581341411
082 0.5869879024538712
083 0.5869879024538712
084 0.5873892064403425
085 0.5873892064403425
086 0.5874356328900883
087 0.5875383837839726
088 0.5875383837839726
089 0.5875858517662707
090 0.5876156494452621
091 0.5876635333577077
092 0.5903196042641731
093 0.5905918193587467
094 0.5913561697167744
095 0.5914035203681296
096 0.5919222068832769
097 0.5919222068832769
098 0.5921780948906243
099 0.5923670984697306
100 0.5923912025797176
101 0.5924188601122361
102 0.5924189848128119
103 0.5924189848128119
104 0.5954050460645641
105 0.5960052514887432
106 0.5970750699371065
107 0.5972954505663391
108 0.5975778839268654
109 0.597604196822118
110 0.5977388701911366
111 0.5978387097668285
112 0.5979527248842761
113 0.5979612285588337
114 0.5979641330956769
115 0.5979641330956769
116 0.6009047185275558
117 0.6020140091431891
118 0.6030760859607258
119 0.6030760859607258
120 0.6034806129290882
121 0.6034891401085346
122 0.6034891401085346
123 0.6034891401085346
124 0.6035840666784579
125 0.6035840666784579
126 0.6036549296124369
127 0.6036549296124369
128 0.6054621991060827
129 0.606588658297632
130 0.606976284472455
131 0.606976284472455
132 0.60712410118897
133 0.6071266705594363
134 0.6071266705594363
135 0.6071266705594363
136 0.6071266705594363
137 0.6071266705594363
138 0.6071266705594363
139 0.6085591709459641
140 0.6086668680937652
141 0.6093482569344598
142 0.6093482569344598
143 0.6094410549622957
144 0.6095380792548044
145 0.6095380792548044
146 0.6096547091023902
147 0.6096547091023902
148 0.6096547091023902
149 0.6110974507582794
150 0.6114961767899826
151 0.6115281060695608
152 0.6115281060695608
153 0.6116816580825796
154 0.6117501584105443
155 0.6119083365417486
156 0.6119083365417486
157 0.611912034394806
158 0.6119309907031326
159 0.6133724428486617
160 0.6135244905690355
161 0.6135244905690355
162 0.613614138418602
163 0.6137597378610732
164 0.6137597378610732
165 0.613837288943918
166 0.6138842509723806
167 0.6138842509723806
168 0.6138856951728882
169 0.6148242990569267
170 0.6150641907286643
171 0.6152298278522011
172 0.6154431313499933
173 0.6157387616447402
174 0.6159679616386766
175 0.6163040107237227
176 0.6167285353974045
177 0.6167285353974045
178 0.6169234184177477
179 0.6169554956773396
180 0.6169784094364814
181 0.6169784094364814
182 0.6169784094364814
183 0.6178150985559095
184 0.6182331937269292
185 0.6193057332639368
186 0.6193057332639368
187 0.6195152024056597
188 0.6195541419542433
189 0.6196689122625556
190 0.6196689122625556
191 0.6197131197697934
192 0.6197487830317286
193 0.6197815564553332
194 0.619834880860046
195 0.6206676631835893
196 0.6206676631835893
197 0.6215316606089625
198 0.6219642248045523
199 0.6219642248045523
200 0.6223950254731718
201 0.6227618846593992
202 0.6235063663075874
203 0.6235405787337017
204 0.6238091943062244
205 0.6240904064191496
206 0.6240904064191496
207 0.6242062992202128
208 0.6243486711780013
209 0.6243575287632029
210 0.6244668325149403
211 0.6244870475820862
212 0.6248223745615533
213 0.6251554174086109
214 0.6257365592398968
215 0.6257450985970603
216 0.6263138479344476
217 0.6263366225029843
218 0.6267266896254998
219 0.6269362741436968
220 0.627579400928534
221 0.6277311841638301
222 0.6280322452859745
223 0.6281110293932889
224 0.6283568646130803
225 0.6283568646130803
226 0.628394396371897
227 0.6284931458197964
228 0.628517476765802
229 0.6285425664691608
230 0.6290046360261375
231 0.6292207988477303
232 0.6298609586646414
233 0.6298609586646414
234 0.6302363336454814
235 0.6304379097227233
236 0.6307250895007321
237 0.631033259979665
238 0.6310880383841518
239 0.6311919578630506
240 0.6316249466874899
241 0.6317881778876302
242 0.63190577210963
243 0.6319942417121013
244 0.6322038881504662
245 0.6326229612801721
246 0.6326582999479762
247 0.6326582999479762
248 0.6330565200035656
249 0.6332479794828513
250 0.6334885447401809
251 0.6337574904998726
252 0.6345763788518155
253 0.6348012824316421
254 0.6351139586211229
255 0.6355545912343992
256 0.636767001766666
257 0.636767001766666
258 0.636899305879716
259 0.6373194673292819
260 0.6375968143006437
261 0.6379814673151245
262 0.6382441342781859
263 0.6386834326294675
264 0.6386834326294675
265 0.6391024261916647
266 0.6391121431576013
267 0.6391884423634632
268 0.639311386268739
269 0.6395817260649636
270 0.6398103284858053
271 0.6407514243530607
272 0.6409778374860123
273 0.6409833557786617
274 0.6412501169388707
275 0.6416847279101073
276 0.6424643740772842
277 0.6433379718347897
278 0.6434926317819063
279 0.6435358429889315
280 0.6437508173342117
281 0.6438406076506384
282 0.644015237582123
283 0.6440528126562003
284 0.6441078924988766
285 0.6441300982751887
286 0.6441567330458697
287 0.6444615325796388
288 0.6446035216901129
289 0.6452023205721164
290 0.6456201276574678
291 0.6457107757381318
292 0.6467537507729066
293 0.6471008274857004
294 0.64782699611494
295 0.6487307870855872
296 0.6488441056179765
297 0.6492772417800257
298 0.649634690935926
299 0.6498897744299934
300 0.6502334804061395
301 0.6504844191213658
302 0.6507493594576197
303 0.650811284292612
304 0.6509081489861173
305 0.6510591886751818
306 0.6510879435425466
307 0.6511588946641294
308 0.651374970196901
309 0.651374970196901
310 0.6521084515207479
311 0.6521084515207479
312 0.6521084515207479
313 0.6521084515207479
314 0.6523885610524095
315 0.6524026997098243
316 0.6531836569009857
317 0.6532987790584408
318 0.6536224768342176
319 0.6550934832993545
320 0.6550934832993545
321 0.6553684844276072
322 0.6562258112703683
323 0.6562258112703683
324 0.6563060708029232
325 0.6565281793747073
326 0.6569363513334566
327 0.6570808630835139
328 0.6572276299259034
329 0.65745734361693
330 0.6576961950901746
331 0.6579617173597189
332 0.6581057756699568
333 0.6584680724870224
334 0.6585277649206814
335 0.6592438638755094
336 0.6592470556648186
337 0.6593740732899703
338 0.6596545849626329
339 0.6598066219476467
340 0.6598141702229374
341 0.6600546918387843
342 0.6601319006632659
343 0.6605949531959696
344 0.6605949531959696
345 0.6605949531959696
346 0.6607286500779707
347 0.6607286500779707
348 0.660752104410415
349 0.6612887834332793
350 0.6612887834332793
351 0.6613746065969612
352 0.6613746065969612
