000 0.03686386705521745
001 0.03686386705521745
002 0.06354140287000391
003 0.06354140287000391
004 0.07570462394599368
005 0.07635557872270823
006 0.08845557269572367
007 0.08845557269572367
008 0.08845557269572367
009 0.09062772199858017
010 0.09062772199858017
011 0.09307624384603704
012 0.10168017302339262
013 0.11157569376497745
014 0.11157569376497745
015 0.11157569376497745
016 0.11157569376497745
017 0.1272142483271078
018 0.1272142483271078
019 0.1649740088173635
020 0.1649740088173635
021 0.1649740088173635
022 0.1649740088173635
023 0.1649740088173635
024 0.1835824569954192
025 0.19431831683890585
026 0.2323814715150785
027 0.2323814715150785
028 0.2323814715150785
029 0.2323814715150785
030 0.23811990623341905
031 0.23811990623341905
032 0.24588724358612282
033 0.25617307880822165
034 0.28391819224823156
035 0.28391819224823156
036 0.28391819224823156
037 0.31105518136142046
038 0.31105518136142046
039 0.33326938960860325
040 0.33326938960860325
041 0.33424751293468014
042 0.35957169350995527
043 0.35957169350995527
044 0.35982141941181184
045 0.36133385692666076
046 0.37775462061339093
047 0.3784172400438629
048 0.4006909155802334
049 0.4006909155802334
050 0.4073728556862639
051 0.4073728556862639
052 0.420613892404671
053 0.420613892404671
054 0.4407399049560142
055 0.4407399049560142
056 0.4407399049560142
057 0.4407399049560142
058 0.4407399049560142
059 0.44456495659677436
060 0.44456495659677436
061 0.44456495659677436
062 0.44456495659677436
063 0.4598373239411253
064 0.4598373239411253
065 0.46809606816612065
066 0.46809606816612065
067 0.46809606816612065
068 0.4723641379110234
069 0.47340888236100853
070 0.47340888236100853
071 0.47340888236100853
072 0.4790016534097066
073 0.4790016534097066
074 0.4790016534097066
075 0.482554780815935
076 0.482554780815935
077 0.482554780815935
078 0.482554780815935
079 0.48390041553720414
080 0.48390041553720414
081 0.48390041553720414
082 0.48390041553720414
083 0.48390041553720414
084 0.48390041553720414
085 0.48888938887425076
086 0.4899840896566419
087 0.49101361068491645
088 0.4919082955594618
089 0.4933990240321929
090 0.4944304802010086
091 0.49521993610696496
092 0.49587119437018184
093 0.4964985107527057
094 0.49805579346927126
095 0.49805579346927126
096 0.49879852828055954
097 0.4988131948078728
098 0.49882296114176095
099 0.49882296114176095
100 0.49882296114176095
101 0.49882296114176095
102 0.49882296114176095
103 0.49882296114176095
104 0.5012565362926706
105 0.5027888489825777
106 0.5032640273574039
107 0.5041105124785336
108 0.5052243176108969
109 0.5053833746377817
110 0.5054940199763119
111 0.5063466728018517
112 0.5063637091410813
113 0.5064219725409518
114 0.5064377730835309
115 0.5064462131166371
116 0.5064462131166371
117 0.5064462131166371
118 0.5085294132245376
119 0.5086591292230537
120 0.5106269098437696
121 0.5108827787280387
122 0.5124395881356759
123 0.5132397297008959
124 0.5141524281846154
125 0.5152269731071258
126 0.5153545284253535
127 0.5159916124371832
128 0.5159916124371832
129 0.5160117440554238
130 0.5160117440554238
131 0.5160117440554238
132 0.5160117440554238
133 0.5160117440554238
134 0.5160117440554238
135 0.5168822028809952
136 0.5192368540483112
137 0.5192368540483112
138 0.5202140142580519
139 0.5203374361868334
140 0.521256923900997
141 0.521256923900997
142 0.5222225365228897
143 0.522958862264354
144 0.5235819881225927
145 0.5238170161772766
146 0.5240350547588347
147 0.52426040801531
148 0.5244279771894553
149 0.5244716716252199
150 0.5244735215388224
151 0.5245399503814986
152 0.5245399503814986
153 0.5245399503814986
154 0.5255532537884557
155 0.5264416967375601
156 0.5271260908852919
157 0.5285165776465777
158 0.529223156303562
159 0.5307197130963983
160 0.5311316327961958
161 0.5313066006099394
162 0.5314289348971515
163 0.5314762853158296
164 0.5315024386253476
165 0.5315376564771646
166 0.5315560221755663
167 0.5315871993023624
168 0.5315871993023624
169 0.5324121869029739
170 0.5338392211530641
171 0.5346543092489385
172 0.5350077291389219
173 0.5357446388777464
174 0.5362569551478662
175 0.5366645690574938
176 0.5371913776222592
177 0.5375499494810821
178 0.5378960992497276
179 0.538206978875443
180 0.5386724258614557
181 0.538688075127261
182 0.5387088143740525
183 0.5387843602687996
184 0.5387843602687996
185 0.5387843602687996
186 0.5388384783344392
187 0.5407433516139416
188 0.5420430397115118
189 0.5420430397115118
190 0.5423527991170475
191 0.5425531154649038
192 0.5429165543169584
193 0.5430281306933786
194 0.5430442837723203
195 0.5430885408724823
196 0.5430886796338628
197 0.5440688296378137
198 0.5440688296378137
199 0.5440688296378137
200 0.5445904906110575
201 0.5445904906110575
202 0.5450195986261096
203 0.5452512290716799
204 0.5460412984782265
205 0.5469571115447808
206 0.5475918397508244
207 0.5482134197586144
208 0.5485136359164143
209 0.5488664198766704
210 0.5497224540191185
211 0.5497224540191185
212 0.549993406852035
213 0.5504648674711444
214 0.550970966872683
215 0.5510682314825239
216 0.5511239343982128
217 0.5511725606369237
218 0.5511725606369237
219 0.5512016664280343
220 0.552204161258175
221 0.5524169567660077
222 0.5526292617406927
223 0.5530135314220413
224 0.5533574891120544
225 0.5539510174167641
226 0.5545176786003101
227 0.5547311033250311
228 0.5549512351446377
229 0.5553717873745673
230 0.5553887376086224
231 0.5553887376086224
232 0.5553981686577864
233 0.5553981686577864
234 0.555695176141108
235 0.555695176141108
236 0.5562027213816148
237 0.5568165316175442
238 0.5570630824016743
239 0.5575558647075515
240 0.5575558647075515
241 0.5578482187239954
242 0.558672177681054
243 0.5591647425587235
244 0.5591889625134923
245 0.5595600736931687
246 0.5595600736931687
