000 0.013395024126158209
001 0.034591215023426845
002 0.05484446676583864
003 0.07753552136178725
004 0.09913006024515324
005 0.09913006024515324
006 0.09913006024515324
007 0.09913006024515324
008 0.10551888228361529
009 0.10551888228361529
010 0.11281381587474726
011 0.11281381587474726
012 0.11281381587474726
013 0.12445957336832011
014 0.13125618298032432
015 0.13125618298032432
016 0.15231355698671925
017 0.15231355698671925
018 0.19608362883980607
019 0.19608362883980607
020 0.19608362883980607
021 0.19608362883980607
022 0.21594125776735323
023 0.21594125776735323
024 0.2546242375304081
025 0.26780081358885893
026 0.268349468903835
027 0.2911370187093455
028 0.34183230786448465
029 0.37221269940318263
030 0.4016828814230037
031 0.44790648047578935
032 0.44790648047578935
033 0.44790648047578935
034 0.47506795130816687
035 0.47506795130816687
036 0.4994148511205047
037 0.4994148511205047
038 0.4994174871645656
039 0.4994174871645656
040 0.5365143924023087
041 0.5365143924023087
042 0.5365143924023087
043 0.5416748805500126
044 0.5453542538465924
045 0.5453542538465924
046 0.5467415327041221
047 0.5487088431132178
048 0.5529338574630129
049 0.5549047740665478
050 0.5653650220845998
051 0.5700985715528827
052 0.5748737187048505
053 0.5783675757773309
054 0.5783675757773309
055 0.5824288067136718
056 0.5825029658825925
057 0.5845892357474615
058 0.5855508249891321
059 0.5855508249891321
060 0.5875744098726533
061 0.5875744098726533
062 0.5875744098726533
063 0.5875744098726533
064 0.5875744098726533
065 0.5875744098726533
066 0.5875744098726533
067 0.5875744098726533
068 0.5875744098726533
069 0.5884904600123992
070 0.597911260327221
071 0.597911260327221
072 0.5984517904566151
073 0.5984517904566151
074 0.5994636866060856
075 0.5998271216908965
076 0.6007865669705081
077 0.6009605626063738
078 0.6009643380954904
079 0.6010080448823026
080 0.6010080448823026
081 0.6030049662886855
082 0.6030049662886855
083 0.6030049662886855
084 0.6030049662886855
085 0.6030049662886855
086 0.6030049662886855
087 0.6030049662886855
088 0.6034311626229021
089 0.6034311626229021
090 0.6034311626229021
091 0.6048663773226111
092 0.6079822349120946
093 0.6099514590420421
094 0.6123081495263731
095 0.6132617774859622
096 0.6144654092194956
097 0.6146094917629269
098 0.6162719779268389
099 0.6165513720893271
100 0.6166621483705913
101 0.6168440424396532
102 0.6169424390712986
103 0.616957059146632
104 0.6171733456963914
105 0.6172527040686645
106 0.6173336802201584
107 0.6173336802201584
108 0.6209717353843072
109 0.6225977976062135
110 0.6227320987862108
111 0.6228838871118267
112 0.6242406993388666
113 0.6244890920417452
114 0.6251205392028439
115 0.6252087435036864
116 0.6259570981408346
117 0.6268965734139194
118 0.6272341997804853
119 0.6275003822078031
120 0.6275241830840161
121 0.6275366495181186
122 0.6275366495181186
123 0.6275366495181186
124 0.6275366495181186
125 0.6275366495181186
126 0.6275366495181186
127 0.6305679050432831
128 0.6310990837928968
129 0.6310990837928968
130 0.6310990837928968
131 0.6310990837928968
132 0.6310990837928968
133 0.6311094005653226
134 0.6311094005653226
135 0.6311094005653226
136 0.6311094005653226
137 0.6367125370483356
138 0.6367259013808937
139 0.63709618584987
140 0.6373040881695777
141 0.637445349513342
142 0.6374637979236476
143 0.6374637979236476
144 0.6427597148648466
145 0.6427597148648466
146 0.6427597148648466
147 0.6427597148648466
148 0.6427597148648466
149 0.6427597148648466
150 0.6427597148648466
151 0.6427597148648466
152 0.643973645070395
153 0.643973645070395
154 0.6446876313434904
155 0.6460558265470276
156 0.6474764144651596
157 0.6474764144651596
