000 0.03658520421702655
001 0.057904080517497146
002 0.057904080517497146
003 0.06925349712595251
004 0.08817884050525218
005 0.08817884050525218
006 0.08829360737832724
007 0.08950183914302073
008 0.1309763184151526
009 0.1309763184151526
010 0.1309763184151526
011 0.1309763184151526
012 0.1309763184151526
013 0.20627106388942462
014 0.20627106388942462
015 0.20627106388942462
016 0.20627106388942462
017 0.20627106388942462
018 0.20627106388942462
019 0.20627106388942462
020 0.20627106388942462
021 0.20627106388942462
022 0.20627106388942462
023 0.20627106388942462
024 0.20929693468164579
025 0.23916577202218095
026 0.24002460962914485
027 0.26081376572818404
028 0.29802817485818867
029 0.36563075727126576
030 0.36563075727126576
031 0.36563075727126576
032 0.36563075727126576
033 0.4144038489144588
034 0.42729667686773465
035 0.4273893896108584
036 0.450765650134842
037 0.4685117113324452
038 0.4693418607085718
039 0.4707638872780256
040 0.4707638872780256
041 0.5232740799427908
042 0.5232740799427908
043 0.5232740799427908
044 0.5232740799427908
045 0.5324522753117206
046 0.5664849871410826
047 0.5664849871410826
048 0.5664849871410826
049 0.5753757021423129
050 0.5753757021423129
051 0.5796777362119965
052 0.5796777362119965
053 0.5866263691031822
054 0.5866263691031822
055 0.594678246317941
056 0.6048270004447328
057 0.6092422049718924
058 0.6092422049718924
059 0.6092422049718924
060 0.6179330868162353
061 0.6235063320897879
062 0.6235063320897879
063 0.6235063320897879
064 0.6235063320897879
065 0.6235063320897879
066 0.6235063320897879
067 0.6235063320897879
068 0.6235063320897879
069 0.623542754376396
070 0.6289947743127182
071 0.6289947743127182
072 0.6289947743127182
073 0.6289947743127182
074 0.6289947743127182
075 0.6289947743127182
076 0.6289947743127182
077 0.6289947743127182
078 0.6289947743127182
079 0.6289947743127182
080 0.6312244695741622
081 0.6327196588761395
082 0.6329974330432947
083 0.6330856332147472
084 0.6333512894161445
085 0.6340187914088475
086 0.6340187914088475
087 0.6345738163402204
088 0.6345738163402204
089 0.6346655944980646
090 0.6348051344566117
091 0.6350448458498871
092 0.6350482415300127
093 0.6350734228557366
094 0.635138928550494
095 0.6363413353886884
096 0.636690253155519
097 0.6369218474234798
098 0.6372363905228176
099 0.6374821536575696
100 0.6379528962933281
101 0.6380158561309367
102 0.6381309508189348
103 0.6381723238255822
104 0.6382621028655469
105 0.6382652410603408
106 0.6382654312613523
107 0.6396301539689425
108 0.6400352690631735
109 0.6400357490429709
110 0.6400663830738346
111 0.6403798170607856
112 0.6404014753788515
113 0.6404021829797052
114 0.6404086397649712
115 0.6404156058957577
116 0.6404156058957577
117 0.6409952659503018
118 0.6418525505220408
119 0.6418525505220408
120 0.6424966471615926
121 0.6425636438893726
122 0.6429205875811587
123 0.6435716101199266
124 0.6441878042085348
125 0.6446037965229343
126 0.6451227086077623
127 0.6452462585719988
128 0.6454741489117771
129 0.6454890075657189
130 0.6456385666638379
131 0.6456549989689342
132 0.6456549989689342
133 0.6456549989689342
134 0.6456549989689342
135 0.646420130051552
136 0.6464593833342271
137 0.6471832294658119
138 0.6482690598405398
139 0.6483588152815464
140 0.6488055653780033
141 0.6501110108177491
142 0.6512805800181662
143 0.6517024484679247
144 0.6520629187615102
145 0.6529461489593095
146 0.6535242854228284
147 0.6537727654260213
148 0.6539529526831281
149 0.6546250987503589
150 0.6547751671038459
151 0.6548327313101188
152 0.6549155993280428
153 0.6549298364362686
154 0.6549338887274093
155 0.6549420509788327
156 0.6561325514547582
157 0.6566187265580307
158 0.6567831201950997
159 0.6572993774004106
160 0.6577900760394677
161 0.6577928102539679
162 0.6578693053495279
163 0.6584414628126322
164 0.65850940954309
165 0.6588332308027162
166 0.6590077455627087
167 0.6590866004459068
168 0.6591325869033823
169 0.6591418289197566
170 0.6596749434647591
171 0.659971374081359
172 0.6603065658612752
173 0.6609109459883176
174 0.6609130598176046
175 0.6611509383558491
176 0.6614488936341304
177 0.6618322628195402
178 0.6620577812131369
179 0.6621757322968779
180 0.6622575167903293
181 0.6623306451051868
182 0.662403346337095
183 0.6628331473282317
184 0.6631967252485821
185 0.6636667238070574
186 0.6640347361558252
187 0.6643035301148449
188 0.6645709729542022
189 0.6648139358286514
190 0.6649314688067748
191 0.6650899186073206
192 0.6652799505317157
193 0.6654630164113647
194 0.6654661353220314
195 0.6654661353220314
196 0.6658538486048152
197 0.6665046624359474
198 0.6665046624359474
199 0.6665597991468281
200 0.6666976839725721
201 0.6670086745341649
202 0.6671398224424105
203 0.6678241861951029
204 0.6680627432547731
205 0.6684590538219944
206 0.6685837309535086
207 0.6692579148730317
208 0.6695454942781814
209 0.6699421723016816
210 0.6702837052728193
211 0.6707157723451115
212 0.6712275074664614
213 0.6714471392123442
214 0.6720155825597235
215 0.6720880610859048
216 0.6724984775165654
217 0.6725216651679118
218 0.672612367123364
219 0.6727257578236406
220 0.6728730662185822
221 0.6729996061016661
222 0.6730350732275031
223 0.6730945524500991
224 0.6732696033306572
225 0.6733510657706971
226 0.6739902646945749
227 0.6739902646945749
228 0.6741870780248673
229 0.6741870780248673
230 0.6741870780248673
231 0.6741870780248673
232 0.6741870780248673
233 0.6744504648171402
234 0.6746944048424434
235 0.6750507375172046
236 0.6752653859970448
237 0.6755828977587487
238 0.6755828977587487
239 0.6755828977587487
240 0.6757650622763819
241 0.6758796620832189
242 0.6761637160461609
243 0.6765604401987801
244 0.6765604401987801
245 0.6765604401987801
246 0.6767889924422225
247 0.6771787680910991
248 0.6774622627178138
249 0.6781248255208268
250 0.6783096003602203
251 0.6783096003602203
252 0.6787056674799261
253 0.6789259143604505
254 0.6791419010990926
255 0.6792982197489558
256 0.6795904206957908
257 0.6797748176820465
258 0.67984446095916
259 0.67984446095916
260 0.6801436530157898
261 0.680531678821099
262 0.680531678821099
263 0.680531678821099
264 0.6808652909945381
265 0.6808652909945381
266 0.6808652909945381
267 0.6809591643781995
268 0.6810376523193372
269 0.6814859543588238
270 0.6814859543588238
271 0.6822728231685339
272 0.6822728231685339
273 0.6833642214629078
274 0.6833642214629078
275 0.6833882302565674
276 0.6833882302565674
277 0.6837208645784858
278 0.6838129878278218
279 0.6842792301493499
280 0.6843735707976003
281 0.6847986313100838
282 0.6853290151737276
283 0.6853290151737276
284 0.6854430178719347
285 0.6857710694364102
286 0.6857710694364102
287 0.6860261516173949
288 0.6861961282049116
289 0.6862277198987398
290 0.6865033425187765
291 0.6865033425187765
292 0.6865033425187765
293 0.6865033425187765
294 0.6865678050471338
295 0.6867193969150708
296 0.6867489957142131
297 0.6867489957142131
298 0.6867643741434518
299 0.6867943251709845
300 0.6871335669861465
301 0.6871335669861465
302 0.6871335669861465
303 0.6872549265746449
304 0.6872806617721474
305 0.6872806617721474
306 0.6873531793904932
307 0.6873531793904932
308 0.6876673965659639
309 0.6876868929568875
310 0.6877034576887594
311 0.6877034576887594
