000 0.02036378834359696
001 0.0372695961022726
002 0.07306978512720316
003 0.08685419327887309
004 0.08716832403143936
005 0.08716832403143936
006 0.08716832403143936
007 0.09346312649954709
008 0.09895910370238929
009 0.12745386972577263
010 0.12745386972577263
011 0.12745386972577263
012 0.12745386972577263
013 0.16502380462209032
014 0.18740292263225353
015 0.18740292263225353
016 0.1891366457702942
017 0.1891366457702942
018 0.21187556530974738
019 0.2397818265320551
020 0.2397818265320551
021 0.2397818265320551
022 0.30269052864585017
023 0.30269052864585017
024 0.3606913384845647
025 0.3606913384845647
026 0.3606913384845647
027 0.37063984014980833
028 0.40445632055693614
029 0.40445632055693614
030 0.4155555681958703
031 0.44512215371003094
032 0.4515111835004937
033 0.45936123550602953
034 0.47284869942378843
035 0.5024160098275506
036 0.5147588288504367
037 0.5161786137657828
038 0.5542581354619031
039 0.5542581354619031
040 0.5624434759215178
041 0.5775656809669698
042 0.5775656809669698
043 0.5910030640897267
044 0.6113864332689071
045 0.6113864332689071
046 0.6113864332689071
047 0.6223561455835317
048 0.6256097577875113
049 0.6256097577875113
050 0.62870726440036
051 0.62870726440036
052 0.6314175369572065
053 0.6314175369572065
054 0.6387394262237223
055 0.6387394262237223
056 0.6456765822895816
057 0.6456765822895816
058 0.647308773905281
059 0.647308773905281
060 0.6480608399196672
061 0.6480608399196672
062 0.6480608399196672
063 0.6480608399196672
064 0.6492950742600997
065 0.6517931303944046
066 0.6517931303944046
067 0.6517931303944046
068 0.6517931303944046
069 0.6524857160213536
070 0.6524857160213536
071 0.6544523605019188
072 0.6544523605019188
073 0.6544523605019188
074 0.6544523605019188
075 0.6544523605019188
076 0.6544523605019188
077 0.6544523605019188
078 0.6544523605019188
079 0.6544523605019188
080 0.6544523605019188
081 0.6546188282320583
082 0.6561088086121389
083 0.6568859432396945
084 0.6593837101397974
085 0.6596518083834566
086 0.6609336885929734
087 0.6612550595714836
088 0.6618688820156022
089 0.6618866556418123
090 0.662451291147142
091 0.6637406724881827
092 0.66401721678425
093 0.6641341374441685
094 0.6641687480363143
095 0.6644344401917253
096 0.6645094603244367
097 0.664658338617273
098 0.6647178073616821
099 0.6647232941465567
100 0.6647526659622605
101 0.6650921631920482
102 0.6665183976099348
103 0.6666980966025592
104 0.6669668489816493
105 0.6674403106666936
106 0.6681433506704157
107 0.668661235315106
108 0.6690074822534713
109 0.6697118250051405
110 0.6701604678301827
111 0.6703474027913459
112 0.6704035440818976
113 0.6709327720185748
114 0.6710380676323047
115 0.6711898605518856
116 0.6713776663716345
117 0.6713898094132508
118 0.6713898094132508
119 0.6713898094132508
120 0.6716695849869445
121 0.6722046383016045
122 0.6722046383016045
123 0.6733227063647138
124 0.6733227063647138
125 0.6752243914718957
126 0.6754800092659485
127 0.6757558429742772
128 0.676039505517063
129 0.6768609863537559
130 0.6769533662423665
131 0.6772909388859756
132 0.6776912162843317
133 0.6780550814002527
134 0.6784253573138709
135 0.6789819733932407
136 0.6790990806059513
137 0.679185806014708
138 0.6792926838467456
139 0.6794009887689286
140 0.6795358948915653
141 0.6795429432527677
142 0.6796054852077361
143 0.6796305266733372
144 0.6799486152980464
145 0.6802017696507409
146 0.68060223739958
147 0.68060223739958
148 0.6809106087063694
149 0.6814788351341184
150 0.6837297036867673
151 0.6837297036867673
152 0.6837297036867673
153 0.6845086987659678
154 0.6845086987659678
155 0.6853630016255455
156 0.6854852074174824
157 0.6863745050822313
158 0.686975720707426
159 0.6871219421964524
160 0.6875973975089783
161 0.6879417935236155
162 0.6884173625612494
163 0.6884986385472424
164 0.6886633355950567
165 0.6889622135210041
166 0.6889859054533037
167 0.6892620162678812
168 0.6893337162339513
169 0.6894446127111313
170 0.6896136609966833
171 0.6897406644335996
172 0.6899225144250231
173 0.6900880888931048
174 0.6900880888931048
175 0.6904696930696401
176 0.6905214354599305
177 0.6908655808780059
178 0.6916738608906459
179 0.6916738608906459
180 0.6924220683296953
181 0.6924220683296953
182 0.6934605476085205
183 0.6940390148434564
184 0.6948673714573163
185 0.6951354897237356
186 0.6953573041178087
187 0.6960092068034144
188 0.6967521557196046
189 0.6970843258598395
190 0.6974111818087606
191 0.6977829554776358
192 0.697884594136838
193 0.6981212885718805
194 0.6983593615425747
195 0.6987651833342788
196 0.6987651833342788
197 0.698994620446882
198 0.6991055820573272
199 0.6992969347305755
200 0.6994334077348429
201 0.6995807418799049
202 0.7000143220060128
203 0.7001957651598073
204 0.7001957651598073
205 0.7005504209161042
206 0.7008281898898199
207 0.7010169933380208
208 0.7016327059363159
209 0.7026141538465035
210 0.7026141538465035
211 0.7031392547301447
212 0.7035535922537296
213 0.7037489876998959
214 0.7039974651181348
215 0.7047630644078975
216 0.7048091973806743
217 0.7048091973806743
