2.316574103600651000
16.68499797216198000
13.16886157878991300
18.48198870668859000
18.06334454192280200
19.44095730896035700
20.76283916032661000
24.31506551375386500
21.88928549485107000
23.05508816998893500
19.46444243517361300
22.72811388011890000
23.40182203837341700
23.69324737936294000
23.69179464150654400
24.31418845624081700
26.40553470579978000
24.78016974665915000
24.00594227091730600
25.71725092412849000
26.66194779608049000
24.49668627457396800
22.53051265641798300
24.79269531083612000
24.75016541833849000
27.60390006934065000
29.21981207109556800
30.96839060728704000
26.95209893382991600
26.13256808443995000
24.14937321320606000
23.61476574261424600
25.57750727682391600
27.78395697343040300
27.86669979374941500
26.68378610072894500
20.92503349481263000
17.13558686603895000
1.333899857665694400
