1.496408782118874300
17.10459026348375000
15.07630669942625600
18.00259485606727000
19.35350308996454000
21.32762525970426000
23.80986809442458400
25.53579222974420700
26.72867585765640500
26.56816127256942300
26.38481290700756800
25.51120210747887300
22.22423639920128500
29.11064018002100400
29.87916484297572600
29.79646567411919700
30.63789859936223800
30.53074344169382000
29.43566542578911000
30.80496874306929200
31.43881769990095500
26.28609972049344600
27.92549735793341600
25.76407296791332000
25.44883320366267300
24.69289953507676200
23.93237067184441700
23.77995017008145000
25.28580554553607000
26.83184572384760400
27.77287404054448000
27.86625482633293800
23.96987368488363800
25.59395661035878000
21.78268038920859300
20.30990907336502400
16.68719208239923500
14.84199511289830700
1.235251116411477700
