3.288695107741555400
18.07684652769630400
18.32765331925661000
26.25309397205689500
19.93990655133715300
23.32396640958463000
21.97438700342322400
22.31516155605478600
22.18300530203441300
26.19883312586663000
24.03446918485826300
28.00568394936125200
28.58981162283963300
28.84747863855509000
26.26199673131658200
25.71695966085705000
19.98434846458378000
24.66141843791596200
22.58029295326642200
22.30064196299866500
20.66146068953535700
22.37727040154131700
18.24019501054303300
23.16506746409377000
22.42136913925475000
23.10987180419401000
22.76769597015258700
25.68395110453948000
24.33605538429489500
29.35292513507722000
28.00577533805837800
29.93852466765403300
26.28534343955074700
23.89161351198225000
17.54543967833521000
20.79324627322356300
16.82562788470222500
24.22999184428846000
4.505262704416117500
