2.231051857405870000
21.45958117425238000
24.67367832525607000
29.39802265076497200
25.51228556473230600
28.30064033327001400
25.63929882933008000
30.20675863035909000
31.39571997350262200
31.08533594958663200
26.65253886946295500
26.07415048613165000
20.81373367971250200
21.18317902730025000
20.21606471944913600
20.90807427121284000
21.55155010421397300
26.24247080978364000
28.36244005707077000
28.46026711767442700
26.03935203879186000
23.80958284018850800
21.59332331923428700
20.97631858592048000
16.53449030847892600
21.66524520284424300
22.35287815368666400
26.65371473890234000
27.52946157623107500
31.80150446871110500
32.69469148782885500
34.79881656512105000
32.45652778711684000
28.36220728699352000
23.93311432442911000
25.05756786290388400
17.27384315319312000
13.34945471863727000
1.916360369197468900
