1.666240868018493700
11.14568040366894000
11.48873454967786500
15.05103820266373100
15.20063579976493000
24.08209202176512400
24.29298959151415000
26.65687478503201600
23.78862926598067400
24.80485468287179500
21.92912018917175000
20.05499176770093300
18.35435658990651600
19.63825482966502000
20.46659594012199000
22.36857530354780000
21.02046819137382600
22.97878146395174400
26.54008182729426000
25.26722686954402000
24.79575060562989000
25.57984038881549000
27.07861150075714500
28.35889198070521000
26.99939317010183300
27.05662989528981300
25.72157022360714500
24.95711880609555000
23.27125138788346000
23.08215218589885000
24.61529415702846500
25.94211829647213800
26.20303616263008800
24.22570538925691600
25.79614238726468800
23.89243706076237600
16.05537269593914000
12.09715477460993000
1.082954847033521500
