1.712531542327915300
23.50090593780737800
23.44215727038241000
24.64223602811073700
28.26562728851901000
28.71011232652333700
27.27164796789241000
28.55726497232595300
27.78806693880487400
26.30406945882334200
23.23612800108652400
22.90887072019165400
20.04197195576314000
21.64563594201263500
24.05848249007011600
28.33149557377313000
27.19811157409481300
24.59871581457137800
22.54244708986480800
20.86580048056850600
20.42247772287841200
22.83585311946185200
22.04547852035200600
24.31860219046115000
25.91399233122649500
25.32510341414296000
26.56149375534070200
22.04458525224874400
23.03977516796095800
22.77958766994192000
18.80201335383373000
18.88856353479940600
22.55821709288817800
24.54661745501601200
25.17485170179451300
25.25226479568481000
19.76746666908240300
16.69733474840049300
1.159633390105083700
