1.403796198026592300
16.96823861003293700
16.78570641148262000
19.21482077359997000
22.19816096270218000
26.28462864324151500
25.26709732726816400
27.99783465917685000
25.38808359070010200
25.33769688918064000
24.54601933690982600
23.58629418322436400
23.44469396160845000
27.81590313656306000
26.14080520614042800
26.05007655368714000
23.88361634544944700
24.00437932811394000
24.48028227405487600
25.50648112323034400
29.19535056597142400
28.29867290644584400
27.39722835191317800
25.59510351169813400
27.71315550432363800
25.75426397932910000
21.66505194265349000
21.08679622053153000
18.45556270092242500
18.20751659181773600
19.96917000065594300
23.29445899946163600
22.13912056017862000
21.09144877805872700
23.94603460390006000
20.17545910760967000
15.20336556598597300
15.83075577602181700
1.460611318160492700
