1.395939214034593900
17.39691363109192300
19.29254704097374000
21.04241009418818000
21.53016582235002000
23.17107922650531600
26.09229867855717000
27.06167941074655700
25.04135115461900800
24.50405317494463700
22.43173300215964300
22.20405477874122000
20.96637253457954500
20.79050874709711400
21.79024617187234700
22.98676267837015500
24.19862000377808500
22.33447751948333600
21.94638113027506400
21.93844466812141300
22.51871994184630000
24.39408334872120300
22.56040430399018600
23.37152744015929800
23.58321303413074000
23.22617688870380400
25.82968262815925400
24.68002255327264300
24.79483527116065700
24.96233141394193000
23.60618111264434700
23.86208769483757000
24.85238251332217000
24.85892536027423000
25.10221589273413300
22.04440342838236000
15.40812890198874500
10.53945128624215900
0.754258926820687800
