1.757682016630388600
14.72218914252940200
15.59420391767048400
20.46156615652775000
18.53479417599605000
21.37153476011831000
22.27202845039743600
24.52552501391032000
25.87088241892946500
25.48082739399906400
26.16707726249510000
23.94993061144727000
21.60805427241344400
29.39426450102994000
29.21865566592822500
30.27312539513181400
30.21694243823308300
31.09772875495369600
24.23922234496043500
23.52361820281254300
21.10812379437227000
23.82001118244494000
25.30906130080501300
28.29079881220965000
28.15960016382520300
27.90588336033956600
29.13997993337283000
28.29187365893166000
25.15877882171560000
27.68045056856902000
27.23089212192053700
24.51055233241365600
22.74389982806514000
24.25313586450782200
23.80102862376652000
25.28649680213192000
17.82008910722272400
14.58158910807403400
1.664108916387974000
