2.065152797133231300
17.76992970604921500
17.21712313813864000
23.46231526179566000
21.78186518986544200
23.27601607270786500
22.72722942472632000
25.81554953195709000
27.36506495920694300
29.82799865198732500
28.44388244473734800
29.00366162508061800
29.19928161616282000
30.14437826477477600
27.15955140915040300
23.19304752843433400
20.28978101873795500
21.85336358804932000
25.33945429613013000
26.16460531498940500
24.04694703594775600
23.84389568429540000
24.93322961231151400
26.65879863695880000
24.12191686255137700
26.22898920477487600
27.53672376818058600
28.88858581147094600
30.69236066187406200
33.02603023792399000
33.04924891172569000
33.94591015231302000
32.80151802148266400
30.64678803724687000
26.96313422046058000
22.69713545011417000
17.00042897949168400
12.69092910227006700
1.023177749714737600
