1.472795768814054700
11.88774386840764700
11.67649193846624000
19.83500838690008000
24.51096293123212500
24.25092708396339700
25.70120716709695000
28.36117217253262000
24.29527177884449000
23.30156834292097700
22.27305077969932000
24.82737705794290000
20.57575753710507300
21.19242578626248600
22.78339125874051000
19.52786136783391400
19.13215563644976700
24.32653758167914400
22.16607185486946500
23.34268775654736700
26.61551374372130000
27.76188573368410000
23.45707711486635500
27.10189363279225500
26.90090915192490700
23.86975655267470500
22.49770890303202000
23.95000798926874500
23.32414262405802700
24.72429667422232700
28.44477835670305400
28.17259246727768500
26.44832626880309000
26.61059465416838000
20.04356731653039200
17.08308855512487800
13.28885717149001200
14.78667960177531500
1.797533056014506400
