1.463824894548763000
17.95525610049461600
25.14812872537895700
30.05203102087978000
31.23799672697879000
32.99073110425110000
32.62035614578072000
31.35692470542624500
26.95656851093995200
22.71998993662972700
20.61560084527050700
20.33390336021804500
22.33293766767404500
23.16125636092757400
24.21867251271482500
28.74346648338296000
30.56077412193666400
30.35164270089176200
26.72458236585790000
26.28461239912416400
24.35791355799782600
25.45349849923123700
24.33843527460303000
28.06435689381050000
24.60358024261250000
27.75127266498502400
24.54423132779925300
23.93257235331059000
22.96260463830410700
23.97356338991301000
22.42082646123087000
26.57776431203387000
28.32059110217361600
28.94621315784205000
25.79329010549852400
27.60642179329170500
23.11395389142177000
18.02653112915673000
1.755426695631755200
