1.842201338334990400
19.38598762517177600
21.72872097879846700
29.16324220078272000
28.68226722519141700
29.88859311219320200
29.16339829705855000
27.10542948494474300
23.25948551856645700
23.61888061429276700
24.13634325765977800
23.69636624080126500
21.80269272026051700
22.48208715601289500
21.10757717779749500
22.39593094143524600
24.42879643777907400
24.65140578951434000
23.08381498643455400
23.35502302937040800
23.66127272592372300
24.71460884785175000
25.28410815641005600
26.21705656252379000
27.49187859610934000
25.36390611912942500
25.47988844083818800
25.75864837507661000
25.86831464031690300
30.10781808290404600
27.90568026533034600
25.36983937133876300
20.81739959540733000
20.29972084353616000
19.01582661434215000
18.42478452519401700
13.62920194362366800
9.024438678292540000
0.855309328427478300
