2.069088711119771000
22.12235435963944500
23.30260725647505600
24.31078113101776000
20.20168140201368300
21.40661687851079300
19.95696661243306400
26.90857990056945000
26.05573753877852300
25.47331480982011000
25.16535243485808000
22.64853413705820000
22.51598385365122500
25.63671444786504000
24.13009199720279000
24.60745653502898000
24.24384422651034000
27.79418889260768000
27.72338205964834400
31.91684229102231300
32.64985366752310400
28.26328779972097400
28.76166733337019000
24.88449386409154600
20.97735726166571000
24.34590738571063500
26.20154329292784500
26.55695426297617000
27.91247711941545000
30.36728164494646600
27.46374922397920700
27.71098692465388400
30.14594070545914700
32.46460698088585000
32.83253183904554400
26.07176062813305600
18.47140615165260000
13.11970658324575500
1.074146772838755500
