1.015034355832973000
11.01651830589186300
14.87932101659435700
19.77913248222167700
20.75393310804269500
22.43494828760006500
25.65402060544578700
27.27694587044448600
27.34875888047014000
30.44018808241667000
27.21512578211243700
26.43610442804091700
26.25030707627559300
25.65443698805740000
25.53604355094445000
26.27516690477536800
27.42435646063674400
28.76231271741407600
28.94092815221271300
27.68778330342022500
29.46173819209443000
28.58899475447818000
27.27946662229323500
26.53324918764184000
26.19803758662723700
26.98618030497717500
28.00176239072142000
29.05656687059821000
26.15815531233645000
23.01297708498420700
22.64545624168938800
23.08386196773345000
17.30912527769292800
19.11382263781992000
17.01224742756819000
17.99188234361388800
17.00848159980135000
17.09349022099292600
1.674393403330238300
