1.674043670402841200
17.10073597416532800
17.49249075261239400
19.78811719944891600
15.26067404802951300
19.59275219146054000
18.34094132075696500
15.53646786648013000
19.00548644909310500
19.12199445437681000
20.11530000194654400
24.51653260049441500
26.59906509219526800
24.24389063625311300
20.65008867205065000
20.16744536748875300
17.97915612082844000
19.66020934188741000
21.95795450343123500
27.11416133996161200
28.29203354253328200
27.46686988922570500
27.70630157472369000
29.06750898538439300
24.87122548400433400
24.22202103439108000
23.07733343538068400
21.03959770346748000
20.70533701224049500
24.63711398924371600
27.64807992983740000
25.82142559186404500
23.87749501953318500
22.43580581607827200
17.18954081625087200
15.58993924648496500
11.93406758598400000
13.91704874480660200
1.609954411972070100
