2.841145289449773500
16.99614639541689300
19.24889202747514400
24.32194169082407000
25.27950350240468300
27.90232997362288000
26.97836706906759000
26.60565859553387000
23.63608679114095000
26.46289285145932600
24.31357398881382000
24.94024591882011000
19.83258119719291000
23.64773679813350000
23.33169696804325400
22.74549960929167700
21.17058687055609300
21.30460807794218800
18.70172149683688200
21.84735008472306800
20.11125897699399000
21.24337187067755000
17.96145132139189500
20.31037136681070000
19.30316298735612400
19.97067142659190000
17.44163918553720200
24.49120366519232300
23.45966425468480300
25.44934726895507300
22.53801587993284000
24.57081983534488000
20.12737495550322800
20.26885729834754500
15.37123860587286800
18.04711619588742000
15.35493920735780700
16.03274975719017400
2.906563244613037000
