1.858262510483825700
19.43055081860968000
20.01210757671626800
20.82639439868369000
18.17330037368332200
19.05925604516064800
19.16076233763919500
20.20702556757261800
19.51664488199043400
21.34557130758455300
20.60250195001781000
21.31535312911224300
18.59413845555920400
19.43773281930260700
20.85536957323249000
20.73182018433304600
19.47347848579599400
20.52654820797067700
20.75360758431711600
22.29118391838710500
20.38350457450338400
19.57784055028741200
18.51422269534713000
22.26794137560822800
26.31673438794265300
30.99622434053670600
30.01194914425026300
29.45534933083108000
24.07633704977918800
23.41873373050657400
19.54191730692272700
19.91514444060486000
20.41483383562124500
20.41094028237891000
19.07740308846302600
20.91927376428214600
20.49108039015752800
20.11884799295020400
1.978406999413011000
