2.511069482465093600
19.10320380179679500
16.92160327910356400
22.65697067368763000
19.60616985689572000
21.50476313270910000
17.41256724804437000
15.36548382052283800
14.33020820439733900
18.36110065188457000
20.10217495180281200
24.83216809674137700
27.84298531917272000
27.69328276551790700
24.28309657253285500
28.60359677694293000
28.00197672079464400
28.86856479331971000
30.51797447935175400
31.93225622798868500
29.88688092947350600
29.09677175385545000
26.79324024701522700
29.04450504408484000
28.56346240318324000
26.95650294927103400
24.46841367026188500
22.18472400341189800
22.98086919425989000
28.90525156542704400
25.62523483179508300
27.55561847021706000
26.12063553978494000
25.51215251382222200
25.28324446543943800
22.10933819992874000
13.86947424292589300
13.77886270077851000
1.686651747864211800
