1.060857025929507800
13.92637977774461000
16.16789111537122600
19.98899531759092000
20.68013233541284000
23.73273369229986000
24.18239136293656300
22.99801512896668000
23.19853868685101300
23.55370121556414000
25.84408259376966000
25.96364191248806000
23.58383165456355700
23.34008103703469300
24.51936854382041000
23.18930824007864500
24.27306595979909800
21.61908212812491000
21.26839115147843600
25.56747127731829700
25.94365736797990000
24.95982900806577000
23.33677685908550400
23.22678411437157600
21.32040128844286000
21.66396610218903000
19.86224226133193600
22.06471356026804000
21.07889431736992200
21.35371385359979300
23.88543268784950000
27.28254532106301000
26.06462242088715800
27.38214285245512500
23.42892763578587500
25.55688868367424500
19.51364246169619000
17.82402374537177000
2.010903642000902000
