1.036145985110721300
10.51095848152786900
14.65545626502692400
17.73233768670462000
18.38927710184737000
21.50755804897053000
20.84091236042734000
20.76701215655953000
18.13952533785711600
17.79440012395802400
16.91034465034338300
19.96388781895490500
19.16085675151352800
17.10722884490401400
17.06424587722215000
20.68159329404526400
23.54817928789019300
25.10541150248633000
27.37331987391520400
29.05205277881800000
27.79141576035212300
28.78504282734228800
26.04668250835421000
24.54251923149700300
24.86234563413626000
23.25108503785303400
20.40195347677659400
23.25946170595546600
22.30766873250538000
24.41696659099738300
23.77820052175109200
23.97447736706281400
19.33664892963272300
20.99354277680464500
21.80456536558850000
21.82394629580285000
15.20912005010173700
9.796846949812608000
1.371211944371559100
