1.726368854852654600
16.39550500926962700
19.41145776282173700
21.16604237296344600
19.65628545477248000
22.76962245439552400
23.48229998735941000
26.32861731938095300
25.90561974132204000
28.91812986458244000
26.70852464410783300
26.66200148837730000
29.71117107141698000
28.63876921722573000
26.74042231907154500
24.59086283569531500
21.69851749925169000
22.36814369533875200
19.95204718884848000
24.44294196297182600
24.72648050428349400
25.87678086460900700
25.18560270652823300
30.93388936675343000
29.54105113738934000
22.78211142283864000
23.25495571941868500
22.47424237197156300
18.03198265686851800
19.62400703433930400
23.39839250463351000
24.39181042018848000
21.07841659581641000
23.41491551173398400
21.77261176502131000
21.98144106349051400
16.13010340723219000
11.25135919065647000
1.231126244328657200
