1.387709737760349300
15.80374439781237000
18.67104448025520000
22.25720220211517000
23.93888346566931300
25.24596988655777000
23.88460733536886000
24.58421165016092400
22.29291591960899400
21.67849959584345000
20.29319586046223400
21.71918640423942600
21.17339701521323300
22.01733490892479500
22.38877972132960000
21.58072833242114000
20.55283789858052400
25.65902142074155000
27.33899996622866600
27.96711364198891700
25.65908371824632200
26.48029943029086300
25.04350772737438300
26.21727043205624000
25.57508112607555600
29.24394188878560000
28.65935762973869000
29.98393488082433600
27.76581878639302300
25.83819250083632500
21.05883970168436000
24.59170623774335600
24.41288678007264700
28.57897262792494400
27.56453263612621000
27.65044120478921000
21.71292743301441000
17.90734906994345400
2.272646933055209500
