2.463944962570314300
13.77416042324583100
12.52504986260453000
18.48637430528904000
19.85013040296939500
26.66090407855760300
24.43774848914991400
27.41095462395010800
27.31527360744136200
28.51673654993432500
30.03210802352209000
29.78973714579245400
29.58527124575758000
26.50237322392442000
26.99568768957573000
29.45032329528220300
26.21375862719248300
29.86424206715666000
26.92473382584824300
27.91799573054121500
25.93119020115638700
32.89437752227834000
29.64853208863331000
29.08463775803909700
28.64267360679499000
29.80810584536493500
25.45794342957914200
23.66884840528530300
22.33019228610569600
24.16296440071156000
24.30429890266080000
23.15084623622289000
19.99980723919334500
22.22768600330999800
19.00141862878938000
21.04800999869882000
17.47202026565487000
15.47177684925997000
1.747606844787932500
