1.300543858769689400
14.73737416767517200
14.22959319058349200
17.55825560545064300
17.71397622250881200
21.22036509211247000
20.57681750882723300
21.68783231220100700
24.84902767011270000
25.69471999298940000
29.58693609665406000
25.35188612149528700
25.50613301205698500
24.90919022131023700
21.80312491633264600
22.69499714601779800
24.19307886958957700
24.82033834638094700
21.31007725523381400
20.74930691865844800
19.53830792843005800
20.48897612548675800
18.64343467482451200
17.85701737444227500
19.57923012475646000
17.18407017407757000
15.66510691873115300
18.98028194509264000
19.97502601202194200
22.78387418272498600
26.14854301783182700
28.57597084303155200
29.18299628202129300
22.39024366166493000
24.88649317347892500
21.02994393183863000
16.33655822005289300
16.29377218777238300
1.164021310699166000
