0.995297549005376100
16.46487724089358200
18.18693212203890400
19.71819555280148300
20.82672045033225700
19.74313207319690700
20.21653098527829700
19.69208398032455000
21.99594977244447000
25.07311523469570600
27.20405877426466000
28.25766408285141000
31.13954199534399700
28.44983980935824500
26.06709681618594500
26.38556186759319600
23.38623814989814800
20.74622634542427000
18.95008117793008000
19.26664269719982000
20.55833690901021000
22.73392653249640800
26.38500728179869000
26.29875780250819000
27.85210300252728600
26.40289718092306600
23.84918870383374700
21.24576750208984000
22.14121253552769600
21.63833589226319600
19.24903595254133000
21.52461093267012500
22.27170021566547200
23.12046926177753600
20.00774069587891000
19.91893249064083000
13.95592455230968600
16.31744722666566000
1.679484254514175500
