1.436031518495772600
14.18647740664345000
16.14657108967073000
20.15041132084927300
19.50448990542422200
18.66817055678748700
15.89011327567794400
19.98630651338230300
20.12816362722567000
28.21391313653632300
28.33918257038363000
25.40428043169982400
24.55984068400277000
23.58721901170369000
21.69447959660716700
21.74105754778452000
21.91985194463350700
23.19806779398924600
22.27290453984519300
19.67291486786960800
19.15758079240653000
19.41577487844513400
19.19809637483266600
24.32490253445628000
25.60525628790046700
28.00339210870319000
25.70212322758550600
24.84503739135452000
23.64807695772279700
24.13099613145720600
22.00365331125103600
23.15439297378921400
22.45370507896959000
22.46822069416383600
19.05894486084706300
21.80032156822197000
18.78704588693070000
17.94188085072360300
2.284988687538535700
