1.439121745148281800
14.49551799424368000
15.56781183721577800
18.50601742121194000
21.77652652379297400
26.23816954083001000
24.94879072143138000
19.37034102703762500
19.75365129708733700
20.88452482088541400
18.69842549504848300
23.35119168935158400
23.26751684139218000
23.82251835342206000
20.72380339929494400
19.32664901833679500
19.91297190208537800
25.08071137905616500
29.94206516156520000
32.71994363264588000
32.93215655039292500
29.63217895816465000
30.34219571161533000
28.99725775505231700
26.78726151742242200
29.52114460736396000
26.92317495185972000
29.71897600717785800
27.78185082883990700
26.44604059366148300
23.19810612479150000
22.20484179515591000
23.96079433153037600
27.32205445661202600
23.21222907184496600
24.36001037366662200
20.01168844956727000
18.61375288713226400
1.744972159478011000
