2.072969862268643700
16.71076029265911700
16.91805500639215000
23.24899464927118000
24.57780246872213000
30.26702968161065000
26.41813769386004700
28.34273605417809300
30.17170890398447000
30.63553871390006500
29.32078708080050700
27.81755923770047200
26.40220387371368800
28.71440619389565200
24.12785478826588600
23.84382566052720000
22.54407904795884000
20.36628222404518200
20.77822166221148000
23.32725140481028000
26.28090501007582300
29.96744841454859000
29.33779576663996400
31.66972160621837400
32.10364288157727000
29.87345677330971600
27.28621328094710600
29.91493055553452000
31.31811916635665600
32.63367198232296600
32.43182336761922400
32.78564053117168000
30.12724416052238000
26.14288728908310200
20.15772004252251300
21.64011878552740200
16.55629045903684000
16.78198002128836200
1.585506250766222500
