1.239643148269791200
12.26123459645071300
12.90244753710928200
19.31286766212434400
21.72955557976475700
27.51913799865786000
26.37242703763790500
26.42081586840575400
26.70558288334591000
27.44183900132738000
25.77791541442437400
25.69646503049583300
24.54807822717047500
21.41649852984038200
23.00869058543473000
25.32994383451179000
25.39431966837095800
25.48590838146074000
25.19520560353923000
24.00455705120798000
23.08332535080011000
22.41950126383301600
26.12377772395128000
26.12221617058641200
27.30756714703074600
28.79644134986173800
31.44623321328225000
28.37421861772334400
31.25189714282068500
32.38015080033992000
31.83929793371503800
30.81756742006376700
28.50735461956510600
28.09325164708433300
23.52867069885155600
18.99352774818463600
11.99146484758763600
9.644451963294118000
0.888658707588163600
