1.897373792601618800
15.34227884255460800
16.60900893248926700
20.36071669267312000
18.09502383023290000
19.39379178087919800
19.61992625749200400
19.01103810434088700
18.58244687227018600
24.11173884661540000
23.47404434355341600
24.54683529559478000
22.52915963979357600
21.52483526747833000
20.19166479582426600
20.94485119161999600
21.93701844184672800
25.19014601647827300
24.37083320740897800
25.51963966629535000
27.15627891570727000
27.62214656993995000
28.81085620736030300
32.58383320673239000
31.23691304583578400
30.38783044307846000
27.53267215710087600
25.02568288207477200
21.04493855317508300
24.28804791037189000
22.92710006650717200
25.39597706948928000
26.62890884448021000
25.51517406873414000
26.21078284066568600
24.77766398689255600
18.93737601697207400
12.55112170393220000
1.106301255591459000
