1.231739771474518200
15.65928680430524800
18.07176363844556700
21.95435791243345000
22.08977138716538500
22.24675609514746000
21.26391613706943700
20.89247887994710600
21.33417906725523500
23.92352979163759000
26.44090485780029800
26.23750445323576000
25.48092191262581700
29.32384642007363200
29.99035250977053500
28.52988951684609700
30.93434595745716500
31.16622470391668000
30.26910837039959300
30.70087093921724600
27.44064136539881000
25.81280870241264000
26.38843193549945000
23.51720458994240200
22.07381168825324400
23.55295984124490300
22.87061867866489700
25.20007543858249000
26.26563708112792000
26.16834233349564400
28.23579485829633700
27.02394652858027500
23.87921522486983000
26.05641792910449000
23.69342644066902200
24.13485483231051300
17.67519065228181300
12.09023190996288800
1.111292475504366300
