1.608034463371596200
12.79230162018793500
12.74527772197024900
19.23293032122005000
18.24236162949896000
20.95026225612197700
22.59570781943360600
23.90834917871540000
24.67754392100672300
27.15033606413925000
25.73284636989298200
26.99894901008644000
23.02142261942540800
21.47524241399589700
19.82731746292955300
21.03598466362463000
25.03320360431289000
27.79618324373466000
28.21787212528513700
30.95412888522132300
31.03569617502158800
32.64206134071165000
31.35884020616643400
31.80993236688488300
29.28539852546246200
29.18733431545538400
26.46108566611175000
27.95361261690756600
28.36694057798868000
30.15414733317823000
30.54119473508660200
30.44246533512548000
27.62738525199869200
26.01012576271600500
18.33399995328993300
19.35327537305925800
11.04789092944777000
15.42408937616322700
2.894156787809771000
