1.754301949270670000
9.956618026600953000
11.70710192512339600
18.40233613323398700
20.53832572863310000
22.56899214486095000
21.66051545313927000
25.90641277981895700
23.52508959658204000
24.17590991791319500
23.10309848933602300
27.84103610220781000
26.31905859029362600
29.20230866673739500
28.68203094487787300
28.47413002622170800
25.19648357931727000
28.38740504888748000
26.05092425371861300
23.24885851583403000
21.05566652674232000
22.31084118992601000
20.86332839329982400
21.88132001889338700
21.68146829803058000
27.42473046661141000
27.58225488050899400
27.35912572532250700
25.61765957992207000
24.14804650911069600
23.23280121482618600
24.24713821560772300
24.02259019082894300
23.02347485652575200
21.44857193995406000
20.21301752441115000
14.46625445328376400
14.30795015753295200
1.686014280052035000
