1.131422445166041500
15.05307360376336000
20.87299360677168000
27.34198646277599600
29.29069629812400400
31.73822281268783700
30.40218121490461200
29.98540707409031000
26.14806173467563000
24.83743363561964000
23.60049260934147600
23.10151187392690600
26.65835995041451000
25.95336538094503700
26.89699626154333600
24.03394746831572300
21.43863566707677400
24.71502930045493700
29.47904446460768000
30.94675308029284700
34.85166153126926500
32.65206451060022600
32.30080693173161400
29.57483008754342000
27.53256102407908300
28.04568373799073000
25.56594540091953000
23.53102424371992000
18.96695498720937000
20.30766735294759700
16.93255016215791000
21.59100995058068800
21.30494358789894700
23.90790472763860200
24.08738575753891800
17.44003568063851600
11.03880240136188800
11.37838509340103200
1.413875667267436900
