2.616138503284770600
18.28251433687624000
20.21170187388860000
23.93170662440205400
19.32107287206702400
26.78803762543546400
22.76761672654674000
27.97818852484990500
24.08676832332508500
23.97943853076974800
23.40920365327791700
26.75568992716952400
26.27321414818966000
24.46738528881230200
23.29249368454535200
25.91912937287738600
25.70157202696606500
26.68004260269154300
28.66065788637517300
28.89624196906687800
26.66035001535354400
23.82444882057718000
20.72525033013465000
17.99200671671900400
19.76103816717043000
18.75542432582376800
17.04143659044692400
17.79272983605919500
17.23526169405082700
23.34640814124508500
24.68097121964689600
27.90333976183138300
28.20833656451641500
25.52078379657730500
16.26589588511111400
14.16694370403867600
8.989023735144492000
12.93399439553612100
2.060036328461247700
