2.395097760963406800
20.85521277873270300
23.28306085913319400
26.49022406225904500
23.39296275999701200
24.68461355582763000
23.08933678192014000
25.68179211327364000
20.54250562438051000
24.99878763763234700
23.75717343035207600
25.45384937917379600
22.61815941906065000
20.31795393088863500
18.39607758395718300
19.69652781094057000
18.84608452098142000
22.76395591090074400
21.79272260933242200
26.70574157974409000
27.90713497892176000
31.24432309914217000
30.06363163361750400
28.35140710507498300
29.17514274692475000
28.44920611673986600
24.21355280378925600
22.52687264659175500
19.49494270703535600
21.57989027351889000
21.58485716633997000
21.66861592431896000
20.22923113976095000
24.35214644227148300
18.52152231959299000
19.39278120947932400
13.83582154733695400
16.19113664981996700
2.969627028456229400
