1.789439776798511000
10.69621537462185200
11.55799165292510000
15.86550141949874200
11.71588293258460700
14.28023303021840000
14.58635706961986900
15.10670234216059300
19.40404811990958600
23.48671074198519200
23.41390577736637400
25.90664635700769000
29.58938291684720700
30.92878709221508000
28.84035724026361800
30.54569611113076000
28.09599783665221700
28.90669325152214000
24.14125126167377600
24.93728035077968000
21.77108792289750400
20.54428952083718200
21.33277447566082000
19.45542511508182700
20.93185668557795000
21.38673777495771200
18.18775198336089700
22.21865785643405600
20.74888072605657600
23.72135205224075300
24.04864164124047200
28.52960130899400300
29.32120020141210000
30.94796073688110000
28.63397659309378400
27.78215728456012000
19.52534100797931400
15.78350571504747900
1.707407348446157800
