1.518819160795766800
17.74987723802471600
18.06467718636010700
21.33472824948375000
22.68797590585305500
26.79418507530890000
28.57287011660113000
30.20897533576558700
30.18040893075995600
30.18173166794012000
29.66564807993807700
31.56340328461752000
34.30811530695781600
34.11311865174048000
32.93422066892664000
31.17477462857388600
26.12202310806538000
26.11002384907795800
23.14284985068974600
21.23357456324007000
20.64356881248349800
23.02826453182907300
21.25873454193134600
23.55749171651502400
24.49020530978820000
26.01995064330865400
24.61995547656844300
26.60755168809310000
21.83297336605703000
20.38978214385749500
17.05135274412120700
20.33196037369662400
24.24441420520785300
27.69271990648168000
25.28667338243493400
22.43990965117173500
15.13545623831658700
16.43410387868965500
2.331986476964929400
