1.660442160227345000
13.04856441656942100
12.70702872540141800
16.55052009110591300
18.12955697974029000
22.11526615604020700
22.20340105849871000
23.10183575629123000
21.75283697847941500
24.35286349504455200
26.99959119173925600
27.23468936922573700
27.28791857632584300
28.21559381326425600
29.09575465340386000
27.57194816182524700
26.70201965021573200
26.75416317601675000
26.23914605912736000
25.65935759136558000
20.92846151679109000
20.72054940997834600
19.32769235407326000
16.74676895016811800
14.87487934762468500
16.48717733347758600
18.04107681795024000
20.46414523723778700
20.89711097573383500
25.19728403171595600
21.28377964397472000
16.77010961914348300
16.93965109962015300
19.42946273396603400
18.52007787641017700
20.09919180015208000
14.08790965073361800
12.59341219590279300
1.383055211668398000
