1.274848366729237600
11.29924397062154600
13.22655157696836200
16.97875911193241200
18.01674549648102000
19.50803600067676800
19.73048077321127300
22.88924256649028000
22.08563562625187500
23.80825893517720700
24.82468018973195400
26.07375910688905000
22.62861822090176400
20.45224798850643600
17.93833805215438200
23.09580501964090600
24.57458995478578200
24.95365100611383000
26.18021220933156800
31.78347479592828500
31.93052193457681000
29.67118762676584600
29.72544272115357000
29.56831293821185000
26.17191606552461600
28.00130021076594000
25.33577331712894700
24.56595146254492300
23.30568230259313700
24.41032952993286000
21.44073814332133000
21.34168091568170000
18.75309143317373600
18.85004700006720700
20.02475859396008000
18.59980147081737000
15.96934790322313800
14.55112878771290100
1.652436554343941200
