1.740185258281714600
17.74338395913147400
19.78188142676550500
22.70732030384783000
18.37334001263362600
20.09346151228802300
20.52171023632571300
23.28411555746508600
25.08007197751609500
25.34536423927016800
24.70250385664999000
24.18480102743438200
20.80944796110175000
20.22501755565883700
19.28703901484518000
18.94454564410835600
20.87888685603733300
19.71595926569280300
21.12066448431293300
24.31214765759078000
24.32972837711516700
26.97550625552356000
23.33882706623114700
25.84953919522915000
25.12891819840931600
24.89019963493117000
23.79189285423599000
23.41915573059649700
25.30180674888380000
25.74703095903848000
24.97158659681307600
22.61395971495739200
21.21155409511133000
22.61723305219878500
22.06616607403198000
24.24511904472916500
14.68800927461272100
9.046003310763883000
1.011644086477447900
