1.470887242834915100
14.81803454133229500
17.25285148772444500
20.92915534301525300
24.78852948682541000
29.18918609019417000
28.79757183024353400
29.83998428117163000
24.05575651794432800
25.50892973307647800
25.46684286876760000
28.05608491260128000
25.70810438332347700
27.49943214222404500
32.33485884209785000
35.77450826755385500
33.68316868719692500
29.70748678792194000
26.79586456266135000
27.41909212468848300
26.93276182291015000
25.28481199212074400
22.14781132153986000
24.33815179852107000
21.47265025680314200
23.84892827698728700
27.49987927568298600
29.47535684983634500
31.35218904429679700
31.03490233799673700
31.07923493110966000
34.83007162177625600
33.36795028516065000
32.78140584439485000
31.31986947603923000
25.72237535654183200
22.23201042666716300
22.59429187639760000
1.772361251448622000
