1.302724938573431900
14.14264831221345600
17.10740659979339000
18.88243442527774000
19.74009575140152600
23.15277221980821000
21.70730360461932700
24.16493790101436500
23.05710129631899700
21.96727715379524400
23.25390239184316200
23.09295113105074300
21.98972343044632500
21.01652954385994200
21.65596496805861200
27.39380790665216400
24.59325132021092000
26.23570227421039600
25.10252249242528700
28.46563152324100000
27.48477840805877600
30.59286748856406000
29.82416539228680500
30.19891471380405800
24.96022655551068700
24.31296335253645000
24.63330972669073300
27.20152086415009800
29.11433117291403500
31.62084071328651200
32.78970558418348000
32.89792696357135000
31.26050206941548000
30.10677705650009300
24.52560475383157600
23.17506900434956000
16.74485444469577200
16.88815810411309600
2.220339383025232500
