2.421098650042252000
19.88601018272615700
24.10271140465795000
30.56809571954519000
29.75544919621439000
31.12134261474528000
28.61954125853857500
30.87354431652503500
28.64543015350789500
31.07167519919017800
29.11085714237803400
31.67406701976776500
29.58785277761492300
29.29112878061256700
26.19055531978426600
25.11457322394189300
24.92051868474206300
23.24150893976602800
20.34624128955729500
21.72596382902717000
18.68660104359019000
24.50170641114556600
25.09352908467324000
27.51502235965170600
26.53213043935647000
27.26759139064266800
28.92628843034668000
31.21374669335376200
31.64383113518844000
31.42092916949659000
29.30984904400145700
31.09884799604629000
29.70734817087260600
30.51410901103527400
27.34243104009399500
26.22956326416129000
19.14892942738030300
13.31376216131771700
1.280736868747312400
