2.508798543059434400
13.28617156835042600
11.75914054581649300
19.41425650681318500
21.30909781850211000
26.48526733097803300
25.24537496130625400
27.65867554885353000
25.52796407978821200
29.38454059925241800
27.41019167565212000
27.77129559658351000
26.31340119442699400
29.27540312443249700
29.39705334397644000
29.09674719260387500
29.94331005014338000
29.13808530234796400
26.27207599475823600
21.83320160339841800
18.06240723185670300
17.89230155215172500
13.95433366266809300
15.80486532543285700
18.74135194034070700
19.69472151489817300
16.73824373665183500
15.32867513797087800
12.51648095436430300
17.52839561670738500
17.70915159268438200
24.57796135245232300
23.31052418812775400
23.85183401706614600
19.16705730845197700
17.44147322476820000
8.880968451543147000
14.48496578249400100
3.533881154228593500
