1.666043948831417800
19.21191057977871700
22.69159758122835000
28.50327698668737500
26.30488418614380600
24.94400231205414200
24.28298581763327500
22.58307299467903000
23.33952258340272200
27.70489337243233000
27.85079240677533000
27.93337338702764700
26.15762529861972800
24.72291964221779300
28.75948713859630000
34.51700531279172000
35.51499221902477000
33.19334219635816000
31.13239120560620800
29.55357676965303000
29.09124652836828400
29.23259751619160300
27.57236951941792000
25.14913727632757200
22.32525005925191800
23.09354488803123600
18.48149853810852500
17.46879814421407000
20.37672249419893300
22.40107994845026300
22.80835028294313800
23.60379217186811000
21.06429442846931700
20.62454812438040700
17.41780081043672000
16.45086476017444700
9.957177194347173000
7.240164074371016000
0.884762543176764000
