0.974635616127711900
9.545574814661045000
12.32455155570080200
19.24895738249645300
19.53087673797525000
18.77552369671633800
18.28583730038122000
20.12227270121218600
19.60850500947921000
22.61288965458975400
25.67454592417210000
26.38848462764378800
28.64694817928165800
30.05724214010766000
31.84910563777146600
30.61558158202761600
26.99788351053198000
24.75289889256861600
24.66482387681794800
24.06126154471564000
23.61319709548258700
22.94445188293603300
24.94475033374228800
26.82160723739327700
26.19087396665277000
25.75285092338384300
22.67563036227701000
25.01562885970025700
26.22114230299896000
28.43483083166104200
25.96831913654111200
25.45662275417809000
21.11383180249118000
22.50846711547959000
20.47701358120067300
22.13839439385296300
14.58606535884697500
14.36748166315772000
2.000324775544797300
