3.396437290475483000
21.10321920452834000
19.10498754322605600
25.49629527305449600
19.26755033630618300
23.02713466108983200
20.02266889060583600
20.30959425743263600
21.03818388885770000
21.93419429479356700
20.59287576483201200
20.74199575425083000
19.87950147341585700
22.35788641664940700
21.96246832597446600
23.61445735816584700
20.49089588298699700
19.95531478618852700
18.09106664070549200
21.49364019144142200
18.26384858286632700
21.11104887236764700
21.26414577003307000
24.63072961644431300
22.47485809292731000
22.64536996832508800
21.38046899327034500
19.84760032312555800
19.99745931146363600
22.06728771083956500
21.77709719194749000
20.23198970743168000
21.26131438649912000
21.90036770549682600
21.25360072542714000
23.62551061840388300
15.79010610639833000
16.88678685137597300
2.033026110526199300
