1.474975940366947600
16.28410652329031200
17.34708792089338000
20.11493235973841800
21.78298550292032000
22.78399718464506700
23.42245459651585000
28.22015326121069700
27.36874503308739000
25.73484439463447000
23.51118722972386600
24.66314970502472200
23.13493803990450000
21.86576141675210400
20.87042395483061300
22.52401648828449500
19.32144734683440400
21.37571667304378300
27.27643559250754000
26.65361984425572600
25.48221751858392600
30.13783677390112000
26.73096224007618500
23.60060477304256200
19.56994332199017000
20.74932041423086200
18.65413964381968600
19.98185563170447000
21.52479701699007500
22.00899775625717700
23.65100189001925000
24.91899661838084500
23.03825462816040000
24.11736119412483200
21.39373588059729400
18.98734586158744300
13.93849280326133000
14.65202500516932500
1.854903924866300200
