1.224135715605010300
37.11873823905436600
14.69246133888942700
23.14314116041930400
21.49190932390950300
25.37228491091696400
13.62766277216857700
31.11376978445640000
32.01743404865137000
11.84632772332706000
24.23736995561146000
8.064444141194041000
7.854767095690747000
14.08288539155227800
21.11431968282343000
2.239447406468895000
7.332884198185989000
38.36533941277755000
30.51278140758262000
4.818012876032665000
21.16506882730775000
29.81085149956330200
20.43134273013331300
19.31284766018148600
18.12802718163901000
25.31862611467007400
18.39437191896087000
27.86316842517412300
11.73293973061239400
11.60703316168811800
34.13878461469039000
13.62241418823885000
17.26303434107695600
27.04874829933701000
8.379810422948456000
33.85818231212477500
21.38002690994145000
37.47796605795132000
3.662881824429358000
