1.383569764613859000
36.13054273735076500
13.49432097328271500
38.59431668804480600
34.68149281018148000
34.44758427455576000
34.67564380365445000
17.45744217961066000
17.05686403632709500
21.30416241655051500
33.18966566230401000
34.31353469012149000
38.77248394213217600
19.54353284916462700
33.23291798986926400
27.01350056371306600
28.77798253802478400
26.72710519223454300
26.41196295443088400
15.60597424784964100
27.44867220787389400
21.88653699113750400
20.61492111197569700
12.26141168430098800
38.23639508592206000
37.34454875051432000
17.86915160090420300
26.62067383467722000
24.72944425260652700
21.81889317928887000
11.16963288202169800
13.14414699350116700
32.06024469048447000
32.40893852498258000
20.25766666351236700
29.18986452468436000
15.74404408381080400
34.24456257696679000
2.154848391320842700
