2.973144335873875000
36.29333855022758000
10.67241726540398300
33.15694953433989400
18.86820504417203600
34.31861737031482600
26.44066640920958400
16.34786421660939500
28.43701370084418300
19.12428418583513700
22.99341775375020000
12.13684483741189100
21.98765304315539400
13.82690241449376200
12.31554769641778800
20.17133571836999000
11.90953543101914000
9.937805112900907000
36.46852131486616600
31.45184130948361200
23.23090764210518700
29.69306993836013200
38.67299997630457400
32.16801807286957000
29.67644344990204000
13.65299573939858000
19.16641815337843000
28.68086545757113000
28.60034895693330000
19.44495374909888200
28.82922878868762000
20.28892219262708400
28.91484453467567700
36.66372237988310400
18.03994217797616000
36.91776456461024500
11.87642204848107700
38.92869816133010400
3.213986207719035000
