1.351927040515761300
29.59259424009857000
14.72737073102624400
27.97035410981820300
16.21655112933983400
28.74931369686894000
34.89374421503943000
20.81581095186387400
39.86295806959887000
33.48132138095567000
35.20979407488858000
33.87238090794361500
35.61454894791148000
15.35721594680827800
27.43738769953944300
33.04283829294094000
11.69084941698668200
32.83116506198373000
32.93638137100805000
13.61142156888780300
36.81154821714740000
18.30960876591177000
14.18984000607125400
14.84523570862702600
29.98651107561491400
16.37323354996627200
15.30255034507548300
11.73638677371897300
12.22371031757512000
20.39302355945985000
31.30582912094901700
34.24419681351440000
31.84148198820068400
28.38772628746188800
28.97145154216039000
18.75360177262322700
5.668624695298021000
26.39855634812135700
2.144006330080064000
