0.618290344435172800
21.58624101220336000
29.15132082062387300
18.97792526679657500
38.69408871581910000
26.28259106893832700
17.57706936032780500
19.62688139522805700
24.03415015693153000
27.94238707267795000
24.80746234896385300
15.32214710167198600
17.93998863829806000
25.40564724311460800
31.92269762205731400
21.01166043965735500
23.45677576634051300
30.87232703434241200
36.47494945319375000
32.92194240063961000
10.44280052342690400
13.98445899398895500
31.01035901739932000
24.39408483092121000
29.32313194834349400
30.34036027616324600
22.42176897469849800
36.88659171820619000
20.82320747416852000
23.34126455457245400
37.69794847698787000
14.28459811529579700
29.09550870510699000
21.25584376848112800
15.45879404127049400
16.12894548310474400
17.55378069267002400
34.83024648158395600
1.391852135831417300
