1.220305651244331000
26.75653686806420600
31.37590776286556000
36.63157598141443000
8.512315573550548000
20.95386014611235500
23.35052703294820400
10.73449101628952100
23.79301454284014000
14.38133101459476400
28.61611208311561700
14.40136553892940800
16.82901154623436200
20.80726803100185800
19.27787792657778400
33.48579420562485600
27.68499237854401300
12.22465072868977700
16.34448583701957200
27.55886329674559200
24.21627905494627300
27.36087387103330000
38.52731081597140400
28.16992337861603300
30.61748392716124200
18.58236546297117500
33.18593154005247000
19.22625252014073600
23.16269400702483000
35.93782983252635400
16.97332453174334400
37.87358472524549000
19.30148978797847200
29.48018883322565400
38.35505052362309000
11.47915080387206000
33.89782023931552000
32.51750953566147500
0.553765152152578800
