2.659691427063939400
39.96949524399721600
23.78126859542512000
36.23235135826225000
14.67841499731176400
27.32438082646867600
28.64982645602313500
29.99191889644299000
21.49382894582838300
32.88412665904505000
27.98730974908948700
38.70044150445511400
22.05026820914742600
10.46851183813347300
11.87832568596678400
7.760093739070140000
38.97781629504269000
23.87818274276523000
38.96441734910643000
22.97258991239134600
10.78712684373204700
20.16319663950769600
23.05643149317686000
22.05063277782346600
23.11723352329646600
34.44016360054025000
37.23883622045447000
10.39335620126403900
31.60779633886946300
25.86705597399067000
37.98521093737413000
14.23633123999773700
22.16147921899187000
22.45782336567746300
31.62157940101906600
22.62865372508372000
7.400574106770694000
38.45685679284321000
1.073492995676770300
