3.140051516160489000
37.31063164631517000
25.55580379132967600
33.86904842448554000
9.171392791598993000
31.75408568269608000
26.02675473864079000
20.67199151953708400
17.81892274984267700
35.64875482344403000
24.97744902968029700
16.56836259143313600
12.44415996032163800
17.75671467079651000
37.72870917653514000
16.92958261739546400
33.56708793982453000
9.472670610829980000
38.20928777753222500
14.86505031037442100
39.10760764251573000
28.22854838315932000
18.86261426170283000
15.69529821868398400
9.672652863820268000
18.86715460596483500
12.80666378025102900
15.47500726378623900
29.33912629339975000
27.56817035192081300
13.30716333321464400
8.893743167594100000
35.26481173175543000
28.48194610012980000
13.82514341228494800
30.87574498685842000
28.28119537165028400
32.49794973500088000
0.844032698878463000
