2.181654597294118000
30.06965853680493000
6.905359911407127000
21.16372090910578800
33.57134147586689000
29.55641924106235800
29.16778692569575800
14.88964109314121100
25.97101352528094500
31.31248109474927700
28.94744750009697000
25.89470638062980600
19.69763142384721600
15.37285681222789000
34.93266874074730000
37.11477533935537000
16.12681205534643800
14.60754291404349200
21.64625390149748800
20.11463238169114000
15.50740643652679000
8.881856062028334000
32.73089086441182000
31.36147253726805700
13.95042498733497300
27.57911992658183000
32.56613174260770000
27.54333787362889300
26.86542981763326000
16.48076727716516000
14.42189539230198700
8.397734750551042000
11.62867378520523300
30.52226788203430000
26.74020625439095000
35.39589861114240000
35.53878138046998500
36.63625658464902600
1.484050275801598300
