1.710567018792015200
31.26263298388189300
9.854977781282166000
20.57246949371991800
25.49971764916191000
36.94486914031836000
38.04232323075308400
19.63534375871498500
12.62426286425885600
38.03076799402645000
34.92797931414370500
17.29497599467874400
20.67680203788562600
10.17522900977420600
25.06543952661996500
17.07941881909064500
38.91401384105522000
15.79528111093265600
24.17082382243646800
26.62377239048881000
13.95152303277079400
36.05500849273021000
28.52991894393078800
8.264830275908338000
13.13060186181698000
25.43789907250851500
30.61659837001650800
39.20194666314095000
32.65553558331422000
27.95314634889639300
24.41211579547222500
34.06420538828420000
33.08116051730358000
14.51138896435197300
27.56310070912438000
36.65767502630076000
10.44758861820161400
38.81431928049022400
2.821609922135901400
