1.571357799744106400
18.00529367407979500
28.26800231644459000
34.32312486063424500
14.02399220697386200
27.17984464435580300
29.01441486388769800
29.93624253505568700
20.85056667204934000
37.96293872261655600
24.59338879156897700
23.25398044804608600
15.29975498044954000
22.70239479931453000
23.92429695429403600
24.27403808187192000
25.34285408749690300
24.06195296596735400
20.05777469489567700
31.85070031090065300
39.19464267106940000
5.355825370639056000
21.55860811036351500
10.70191800758873400
23.26941838478621000
18.80894407183558000
23.08406075726936300
19.31997075296561300
38.11552908108109000
37.32656235333971000
37.82406020381391400
11.26680669325349600
12.30099269672501300
39.81826256981117500
13.25986633907600900
35.05428312558718000
22.67115763859501000
38.84219508307559000
2.386173524263295300
