2.944426743415724500
35.05768912942039000
8.747480825973080000
27.68696555594016200
30.70833135717722000
28.98368452650279200
37.12316301572889000
22.09388134746036000
25.66937956442574300
38.88121203884696000
34.76914582144651000
26.83269224293484000
18.73485180861274000
26.39009466264166000
15.55934263924206100
21.62170697191454500
33.14446076205009000
38.71071741483831000
31.77953537492166800
18.49597269955678400
34.04977180468692000
26.12144762778486800
34.32541259103174000
16.94738821518340200
16.26563138889493000
12.49560004790877300
19.49564556442389000
20.80406902082287200
38.29274308029608400
15.79407571072770200
14.10320943004378700
11.78589800042350800
20.43387183219744300
30.40057800371743000
16.46208488806639600
24.74965626462255500
8.457571723147414000
39.11699516796948500
3.375312077945644700
