0.710658105679549100
37.85663445354694500
14.30304685506420100
31.97271303573705000
30.82761873733755000
18.89206441689261600
29.04395773079763600
14.15405719091662800
21.09008396173250300
13.58471007852316200
11.87782218211239600
25.32616171411286000
36.95021501691792000
9.872600467939092000
14.33300821012875000
39.35454800983196000
31.59400381510402400
14.71832717997885200
16.58429577303552000
10.89537597636178700
17.62457930832412000
23.80751500527232500
22.99169283938356400
17.20579911556408000
36.23249003194599000
21.38620212764397000
22.46756546681839200
26.89412996574571000
34.27349213956336600
14.31519377473640600
27.76477715131150000
17.20294443709291000
15.53247750133343200
14.23590737557811200
6.862715278350668000
34.93507671340647400
16.76897489197300200
30.75856865392683300
1.944335638849144000
