2.642603129126306300
27.50067381860547000
12.23791940072501600
37.40055564063534600
13.68337468512412900
12.06998630489935400
12.97955002030452200
20.04537599731789000
34.62677114131668000
31.40923974404004300
32.43874796659435000
24.66169479356642600
15.53553446888063800
6.674387830990787000
21.59877995134489500
22.96984448717370600
11.92326602280521000
19.94582979095213200
20.49437079222433800
29.11289562322332700
38.23311276086265000
7.944953939610486000
30.39854996640217500
34.94518907524412000
34.04370480775258000
27.31792053981966700
34.96913596776986000
26.87245310543239500
20.31285915943949000
29.63041220854919200
33.40840481384232400
26.30155855511044000
11.48761680219630700
15.91020298839119500
36.29426194613695000
33.89003812602627000
13.29238115962742700
35.74340920093833000
1.841413657485566600
