1.604753141106800600
30.92711807616276300
29.00458849398262400
36.21014886399776600
15.92560145799215500
13.69345110104728400
13.37312277859421900
21.10598856327602000
31.17598152485113500
25.93798738031243500
36.31785750460826000
19.06653448443850600
33.74592469437957500
14.78570461628349300
23.78752177161123000
27.57222705112965500
6.985677389836424000
39.77476909450207000
36.77381769011985000
17.66316369271683000
31.81580515934904000
28.90659541030103300
34.30195773529731400
5.678257788181056000
30.88737871348826400
21.76106906975079600
37.98811543517630400
14.17264955720676800
12.67754352508771000
33.13300401745461000
36.84711908475461000
21.30033169297976000
34.31652100750024000
38.51073282898571000
18.12984307990715700
16.62644437960292000
12.67900584839353000
37.70583812901115000
2.247084337725971000
