2.401805499219205000
31.04689834141659000
8.937244225389357000
14.27566605195658600
25.06838247872860000
23.96168789984413300
16.90357791234528400
34.26068286428287000
33.95542557228609000
16.38623954560338800
23.10423540266146600
34.86045063954084400
14.68266719010488000
16.38339696354585200
23.05177517019499300
35.75529031575534000
30.50136519526584000
37.57234545118652000
30.74835033397140200
5.921864974922992000
20.70971317257946300
22.68523685477802600
15.28604204262121200
37.65057802097345000
39.12969430492762500
39.09131860341907600
31.08296149057844000
19.36099963891298600
31.34754862310517600
14.77462514748438600
30.79966793021198000
11.85816592455454100
18.52059422154221500
27.74225972310134000
20.97220431147820000
17.99521085459993600
22.22727510185157000
32.48778773229890500
0.642864120364170500
