1.655079210278920200
37.51170307510601000
13.35198891811379000
28.85058738045874800
25.09962491618152200
26.97921990334672400
37.03981061849114000
10.52040510266399300
13.51584316959647200
20.21449885375918000
36.88637527756091600
27.96907101649829400
36.85124445003342000
22.64700911843025500
27.85220344854221300
12.56796188196508300
35.42527319963445400
30.41355533832106800
36.51481031100816000
35.05488319253977600
25.83459526731495000
26.51057035642272600
20.89293954730433000
27.01631625180422700
39.03520543777473500
37.49004298724291600
31.03682748739972700
16.92198425049311800
32.32090917589627600
10.79677245499944100
17.54780324910654700
18.97464462743915400
13.89347496873238400
21.87958174354544400
31.13718634188279600
28.43358763616044000
18.07315212364897400
36.00384646770264400
1.677627000722856600
