2.780259781965419600
35.74733703478444400
11.25092009134190700
36.28971276822294000
16.45426755833007700
16.87395528548128000
38.72574982565971000
26.87110677403360000
15.37816920316901600
27.70374081730308000
21.37352344488945400
26.54851407807633000
31.26978412392673700
9.639400956231640000
36.43889001260437000
36.08573150672436500
14.64609600607475100
7.523991446213922000
25.89936159083965700
38.25230253310974000
36.14589489020721000
13.88379914129003400
23.26556215037913000
28.40619706420569000
32.21565468255458600
29.48320374425744800
33.95034309093993000
24.18265101654972700
16.29087584598094600
33.10958398527050000
19.70626846574787500
32.63430831037598500
33.07926390210781000
27.43178956688081600
38.13737281686192000
27.42814710657698300
9.117336741487483000
39.57598836428933000
3.606670513840968300
