1.406634464486575800
32.30301238702010000
16.52767197137723400
37.11364094421314500
33.28429244620754000
18.56894590292263200
30.53099479724999200
32.51946807897457600
14.21369162967838300
25.41457325686508600
39.69866490696170000
20.63852441846055500
30.70503054981358600
36.28886075428705000
39.33529452681053000
26.90888745238341000
36.52813295840897500
37.43066014425605000
9.531742171402652000
16.33755483505608000
38.57161434310954500
29.03274880473186700
38.87482458430497400
13.07466404237281300
6.094380299054851000
18.52752359997375500
34.65807534056068000
10.60535241622308000
29.51938537163757000
15.52937237761790700
28.59747729399311200
23.23937906677570800
21.78215639477187400
34.34445243242254000
21.36693122848015000
27.66464377866834000
17.31286117888716400
25.14586622751193000
1.103702580143872700
