2.156333802023895400
27.75041510687716300
6.700830917968350000
39.16877484015451000
31.64178870064547800
27.92200715253452300
14.90411403068571900
31.39236130233124000
33.59156960540453000
21.80878714212961700
29.23595736929396000
16.19127766883590500
26.72015489019917600
8.147258128648494000
17.52111356256881000
22.30093971989785000
24.10219156359376300
19.32446095446223200
28.96698874204911400
12.02190696923763900
33.18638041509719000
23.91205782212987400
24.93891160367089000
23.19385023221521000
24.98634790783509000
27.12196102207598600
33.77241222249416000
37.33718816871220000
17.74200345283112800
22.67640802424449000
29.89547285692248500
14.42030845306913000
29.45505949150071200
21.99388607365632000
29.51924717763911600
27.67676155141425000
7.430261425139437000
34.11381124446102600
1.218499196543727500
