2.286700222789823700
36.02828218611076500
20.85684203344126000
27.90874430310923400
20.92698451524505000
31.01838315323673700
12.75399171884034600
17.22137223585827200
28.49451972264713000
16.63141987338576000
28.44410120330771700
30.23379359701804200
34.29565354856075000
20.77031024793606000
31.42950294047899700
38.29842004796718000
35.55523007273053000
32.40541812768625400
31.97485804686125000
38.40146476283319000
23.77196439479759200
17.58925512659840300
34.09604348431203400
33.33152417400563000
32.53144461815880000
35.52107143391127000
28.95270936267418800
23.00989057182913200
35.28211111417668000
31.16617672211838300
23.34919543783130200
25.17165794061002500
36.13329285483010000
27.04195874958457700
27.77114554517275400
36.10416729102174000
17.99665346439045000
35.96475495489676000
2.080732563921140700
