2.386771600745154500
29.18188202657348000
16.66083062302912000
34.55787920186160000
8.360735977348215000
15.85129007289336000
32.54635515548634600
25.22806512796365300
28.09719841940264000
14.78646929931711500
37.10196314818294600
21.09448770157482000
23.16070678599093000
28.46727090561325000
33.95822460824530000
38.75039670012978000
25.10556365932398000
34.67371712246634000
30.96425063025409200
27.20352889174869300
37.59494129932458000
30.26370288562381000
31.36007812587928400
32.06504417737911400
37.78782834557123000
18.34455242247790400
17.99993418118329200
29.98165304930170000
38.79440216823236000
34.98191616748700000
38.15408660881586000
39.08470008989518600
39.49496387789786000
33.94929281614956600
39.07408306961044000
26.51626130035520400
8.076572510283187000
32.33904590532023000
2.412726180376392000
