2.121674996136753000
39.42291804825363500
26.66242375492409000
35.70912305622971400
19.20945161851592000
35.39258683015289400
32.84011493065355000
29.43795144082947200
27.43379077046631000
21.34708464477124700
30.57957007881988400
12.81216349022657000
19.13750449273662500
13.79517861392649900
10.95776714960921400
19.48564550200970000
29.31466714702816400
28.89624688297957000
31.92596033869561700
26.67169389830935300
39.59258978485096500
11.47891110674143500
11.89445087492155300
38.63141668203899000
14.48013029873682600
26.25821961744069000
17.96416114328730000
28.63013807826724700
11.85482285938715700
9.972837211018089000
31.45338173456402600
6.639025766376476000
11.57857252380068800
11.56108569309120000
14.61731355819115000
29.07832100850294700
13.32354975633831100
38.29050759535625000
3.530471021895005300
