2.115946567286393000
37.43318899163367000
12.19135324351331200
29.15170271293700200
16.91202657664082300
16.02449333577397200
24.04922772741041000
37.28479220495162000
39.20343202749038000
16.88678307256701700
23.44909829526312700
30.27038607308085000
21.35476063020856700
25.36185069139673000
20.04515866282076800
18.76884876253621000
29.18089408305739200
12.56230766583630400
38.78127512914842600
29.00762081033240500
22.01645252905009200
32.93135178901813000
36.59036117257416000
21.70858331615839600
28.82113058034055800
21.54725345487804000
33.32663875024440600
21.88782608127517200
14.35726796317633000
22.45058347140780300
28.32078383764512700
23.01875741144366600
30.02781521765108500
21.59136618721187500
29.33979521215500300
34.43413590773571000
9.614497591026797000
35.40654726886178600
1.948013755177494000
