1.649383117208973500
34.24339316373503000
23.76799946364234000
24.71108700276030500
20.53783864344201000
23.56335267395681800
29.67195606961517700
30.92722994143128000
31.57924996578002000
29.53327618942740400
13.21514461034324100
12.54065371162298900
37.01631278326349000
25.08962696224506000
35.38543431387545000
22.79006196183233600
18.12938871216042400
11.96501582136033200
5.677107909794365500
7.643853793785800000
35.45816554782970000
31.05663572366644000
16.49322921016070000
33.80418376117014000
18.05935439515705800
10.15355495628615400
28.63369096734713500
8.322127155044651000
37.71114230045815000
25.14359914596639000
31.63218497624744400
22.04887155327263700
30.42930339578697400
20.28471319132176400
16.58859062353460000
18.72462177864685300
7.997594862588522000
31.15751839512544300
2.144639903975638000
