2.133076957250481500
39.40973378046181000
9.145980828071716000
32.43453767020894000
33.00490769828867600
29.66905404109606400
30.05303608940171000
17.54391482688970000
6.459245405999048000
10.94088017433112900
24.87142538892450000
28.26723391526270000
33.76186499048528000
26.72145123193932000
35.84798593834131000
32.45106276304911000
38.74959148697830400
26.23767429276318500
35.38708804479526000
15.68171103869722100
10.18378820775145500
10.78668162827474600
20.48898247857263400
9.421800593891806000
28.26356799748884500
22.44197955564452200
18.07407615936946000
15.68664525130312600
16.62335556953124200
13.84150093997308600
38.44725062971025400
14.30952806654593300
8.118963008302863000
24.19739133183460600
18.33098468936958000
24.55795027659576000
10.04057056699364400
29.93696312996195300
2.016102072136156700
