1.283853012382900600
32.65326671049296400
31.91015491183938000
35.16165610239756500
19.92154795097473000
32.34148992280175000
39.70166124160109000
16.75312382777814000
17.69467297007623000
26.97508894624855500
19.13282762776001200
14.12260461414169800
16.49894589084563300
24.31904732499564400
34.30325209033773600
21.61677935962009300
27.65424198028915400
29.15163751167275700
27.51425246405350600
28.40144913188589000
36.08167739221923400
33.48191269376472000
27.90190832144079300
15.59593868834961800
33.61736652347015000
33.52468947018885400
25.71996147487944700
35.50645612713883000
28.51244264036813000
23.02292344979901300
21.93372713269601300
26.74203398618231400
31.20297561691229400
22.08855369748168000
32.82758493189342600
27.23965453199027600
21.19337656244221400
38.37003160329664600
1.400299506050140000
