1.827947915814212000
37.16725017503027600
10.25713591104749200
26.54042587858646000
23.79529248319968800
12.51819078934768500
27.15721011805561200
28.59036282662147600
34.91433539035360000
27.81850354192899400
32.43119795385157000
26.65725735244326000
34.12472580357220400
20.58847074742407000
29.74433744092968000
28.23773276787009000
26.07584474528325600
34.27714290530073500
30.08923639122271000
23.88384959655760300
19.68153647709140000
20.91119400335685400
32.60605400430584000
26.21282984842403000
30.11087826964559300
30.60610104764985000
21.55811340356442700
21.09076892632448300
34.00779676506978000
24.89627116142487800
28.62856277439347300
35.17109740779786000
39.51300876913188600
37.98710812321857000
27.25621066467797000
30.44671798321448400
7.666559014148988000
37.37308658114210000
4.115953061530964000
