2.953299638705564300
36.48822177458137600
11.70233835961694200
38.85683204702713000
16.50733875790914600
27.66345342250701000
34.71762505784660000
17.47152424102410000
24.45999246741175000
11.70048132390613600
12.64658845314877000
26.49790824188066000
21.61730868005045000
23.37345128221995300
20.92453798415327500
13.08689198850361300
29.01913965859656500
27.58318709430479700
24.36601702245370400
10.78538346624693700
16.77793101036378700
10.76284127430715600
23.56503625150314500
19.42904265472306200
28.62505021119013200
33.90702894412676000
21.54055506866066600
36.38341573418295400
29.39847445340674500
15.82176029463277100
22.85836218068611500
36.77396041407056000
37.11850061062536000
28.52077705640754600
28.96976798216341500
31.17038267441300500
21.34661923597303000
36.66589996024682000
1.151086883991983000
