1.634011781026081200
30.74315401780235700
20.41870791606764000
29.56278224090105800
25.85238428548901000
34.30009969775729000
30.40651586017389400
22.89652930769843300
21.64103808036932400
27.46906888879807000
35.38003885904619500
21.87047207924248600
20.93483599292124000
27.14649589320217500
16.69677495673418000
26.13155078252191600
25.32877839378124000
15.04826559349756300
30.15959950515741000
23.64707773973263000
24.63405964312073000
17.37282727125945700
25.44200839235860200
21.96693745945191300
30.73182154080671000
37.09325967960127500
29.96303717006782500
18.23489506704841300
27.13032207579980000
26.33799056609654000
37.36212421364590600
33.78808091239703500
15.73866306352485400
15.16646724295277300
16.87771785080093000
13.38870181616966800
7.785320974857348000
38.28841680917996000
2.550338498555109000
