1.986381678371915700
30.41573583575000000
7.103541244758929000
22.72390290170466200
22.12046234460417000
38.89597415688544400
24.24150987841131000
32.74813366335173000
26.97581942365067000
25.32901541961271600
36.02574905363075000
10.39058892411132000
33.01879813424855000
7.788024584179944500
26.20851442881240000
20.97884561136767800
24.56656714813033000
30.80058903320079000
15.93949875056530300
7.919172309056424000
27.21440865620196800
28.08382017767982200
14.76418987039480500
15.75088725651442100
36.59403810874109000
39.94516749163432000
33.09573528477400000
32.84428280945188000
36.13996703263773500
20.74158588298172400
28.67930555611866300
29.37083769377523300
26.54568933352346000
36.28609915399167000
20.97907706666065800
17.80940306456330200
6.255001069208377000
39.19613264483378000
2.498835547907338700
