1.015662298220343400
26.60457429094944400
28.89631261007778600
27.92366479172486000
22.24643439549901600
33.47607370478023000
22.61100026614148500
31.22566664164554000
39.18716722709065000
18.09210584210685700
24.46015202813981300
34.55152872661530000
32.67911218600431000
28.76255964933610800
33.23727204208283600
22.91847362019414000
29.97255778387473400
29.21069133573199700
18.34973657912851000
34.44629549786769500
36.35893151881482000
12.62163227834899500
19.69763318895527000
22.04049718049570000
30.69977650689277500
29.48255765100080700
27.42703828798933300
28.91070001213966400
23.44329443406632800
20.29254468507633000
26.81889374866104700
12.85803833836066400
26.80597714161972000
24.34476870835479000
23.52981607289246200
27.87808550709772600
12.28444120336354200
28.41155091456550000
1.374482013293816300
