0.992019663643426400
20.82412637236243000
15.58676555261030200
25.76098468209334400
15.46639065673256400
11.31901779457143000
22.55972249947980800
25.95199688766632200
23.60012370158720000
15.66628905045247700
34.04266330663332000
38.41177799448707500
34.22050432160272500
21.20183065048218700
31.90110366681695000
35.44871622583280400
20.67450539855535400
14.56660061024294400
9.976808573489588000
25.69277021048179700
31.96911895747348400
24.44311681270053800
28.60053308601859400
22.94087673759570500
39.62352013474746600
35.88298262791432000
28.61701471509921000
27.07767484168817500
26.28676727326006500
20.76022236541678400
25.04587314329165800
14.01096799198829100
27.39497687796625000
38.63430172987314400
27.71113160653099800
18.62416740822262000
9.842270197052848000
32.38903169393690000
1.718547408534521000
