1.329148330139520200
21.97141429210356700
13.51559687343881000
29.76249909389451000
29.29335054443914600
29.33934993954335000
21.14655206537978700
16.35841984896986300
25.91850860900194000
21.69753064579301000
39.90796077503278000
24.10874811156896400
30.37930353751910700
38.25582164158544000
33.31051667778512000
33.11170417244761000
24.17562802923491500
22.18043331383202600
27.54933891805486500
22.65381460103961700
21.62016544977517000
29.87266673778915700
37.41016949948874500
19.75069205097746300
17.49903078869793000
39.53281498625068500
35.94344681569920400
35.31716920749039400
39.13976857061826600
18.46911083941533600
20.03827007806498000
27.16190447700625700
39.81900171071181000
20.83373611589608700
20.67117473738541000
27.21137043505518700
10.67061078999536500
39.66916834694604000
3.220020383385771000
