1.413024778550986400
24.72459117460305200
25.09532544949170000
37.36446988518116500
38.78757627361449000
25.55992228067483000
37.21526740698260000
34.26670571037037400
14.82527503260861200
38.08965761367764000
32.90249137530252000
26.00085691565556800
28.17696649020884800
23.10341324497287400
25.68714685084779000
19.68768958445386400
35.09317482352099000
29.83767392294033600
25.37325027778464200
27.49746757872919600
39.40142803183441000
33.18525758343475500
21.50857876034031700
24.09076670048204000
30.13656145014450500
37.94115979501636000
36.03629641156213400
16.20905969193008600
10.81405456061433800
22.20425714288064000
31.96610863041240000
33.40872111162796000
22.54922399016335000
17.03002606824573600
23.18050508522199500
36.56700632197734500
34.32280572541720400
27.58893215248660600
1.684544510800756200
