1.152015078299832900
39.29021668037886000
39.64307885949233400
35.36839435445540400
13.06979877003573500
17.43893863417386200
35.36150239670144000
27.87866427427126000
23.66702463346723200
27.15310536876768300
8.831564271214809000
19.52633274089395600
24.16353148611010200
36.90536015693534500
39.50650341969059600
10.52548144227563400
37.46504559664920000
14.82221916115982200
37.06233050810303000
22.85220318101153600
35.66979532552257000
20.00300844498166000
19.02576417264910000
34.92850781363651000
25.07253785183437600
38.93996388882326400
27.28930701221113000
27.75547500730690200
34.69743730500611000
9.862371339777884000
28.61520744025794700
10.45398575166357300
11.79427864720564400
39.76768103239917000
10.44113791247180000
21.01990366939912700
19.46646425846497400
28.60613468701375000
1.613553125316462600
