3.095328094131502000
39.62629069069692000
8.796422361559454000
11.10937025130109000
7.603545818631812000
23.99657481051112000
15.18988625556410800
10.43588048397855800
29.67331327383663400
14.32361792061994500
23.96704616456276700
25.81314117896697600
33.69890457642283400
38.35932529720288000
25.93487811108547000
28.54454118543775000
32.49633098810918600
28.39278881753121200
25.69760211487638600
10.49318837445977900
30.72654618724156400
34.95501885158796000
20.64239020821461000
14.38066718972102700
17.04246467669992000
21.72434546283564700
20.40065486626337700
24.31099885718592000
39.99137548651794000
25.13055466147459000
33.89347662129631500
38.24308278301429000
36.78044572770060000
24.51246520958351400
22.81827054099503400
35.28524653495000500
9.387425144288532000
39.61955726184629000
2.837123217675445700
