1.755019521771714600
30.79601378106216800
7.836183767338749000
23.92455623658645000
18.90531917360679500
24.96554778839389500
28.45907177747910300
21.93898602280363600
16.03336819987975300
20.11644853988613200
18.76036285929821000
17.03504950152098400
26.03172313738207700
26.71398487844354000
25.43114907431103000
10.63093455782748700
17.71595589391018800
34.48998159523812000
35.76580901369026600
20.89765102307260500
38.70481908952988400
20.28593435821355000
17.29471542797982800
7.554207066529694500
24.86266349592128600
11.29901965181359100
37.80254803771394000
26.83563707621040000
20.67975465060944000
27.07655627491348000
14.29990725465443900
16.85537919489021000
19.95965900272970000
28.38322511812912600
23.61588287564474700
36.31238519400695000
16.07652049602061300
37.43564979487133000
1.864986016529286400
