2.737896036111995300
34.79726890140189000
6.435704114131470000
8.193550159682626000
24.39365617108410300
31.09128123938567300
14.74598484007144000
16.49075246079023700
23.82384487570435600
34.06612274777872000
35.81107686692449500
26.40819394221720600
24.60036499554289000
27.28899067846875300
21.32885572436303000
36.53141629820857000
31.72302361805168400
17.95061626096587000
15.02916342041083200
19.27672488155328500
37.62328271052441000
37.92969767462849000
25.44735696929704000
18.64334396459010200
20.70520463268244500
19.93053564017018000
25.84759455649614400
39.46665882532355000
28.27411413514071400
14.37759767260976300
39.61438395642113600
26.49719174600179600
22.87561521059854600
9.775228919085958000
34.83214587103958600
17.40361532605943800
7.739797852352996000
32.14081224277880000
1.076175757776791600
