1.758913378414930200
35.99613741664085600
11.57028044815967300
27.57873827352159400
16.44897256350383300
19.87253454271561600
36.78884208593439000
36.76490518606751000
35.66563584317150000
20.81745147332234700
30.35337352419758000
38.15115926646602000
34.25849285651779000
22.99476089926195500
31.24824328937437600
25.23827359681088500
35.08148423653511000
30.44245099986394000
31.70337319917319000
15.06988684793172200
23.86000484526817200
28.07566506554254500
27.53418047223662800
37.64922852054767000
23.15979048098521000
16.87485046031021000
28.43587018652824000
38.68500529421484000
30.78585438963806800
15.33514244551499300
32.37944419661025000
30.56608680983945800
31.79584305348678400
25.32553890018335000
22.92152111518706500
13.11894586659896300
4.109172145790318500
37.01359645006717600
2.716346729164480500
