2.284688614370895500
39.43522933239545000
21.97114749842360000
36.79378973554303000
24.81166461463255500
39.78406499453769400
31.27229418311700000
25.26203445729352700
28.80899176435642400
15.35770653563083600
30.62122425923100600
30.12617592353697300
32.67575192028887400
19.04977833584426000
15.01143708070212700
31.51581751308534000
27.45019650323924800
16.08394585382760000
23.20510426673916000
35.69834526745058000
30.84783064609168000
26.51006736322328000
19.59648099928533000
31.87987092816973000
31.68446903103699000
15.96582962612301600
28.41165966868953000
24.99494729283254600
24.76222588845078000
15.39076259150764200
39.41181939519224000
31.95343686315464000
22.57034696938360700
39.48551245874154600
29.92324260927447500
26.59211640254776300
14.90022883469566000
38.60830945413706400
2.317025238932029000
