1.714502724484328000
30.53995360059742500
9.511243988827562000
29.24491647976482500
33.48927358485562000
33.05362119528151000
34.83613149314243000
26.59115644510546500
37.93508354233415500
31.44191576835945000
28.50855910608215600
21.52860323772979700
11.32499197461104500
10.56010031598891200
25.62293484688236600
32.16992550951194000
37.49056724554624500
35.23876630538892000
29.84271352551575500
25.90556208464622400
12.25365240670011600
2.916947436578247700
23.96175751389369400
21.80440720336980600
31.24119929543592300
32.95848900716804000
19.55700871731553000
33.75893415241826000
31.69928529571248000
17.24574025167285600
34.43063224234252000
36.91334537970574000
18.37684676594842000
28.33334646911714600
31.74507621947967500
39.97608041662894600
14.09223946361620000
23.12286850173078000
1.720288003779617500
