1.669538324683594900
29.27902267130202300
12.22725790197781100
10.97914886277327400
11.19131051714513900
26.80674316265904000
31.39285899235007400
39.96725962342106000
23.50272413237355500
19.49494612792025800
24.50002225224341500
17.11889312755987500
24.29285224401052200
23.30085215097988000
14.62851637561503200
11.77072722281053500
25.98301660162881000
28.60099184741690700
26.63478785701097700
33.43452534990450400
18.79081239934764700
20.65571448708488600
36.63889794549448000
31.96670930868893700
26.92076988194325000
13.30205246880261000
29.32995084934279700
10.14326044437599400
39.84739061274312600
34.49893550993793000
17.19186836711213200
17.15472284449832700
22.05199117137485000
39.99032376820324000
21.60247198934808000
39.30977351671642000
20.69900419919577300
39.42528501297113000
2.332341799701272000
