3.708669083853015600
36.56552169379185000
8.657577368972348000
28.84871857070876200
27.24569453941556000
31.20214032863926000
21.29274528807955000
14.87447186823335900
6.483946176691409000
14.53003809871196200
38.81814056743293400
20.61580625913176200
32.84878065265966000
14.23775979053985100
32.74649099144018000
18.43291602647177600
26.19612540940150300
37.84488179489456000
18.56914386512416500
37.85370860367419000
35.94089252463783000
20.86818519978709200
30.87362039276973700
34.34865370412522600
35.22651859245953400
14.49518903284105600
26.59225865447366400
39.84544179299264000
25.26656441313367600
15.37905520453775000
28.11030020139695300
25.56573489018948200
9.845552086424597000
35.19206122414788000
26.91044332179000500
17.50199864733213700
19.60561067416014000
34.13629529152219500
1.795275602371599900
