0.999827577358694000
27.51906645974951000
21.28910361538746400
13.02161763320707500
37.25238502816159000
26.22472525521461000
22.80855396087949000
18.44065533363217000
22.26492900243347600
13.66476815380295700
19.30219362245520000
26.56126037531038000
19.70564756706776400
17.46005074893244000
15.36275372370634000
32.96223543043228000
38.39724866704340000
38.76833379316888000
28.60365224204043600
28.58542085994245000
30.86053585593326400
13.53090487713641000
32.95315337054960000
30.39328867628376700
34.18530763803704500
38.18317094768610000
38.04008818968584000
26.35093486222907000
27.88590908122596800
31.63239077191652600
33.18606701106626000
37.99328539473728500
37.06097156918308000
27.30288193830058000
27.51723700089691000
24.48203762715877500
31.79789493166515000
39.28919487885650000
1.619239601441360100
