3.039954192725571300
34.05045170790651000
11.18221347429661200
38.40436170053573000
26.36337498382092200
33.34380409711742000
25.16295860788620300
22.71571481295085000
28.61653946876903400
33.65655921587420000
33.69962053178209000
14.02579908044219000
36.73095264693428400
35.95104790608674000
26.13012314644929300
20.61972661970234800
22.10943965692459300
18.56993903133943400
25.11159985567235600
39.99496201402990000
31.48245163863166200
17.11601973487472600
36.85186906123378000
25.33518555058476500
12.06637203856607200
14.08318048320607100
28.30240522597310700
30.82620525093001000
36.80101887706944000
30.11399968829284000
16.10844307116380000
30.13795533744203700
26.14562051267569500
14.39607464049924300
27.81410073776335400
18.73859224453169500
7.649786112667178500
37.09471766434493000
2.596464423004634000
