1.766966390746978000
39.23965462388887500
11.32900029222902200
11.38690524533463800
12.76741755107837400
39.80257985566816400
29.72286867135693000
9.805151044072801000
25.94530575514144700
18.25221802057436000
38.24913916453225000
38.70537025105573000
4.887586497780076500
37.65184176485953000
38.30385351530064000
35.94193362522604000
39.45600650237335000
25.79492843938531000
39.71732265265037000
22.05856179529679700
29.97804244885414700
11.51895739652499800
37.49089553800196500
21.17515451108010500
29.48161484500628800
9.983143057907068000
25.47179052474865600
14.28731698419306400
12.58765361348820600
38.86234173278988600
22.74047258494861300
10.96497319230668000
17.98801014356228500
36.53955561402996500
28.44143852221584400
15.50299041021118000
8.217593331061689000
31.83480584729410000
1.393538409587829000
