1.676155238854426500
32.75234157673320000
12.15272745778205600
23.33502294529101600
32.78693254580862500
39.47224537203280000
31.90836415122788000
23.67924383494839800
23.36753989564795000
14.58336455579902800
9.450557942138186000
14.84818727260023500
25.27294675474460000
21.49948893331781700
31.98524215526577300
34.91201164616203600
31.21250116083468000
27.68309360164807000
23.18890952918723000
29.95926550177398000
33.67139014088356000
19.73048798572378700
31.89884615872240000
19.49037469414723000
23.44259779194150000
18.49938548832364300
12.72008427475653000
12.68817672696404100
26.06936037667999000
38.49208868093227000
29.42031589378186000
8.074984503126004000
35.27458894316031000
37.52183524792313600
24.37430196892431800
22.53555337459342300
5.189073447804184400
24.28689062860156000
1.789862187600537200
