2.231043664252899500
36.33177821559017000
5.638295065637520000
31.94520455589845000
22.44609064306138200
32.41271091591822000
36.75155880773981000
21.55639900043281500
26.88413263252043000
12.07786836935745200
24.49045984844585000
10.71419446691608400
16.76751972941287500
23.91061752228596400
17.80993105224775500
16.12274138449209500
14.56746818708385000
13.28997996804211800
25.35766957020998000
22.38645300913091800
29.33614122364390000
20.94769357568410200
31.97511616804782600
24.25468171881908000
20.73128308625362000
25.73143054501521000
18.39047684179122300
11.88782537144419400
27.90717179795442600
12.07601889797967600
15.91051619951041500
15.89860955244485100
28.68082213665083200
21.55929934353302700
20.50695526966273300
17.90738004477246300
4.989765095035183500
35.16889648887187000
1.624135167023239600
