1.438675806441303000
27.45608996880116000
11.21928193975922000
19.81751262383404800
11.09837235770673300
28.40413730777701300
17.50143409015066700
21.08724467014549500
36.76481597491889000
22.72266381243767000
30.34275986491576300
32.98975269058606000
39.75013945139941000
26.44090761424863700
31.99686620209112000
17.56752894842025000
39.19777965412629000
12.95443088901009800
31.86380657849632000
20.50935142262248700
29.39325017182251000
21.25978772935556500
22.87033820172222700
26.74521450860890000
38.38052774278082000
17.73594138181604400
30.26828379673837700
38.73392654884294500
30.96099124060752700
33.69334856327773000
25.35298775634140600
29.54744915768422300
20.51705475723844800
23.85377704111230200
17.85108258508262600
33.00856524566776000
16.08662362945155500
26.64909095681348500
1.488988787113272300
