000 0.46725920596374687
001 0.5561686333402492
002 0.8210817841350979
003 0.8619265896415481
004 0.8619265896415481
005 0.8619265896415481
006 0.8619265896415481
007 0.8619265896415481
008 0.8990515224472407
009 0.8990515224472407
010 0.8990515224472407
011 0.9354249632843774
012 0.9566593555142893
013 0.9566593555142893
014 0.9566593555142893
015 0.9566593555142893
016 0.9566593555142893
017 0.9566593555142893
018 0.9566593555142893
019 0.9566593555142893
020 0.9566593555142893
021 0.9566593555142893
022 0.9566593555142893
023 0.9566593555142893
024 0.9566593555142893
025 0.9566593555142893
026 0.9566593555142893
027 0.9662294443662861
028 0.9662294443662861
029 0.9662294443662861
030 0.9662294443662861
031 0.9662294443662861
032 0.9662294443662861
033 0.9662294443662861
034 0.9662294443662861
035 0.9662294443662861
036 0.9664795984177836
037 0.9664795984177836
038 0.9664795984177836
039 0.9664795984177836
040 0.9664795984177836
041 0.9664795984177836
042 0.9664795984177836
043 0.9664795984177836
044 0.9743816991323526
045 0.9743816991323526
046 0.9790468921675061
047 0.9797562237094579
048 0.9797562237094579
049 0.9801215843069253
050 0.9809965014445013
051 0.9809965014445013
052 0.981263151809744
053 0.9816562783965764
054 0.9817142527012448
055 0.9818375999665528
056 0.9818866379886612
057 0.9819230079402927
058 0.9819230079402927
059 0.9819230079402927
060 0.9827662417900423
061 0.9828955403846203
062 0.9833234668223145
063 0.9833234668223145
064 0.9834699817656389
065 0.9835394023966864
066 0.9837525623744904
067 0.9840327853943278
068 0.9843769909838892
069 0.9843769909838892
070 0.9848978426019661
071 0.9848978426019661
072 0.9848978426019661
073 0.984958416797609
074 0.9850369734765322
075 0.9852899236441472
076 0.9853894645561673
077 0.9854058497295362
078 0.9858601340806448
079 0.9858601340806448
080 0.9858981330970181
081 0.9860364133492705
082 0.9862727001565993
083 0.9862727001565993
084 0.9862727001565993
085 0.9864194107867013
086 0.9864807463130033
087 0.9868226992632435
088 0.9868226992632435
089 0.9868226992632435
090 0.9869146543030684
091 0.9870630147289792
092 0.9870630147289792
093 0.9873445920211852
094 0.9873445920211852
095 0.9873730040488042
096 0.9875343481872397
097 0.9875343481872397
098 0.9875343481872397
099 0.9876977589167895
100 0.9876977589167895
101 0.9876977589167895
102 0.9878721556361458
103 0.9878721556361458
104 0.9879272580745775
105 0.9879927658981201
106 0.9880984064955257
107 0.9880984064955257
108 0.9883333289405872
109 0.9883333289405872
110 0.9883333289405872
111 0.9883506412794607
112 0.9884006784396634
113 0.9884816479330305
114 0.9885194824755548
115 0.9886224934207092
116 0.9886224934207092
117 0.988631756895733
118 0.9887568307834834
119 0.9887598462451049
120 0.989057880816555
121 0.989057880816555
122 0.989057880816555
123 0.989057880816555
124 0.989057880816555
125 0.9890619647548052
126 0.9890661329789919
127 0.9891393047531426
128 0.989201563015258
129 0.989483828927013
130 0.989483828927013
131 0.989483828927013
132 0.989483828927013
133 0.989483828927013
134 0.989483828927013
135 0.989483828927013
136 0.989483828927013
137 0.9895610067626139
138 0.9895621266155696
139 0.9896024708667582
140 0.9896875102636281
141 0.9897947199361306
142 0.9897947199361306
143 0.9897947199361306
144 0.9898654307318432
145 0.9898654307318432
146 0.9901005040283967
147 0.9901005040283967
