000 0.22941708794800184
001 0.3825781755294338
002 0.7325117941144943
003 0.7579601120831824
004 0.832064359183122
005 0.8347382654456746
006 0.8824614467472605
007 0.8824614467472605
008 0.8824614467472605
009 0.8824614467472605
010 0.9237884424728264
011 0.9451051023529699
012 0.9451051023529699
013 0.9451051023529699
014 0.9451051023529699
015 0.9451051023529699
016 0.9451051023529699
017 0.9451051023529699
018 0.9451051023529699
019 0.9451051023529699
020 0.9451051023529699
021 0.9451051023529699
022 0.9451051023529699
023 0.9451051023529699
024 0.9579733576977688
025 0.9579733576977688
026 0.9579733576977688
027 0.9579733576977688
028 0.9579733576977688
029 0.9579733576977688
030 0.9579733576977688
031 0.9579733576977688
032 0.9579733576977688
033 0.9579733576977688
034 0.9579733576977688
035 0.968935173273844
036 0.968935173273844
037 0.968935173273844
038 0.968935173273844
039 0.968935173273844
040 0.968935173273844
041 0.9720244671864819
042 0.9720244671864819
043 0.9720244671864819
044 0.9720244671864819
045 0.9720244671864819
046 0.9720244671864819
047 0.9720244671864819
048 0.9720244671864819
049 0.9720244671864819
050 0.9731117310061368
051 0.9731117310061368
052 0.9731117310061368
053 0.9731117310061368
054 0.9731117310061368
055 0.9731117310061368
056 0.9731117310061368
057 0.9731117310061368
058 0.9731117310061368
059 0.9731117310061368
060 0.9731117310061368
061 0.9733644673365915
062 0.9737535648305174
063 0.9744448193217538
064 0.9766599242261733
065 0.9766599242261733
066 0.9766599242261733
067 0.976827755407352
068 0.976827755407352
069 0.9771338555567148
070 0.9778526901372925
071 0.9783298380181272
072 0.9783298380181272
073 0.9784374218953038
074 0.9785574025905188
075 0.9786804016145284
076 0.9787343131450338
077 0.9787369552564857
078 0.9789376089415472
079 0.9791810035336063
080 0.9791810035336063
081 0.9792621681320749
082 0.9793324783830432
083 0.9793669999505568
084 0.9793782221257058
085 0.9795016283679168
086 0.9795783584072874
087 0.9795783584072874
088 0.9797232662881362
089 0.9797232662881362
090 0.9797923705607107
091 0.9797923705607107
092 0.979818690779382
093 0.979818690779382
094 0.9799199364186529
095 0.9803907125875059
096 0.9803907125875059
097 0.9803907125875059
098 0.9803907125875059
099 0.9803907125875059
100 0.9803907125875059
101 0.9803907125875059
102 0.9804331696575903
103 0.9806792811620553
104 0.9806807478616963
105 0.9806807478616963
106 0.9806807478616963
107 0.980777427522249
108 0.981056842398652
109 0.9811701333921752
110 0.9812797851704941
111 0.9812797851704941
112 0.9812797851704941
113 0.9812797851704941
114 0.9812797851704941
115 0.9812797851704941
116 0.9814944099229442
117 0.9814944099229442
118 0.9815906463529221
119 0.9815906463529221
120 0.9815906463529221
121 0.9815940905528133
122 0.9817632763404398
123 0.9817632763404398
124 0.9817964531977363
125 0.9819933008329662
126 0.9819933008329662
127 0.982081749514286
128 0.982081749514286
129 0.9821226640205399
130 0.9821226640205399
131 0.9821226640205399
132 0.9822003523394646
133 0.9822128179985862
134 0.9822128179985862
135 0.9823121282831977
136 0.9824041224719648
137 0.9824041224719648
138 0.9824871577674265
139 0.9826166033205556
140 0.9826166033205556
141 0.9826848528440215
142 0.9827884162858608
143 0.982908821712005
144 0.9830312625799889
145 0.9830312625799889
146 0.9832436302206684
147 0.9832436302206684
148 0.9832436302206684
149 0.9832436302206684
150 0.983464565846293
151 0.983464565846293
152 0.983464565846293
153 0.9838422275372705
154 0.9838422275372705
155 0.9838422275372705
156 0.9838422275372705
157 0.9838422275372705
158 0.9838422275372705
159 0.9838422275372705
160 0.9838836563993217
161 0.9838836563993217
162 0.9838836563993217
163 0.9841488586332012
164 0.9841488586332012
165 0.984158869834375
166 0.984238377031451
167 0.984238377031451
168 0.9842611971415622
169 0.9842611971415622
170 0.9842611971415622
171 0.9843265376825584
172 0.9843265376825584
173 0.9843265376825584
174 0.9844209571346055
175 0.9844209571346055
176 0.9844577639235476
177 0.9844577639235476
178 0.9844796465337501
179 0.984632530785926
180 0.9846554091120701
181 0.9847412460592382
182 0.9848180790609375
183 0.9848419797738579
184 0.9848419797738579
185 0.9848419797738579
186 0.9848419797738579
187 0.9848795841283772
188 0.9849288267782798
189 0.9849977046101236
190 0.9849977046101236
191 0.9849977046101236
192 0.9850195639908059
193 0.9850195639908059
194 0.9853221973823708
195 0.9853221973823708
196 0.9853221973823708
197 0.9853221973823708
198 0.9853221973823708
199 0.9853221973823708
200 0.9853221973823708
201 0.9853221973823708
202 0.9853221973823708
203 0.9853300622907506
204 0.9853436173654344
205 0.9855436746208903
206 0.9855436746208903
207 0.9855436746208903
208 0.9855436746208903
209 0.9857198351576716
210 0.9857198351576716
211 0.9857203792086905
212 0.9857489483659848
213 0.9858566248091291
214 0.9858566248091291
215 0.9858566248091291
216 0.9858995883668665
217 0.9860393591286497
218 0.9860699125042786
219 0.9861545466152289
220 0.9861545466152289
221 0.9861545466152289
222 0.9861545466152289
223 0.9861724687916648
224 0.9861724687916648
225 0.9862338250260096
226 0.9862338250260096
227 0.9863626282202481
228 0.9863626282202481
229 0.9863882321289715
230 0.9864182120806466
231 0.9865991960180125
232 0.9865991960180125
233 0.9865991960180125
234 0.9865991960180125
235 0.9865991960180125
236 0.9866122775345499
237 0.9866122775345499
238 0.9866122775345499
239 0.9868633271275965
240 0.9868633271275965
241 0.9868633271275965
242 0.9868633271275965
243 0.9868633271275965
244 0.986961684922611
245 0.986961684922611
246 0.986961684922611
247 0.986961684922611
248 0.9869784490621768
249 0.9869784490621768
250 0.9869784490621768
251 0.9870226398797843
252 0.9870226398797843
253 0.9870226398797843
254 0.9870226398797843
255 0.9870226398797843
256 0.9871604303287561
257 0.9871604303287561
258 0.9871739633887062
259 0.9871880735439823
260 0.9872313525616092
261 0.9872313525616092
262 0.9873454795399459
263 0.9874279282206875
264 0.9874279282206875
265 0.9875396330717848
266 0.9875396330717848
267 0.9876051698065493
268 0.9876051698065493
269 0.9876570698727085
270 0.9876570698727085
271 0.9876570698727085
272 0.9876584510508774
273 0.9876584510508774
274 0.9876910162524635
275 0.9876910162524635
276 0.9877006983071828
277 0.9877006983071828
278 0.987720681556021
279 0.9878967933027961
280 0.9878967933027961
281 0.9878967933027961
282 0.9879458407681009
283 0.9879458407681009
284 0.9879458407681009
285 0.9881408759111864
286 0.9881408759111864
287 0.9881408759111864
288 0.9881408759111864
289 0.9881408759111864
290 0.9881590493814867
291 0.9881590493814867
292 0.9881590493814867
293 0.9881590493814867
294 0.9882364593505616
295 0.9882364593505616
296 0.9883172686490242
297 0.9883172686490242
298 0.9883603007448363
299 0.9883603007448363
300 0.9883603007448363
301 0.9883603007448363
302 0.9884131287459109
303 0.9884131287459109
304 0.9884131287459109
305 0.988504568675007
306 0.988504568675007
307 0.988504568675007
308 0.988504568675007
309 0.988504568675007
310 0.9885538551041855
311 0.9885538551041855
312 0.9885538551041855
313 0.9886029560473761
314 0.9886029560473761
315 0.9886029560473761
316 0.9886029560473761
317 0.9886576969349287
318 0.9886666059859345
319 0.9887471378985871
320 0.9887471378985871
321 0.9887471378985871
322 0.9887471378985871
323 0.9888894596944069
324 0.9888894596944069
325 0.9888894596944069
326 0.9888894596944069
327 0.9888894596944069
328 0.9891024808793077
329 0.9891024808793077
330 0.9891024808793077
331 0.9891024808793077
332 0.9891024808793077
333 0.9891024808793077
334 0.9891024808793077
335 0.9891024808793077
336 0.9891024808793077
337 0.9891024808793077
338 0.989107536243011
339 0.989107536243011
340 0.989107536243011
341 0.989107536243011
342 0.9891337356282852
343 0.9891432474641011
344 0.9891432474641011
345 0.9891432474641011
346 0.9891432474641011
347 0.989178972545848
348 0.9892236485151179
349 0.9892248222102973
350 0.9892248222102973
351 0.9892380765967669
352 0.9892380765967669
353 0.9892721783088395
354 0.9893489812202042
355 0.9893489812202042
356 0.9893489812202042
357 0.9894379150627114
358 0.9894379150627114
359 0.9894379150627114
360 0.9894379150627114
361 0.9894379150627114
362 0.9894991343808585
363 0.9894991343808585
364 0.9894991343808585
365 0.9894991343808585
366 0.9894991343808585
367 0.9895559034876094
368 0.9895559034876094
369 0.9895645615385917
370 0.989573819614658
371 0.9896680690129023
372 0.9896680690129023
373 0.9896907039278782
374 0.9896907039278782
375 0.9897313194174164
376 0.9897926157687917
377 0.989810881739521
378 0.9898305610822522
379 0.9898305610822522
380 0.9899363422033101
381 0.9899363422033101
382 0.9900254161228669
383 0.9900254161228669
