1.207564007398238500
26.18588739223585500
13.08972064053911000
17.08212235575603800
14.40002701817721800
6.589869461748332000
25.94283983258215200
26.72253142492852300
12.22832586049989200
23.28117739165447400
14.87601030992021500
8.278321125511427000
21.45068101382209500
26.71024527151187700
29.08049886407800200
29.82943910474884700
18.91088638995297800
9.462294010974793000
25.51340507543286800
19.40293318071883000
20.38779443335947000
14.45198182235182700
12.94732576292750000
12.54068189527760800
20.01383082604168700
23.72213964574631000
17.34942675839944200
23.37243032661561400
0.930537717866114500
