0.822369404095119000
23.47917483066875700
13.62069281449827700
18.75685914875663200
17.92194702119164000
11.14345638851575900
27.69502100501981800
12.93813301923558000
22.25899953283531000
19.57499170089726400
8.486617294490975000
18.20426090909797000
26.33717391492110000
12.01778336063899200
21.28139123663465000
20.03140937357394700
28.56246244090274200
15.93371292525878100
14.30369107905270100
12.01821370149709100
16.06226949849690300
29.42853864929857400
19.38186045939583000
17.44734368589610800
23.71827576676490400
29.29957435939764600
20.18390924660135300
24.83342751294332000
1.387313931755578300
