2.653403743227501700
28.31628636906896200
10.04895121409344000
24.10833206998261600
7.520816229484470000
25.66518557177870700
23.18266192015391000
4.986385923318719500
14.75807780775185500
18.38107905838669000
26.14697565886275800
11.22179680659608400
12.62708251195865100
4.656389674817181000
15.98189805827143000
19.88173194207645300
27.88617040463924000
25.42385152088690000
10.48231897428974300
28.41493369898837800
25.54179095398049000
10.04652769626673600
23.38930550458441000
7.784554237513833000
8.120265790377863000
21.33775536090257700
7.324749153462794000
20.50518455202199400
1.688581413642205000
