2.679754729770191400
27.40754593344533000
8.162350950989492000
29.54789378519691200
29.11764664845390600
22.58550990933167000
19.29180245783877400
14.31486282216989500
16.67828631971792000
10.48700894547046400
26.34991844057435000
14.39064078533702500
18.96456431466498000
29.92342247762980600
26.23160507847095000
28.86032975360167500
28.88512365785070600
18.17901938728630600
12.68825993030608300
20.56514212143297000
24.58364028661139000
16.89394397788385800
14.65703371201684700
16.86684491293573600
27.30512336660030200
20.46975940560246700
18.85636746417224000
19.15435945030995800
0.913207989567221600
