3.292409537408959300
28.18342230651341000
8.907596467637589000
21.72846602450844200
6.388162965448535000
15.10113791441802900
17.41228778374157200
21.56516429005590000
29.77361542463895500
18.12549470647275000
23.62552748720115400
16.66370915256841000
20.42619962998918500
5.816786778564395000
24.14387710565782000
12.33054472392938000
18.60019432177166700
12.43337065877741700
13.69321737898138000
14.52820318376784000
18.63144968883700000
14.47179995318400900
13.26030227098057000
22.39793276710082300
23.54609684035387000
29.12622033402041700
14.13794787379641500
27.89437761779358700
1.360586893899149400
