1.529513014900019100
20.69338563096969700
11.78115445987045500
11.98646513871538300
9.606028642805684000
20.06411261613876800
27.24529516520358600
19.63777393642596000
23.27712533371479300
21.43374963560907500
23.28172854395954000
15.51501583962777900
19.58263319119039600
17.66840854600104300
18.74326437995424400
17.72727167974455400
22.50751956135164300
19.84598998489373400
11.48356428347587000
12.97782963317191100
28.05180200512708300
22.91672119851690300
29.54773012300015000
17.49151293208150000
17.45570092002659000
21.92208942688617800
11.65506236138323500
26.04938791706208800
1.757936184295861800
