1.198254127720684800
26.08147041988295800
16.63836214519887000
14.77403804926203000
12.93345718140554400
26.76005271581057300
22.16373333824942500
13.25075984175779600
20.70868770600816000
22.10120242507208000
22.05326161404668300
24.65537167152653800
26.55239959577762600
23.19997952285666200
21.93281925524444600
12.75184338515149200
23.55753782862979000
7.238924562011829000
23.18938717562061000
27.18861496562977800
22.31749978227226400
17.94866597684969000
16.17225237156654300
25.08234345133984500
10.02422129189152700
18.98357446847673600
19.53522578554446600
29.75292746851682300
2.306963569676891000
