0.989704970534776000
24.85361462675385600
10.41473851809325200
18.79347437448336300
28.72095976937063000
9.912294171007064000
27.58561447446791000
12.67630389867512000
28.70649433730458000
20.43151546993392000
6.023408892111599000
25.17495602181447400
25.54136057878330500
16.68975033161426000
13.21615577772058700
6.569015949455339500
29.15092416722594500
17.43236164171418800
13.02840653473254500
21.42835046726243300
27.11248832023892400
19.80833763503903500
10.80026896042452800
25.40009209618017000
24.71304779140624700
22.00527781558604000
24.35722503062006800
29.83656692113901700
1.610606721082673600
