1.202823647586804800
20.41222802514181800
23.98906421171882600
14.63728786192679500
20.74462531066659200
28.80948113245760000
16.74712516084007000
15.78046319834232300
25.79991825627760700
18.52327148962240200
14.66072440827849000
26.10577330953535000
27.04761336597888600
26.91901960294598700
26.82217212150922600
29.43762541273367400
28.40210589696963700
29.05721753948273200
24.47787872803978400
18.42754289019616000
19.39248866251969600
7.044964049582957000
13.34101476072665100
15.65047073475833100
18.91510371169327700
28.13998724263101000
15.33238843856757900
24.23879170516352000
1.771827008314608200
