1.207941387733510000
24.02533888896211400
13.52121133930957900
24.71737776943583000
22.86752875816874600
7.668839610851709000
15.33212061997205000
25.77624847748197000
18.80064135976878200
17.91204425649059000
23.12013639084913300
29.88700787798915200
19.35998907766400700
18.77503932318735400
27.71839530750901700
20.72003577072590700
29.00047189918330000
26.35748213514074200
24.22145331262466800
21.54003352685405700
26.76541889852745000
13.91114976887882500
20.14674475846104000
7.354236465879820000
12.96813975677198000
20.31127574158822600
7.192549693175845000
28.91919957711574400
2.124682812065255000
