1.138847207407010000
29.92004104210581000
18.23412899517746400
20.00937238649651000
19.32700683769450000
14.25985226297546000
25.69396914855888500
28.72717508183784600
23.08605991805706700
15.31948907228903200
22.90359760395522000
12.52759975490150200
17.69765969647121000
18.41250387312703000
16.25697986303481500
17.78257228503378700
29.90584740295827600
27.16521661053562300
27.89830826182816300
28.19050416867342000
20.75371960760224000
24.38803454360802000
27.80314248968232600
16.28996120823589800
16.78328754765424300
19.79306259174292700
8.185515336457424000
27.62317837506919000
3.000311254133150000
