1.928427644964680900
27.38098258024531600
3.437257879540340000
11.34289555417822900
19.08997743411689000
16.82635911977172300
20.73909467995167700
16.40844885178324000
25.80960103784169000
11.76873030432737200
12.53895047545047300
15.00689871060528400
14.89645806439193300
28.73760695371812000
27.99275485257702200
10.90075403044281900
17.16141758520676300
7.500927999950844000
18.62389959251179000
8.188519184178283000
29.42415805088015200
19.22926297108404700
6.927282333527167000
23.06239567016497000
18.96844414765477000
13.11036266572105500
8.561377485810219000
29.60875085604920000
1.895970616018366500
