0.759027570972641300
19.09483514482253600
13.19642601227796000
7.913885301126679000
10.38204613784771300
20.64796023277503400
18.84449599335076500
9.919737082262658000
14.99508497151911400
19.10981211387428000
14.62683310587871200
10.38114455802373600
16.13957036724824700
20.61626142791752500
29.39689009994172500
23.56049919759423600
22.74854141361390300
12.56118434047881400
29.20624224729838000
18.48696674707857600
13.68434654202489000
22.27378053050473000
22.73828225180261000
21.24928388037556500
23.29244106493235000
11.40629551486437500
7.873807681704540000
21.16775262825536000
1.251059595868788700
