1.774142862236042200
24.86907784504326500
14.50809367090256300
21.60791646866335500
12.19058851143662000
22.75732724764004000
19.10709529628328000
17.02766856832555600
21.84000264685636200
11.46559822668763000
24.46550337485311700
26.49695037369040700
25.71519366158425000
26.59775293015081500
18.15494666855297000
22.27555884487719200
26.92148756301102700
7.477665984434946000
21.69049148579540000
18.31447198967710600
12.90188991587097800
19.67164325465650000
17.92903247522616500
16.04342136389108500
17.66618379854083200
7.790774728584459000
10.64190919367682200
25.96666574241992400
1.092032287503883500
