2.197847473062660500
25.25365442368658400
6.071846810956760000
16.58388452832195000
20.88473827876531000
22.38381084783091500
17.41092883248055400
21.10294422589745000
22.91257514401457500
5.174811627826407000
27.89613959888613300
18.63248979300931300
16.96271201662945700
23.53616885975803000
22.44961685790415400
15.31996502961304800
8.794995230634868000
24.99908729709431700
28.61322105617887600
12.72124299955785400
25.29610564222402400
22.91650476510734400
20.92486599439949300
18.89976640761584000
26.54453607645144000
24.37111114171214500
13.22029494840907000
23.27310134159474200
1.264036817848730500
