0.917510968910345600
29.46925768797050000
19.20162153706166200
16.14385420793420800
16.36630257296863000
15.52881425657877800
16.22861132820140300
12.85397491277325000
22.61046352020164000
8.699981486484747000
24.89284660701442700
21.81404601435736000
21.42305784307100000
24.16125134259492700
22.56832189745117700
17.09193188434578300
8.174211436413190000
21.68510205579636700
29.18715425775968000
27.01728193420474600
17.96158707983263600
16.61553567832182000
20.47210704203443400
9.711181616651398000
8.814756037094520000
5.479983788336671000
21.82859689018468000
29.16141804405591400
0.651113981848511200
