2.446850715389643500
28.25647105404831200
11.88951019473136800
25.51813829789615000
17.47071635328247000
18.94536541856532400
21.21566012358012200
18.33092428235165300
21.93547922082595700
26.39207214567710000
24.55623559879887800
17.07234420964130500
20.03138614893641600
18.49284815573998000
26.87731413888086600
23.33828934215024000
29.83287028524130600
23.62667108236686500
24.40556119559214000
18.84064827257572400
28.41568715968420000
22.30376828789435700
27.39628006052156200
22.55741574735681000
18.87152936782009000
20.81267416961175300
15.24231057705653600
27.37951079695769000
1.407745195560410300
