1.587491780502124700
28.88317787430159500
24.67791368841313500
20.53532756044635500
17.63955320506637000
13.90212173551512900
12.49658439593418000
25.22648737599778800
19.96078620300089000
10.85961805544690200
18.46363597968838000
21.36059381609191700
25.24363030602873000
27.36509540435802000
24.23872698506476600
11.32338002993977900
15.43014947455020400
21.44528776222264800
20.39073742166521400
24.66759614440310600
15.36851283682988000
10.57748497511793300
27.88090919202187000
25.09813178310663000
21.17538646176916000
29.18674263895507400
16.90138203992473700
28.80598941805533300
2.170600874874444300
