1.430901695773543200
25.58762200382961500
10.13878256446347600
17.31425108586623200
29.82106891517266300
12.85409424355755800
17.30716639357147800
23.21359308145064300
24.23211633837790700
15.89745023877235600
14.82739416996797000
21.90422593354110200
11.84476345138822700
22.31118709102905500
17.51484253143669200
6.505486577486019000
20.20302268194019000
22.04548867682786200
27.98831391258090000
13.29162456656500500
27.83476581001689000
20.87886053272032400
18.89605699882526600
19.09349913522544000
13.53116260786416000
11.25882468705564700
8.989430393738210000
29.96672433036891200
1.681018720819252900
