1.540623929687675600
28.32556054455023000
7.893455606700686500
25.29021719952666000
28.77609479863820500
11.34094988417676600
26.53227936570731000
14.29419045795659000
13.13623105558396800
25.90347163367154000
27.52982380365361700
19.85831357071865000
13.76417623526557000
12.26350106855020000
28.16471978093685600
14.45052422556650000
27.56272588574695700
24.87426895005921800
24.35069004994011600
18.58973747404898800
23.69029956524414000
23.20896088417929400
23.75524560880211300
26.92570256628039600
14.46594991027955700
17.97869065653510000
25.65286160254390000
26.45297939464857600
0.949515015528326100
