1.215121699294791000
27.89074008953079400
11.72639135229174700
25.51607218842995600
19.53233227096656000
8.058952264926807000
11.94240275988748600
20.19347714874004400
12.92379461506549600
5.286150016569747500
9.456964017846085000
13.65483256826273400
18.93503421070236000
16.23136567792742500
23.05890732487321000
29.29326345063432800
15.08646144675326500
10.78814043474788400
10.94957872648445700
4.131522801289114500
16.17673719426946000
20.46509035259390000
29.11947967111084500
7.909589984785001500
27.22341897340277600
27.59867291850430200
24.84622852323643000
23.25299924592128000
0.332288744541376900
