0.821549806601649100
26.12529282131108500
16.37783646555626800
10.41024638762055500
25.05632055390686500
24.06898966931475300
18.69016934314003000
10.84096341453300600
10.74274590381127200
15.20362210946713200
23.11494303035089000
21.71318403818107600
18.50537578604340000
16.05206883822894400
25.45527401803352800
13.68914862186481700
6.068685665890456000
6.500988495252589000
14.35015674544970200
12.05039710554806700
12.10340095162117700
14.48507829936158000
12.49271319049202200
6.995713686547512500
29.05484681402075600
26.15102010513578500
6.918298769702159000
28.53297772884088700
1.907786013482684000
