1.589571064511486900
27.15146735087502000
5.348344032125398000
7.313759952046279000
18.48840450333395700
29.46554336196519600
10.57716341997461000
11.76026744375728000
26.62656443550809400
25.52993152831307500
24.65351756679765000
5.302209919085293000
28.00398445806516500
28.62016134110549700
22.17374950491583600
5.614145399422117000
18.84750053723005000
17.82599772125058700
17.70124552666514000
24.39558780572211200
14.85366817676580300
16.11181442205330700
11.30790410123412200
29.17490778574110500
25.47088825548929600
15.65256617370371300
16.53338522108843700
19.39349617510202300
0.929260609993093700
