1.016493913347446000
22.63344314252795000
11.68846607990909800
21.39510899293299000
29.91559281599664000
8.127000312928342000
14.14919507239888800
15.04198290115985200
25.49064398646450000
16.26273692754622000
19.77829890905388000
27.88466560137436200
21.33675931633471400
27.10905907221089000
8.603487062646067000
19.74792787256543700
23.34947991532486000
11.58712946912103400
20.04368863359398700
25.19903472561214400
14.56930407341835500
3.330045569322158400
23.33764549036238000
18.44026767280987800
9.488106984177195000
21.55977063446135500
18.57601836611308600
18.06856760779013300
0.933123910506662400
