2.783903934377110000
25.40224156229998000
11.02736808956626100
27.45033614251339700
15.22632787742656500
10.83235582456707000
21.36192534873588000
17.34912719619483200
20.96393186558451700
18.42407234110559200
14.03113790679385200
13.50224886958961800
12.90557083337276200
20.71638904990876000
23.44580641302359000
10.81483674773686000
13.71513617332764300
28.16709443347242500
19.24527403649752300
13.51619259178693800
17.56390488283840400
15.86493363274358000
18.38067766791638400
16.34755426399148300
17.28340337373878000
17.92913849977874500
17.11833586499420800
28.42413472038472500
1.888790330221922200
