1.075016312291359200
25.22190967570277200
19.95014516934801000
12.61498077605580000
16.97346921139669700
8.315242343435017000
27.74279133288878200
27.20141081583867800
29.09360160167874600
27.60086848254345400
17.30973732214758300
16.55246743418094000
29.52487240177070800
15.41637205188798800
16.38696192421992000
22.08390277846302400
21.66566123066208000
19.77932112299244600
26.59468972891566500
21.28595141852482400
28.08143153198079700
27.07843205778969400
23.78733339903940400
17.55792912941856800
13.18516071651224800
18.43772350893059200
19.27577778766491400
28.78207217685498000
2.375688018410145700
