1.949707815269571300
26.11251642010284600
4.592125492455152000
19.47571367677934000
17.91067055557159200
5.368555915610673000
6.784208497261085000
13.62157063837160100
12.76855650596402600
5.918403457459985000
24.18309390267487700
4.412428896091097000
15.50391691836470500
22.59097665047786000
20.33329128890595800
16.82427044216773000
6.092031383883986000
4.208129295513645000
22.63045765181733000
24.85027368802193600
9.525764315615868000
13.99890379888291400
18.57155019844064700
24.79444967945184400
27.72675528201419600
27.86874397123628800
8.374114564845513000
19.04303849786632700
1.906589374196580000
