1.589508796540640700
27.03623067649973000
5.067059907864181000
19.19434426905128000
23.95495333418225000
21.25420746087358400
21.90110295493215600
6.252235836459609000
12.23076437969719000
15.90005319055354600
18.55623609678850000
23.45858649246276800
17.60618228401753000
19.62979666581026000
29.20088519115999000
9.536307114345470000
20.12904712883396700
14.21140981030584300
25.73009242809827000
5.531538501592585000
8.596010314324138000
16.32767337665737300
11.48352040708346400
15.30607570716959000
28.75871459730343800
28.68021374863135300
7.757108338083133000
27.22797741319374500
2.109544628536104000
