2.657142909956739000
29.97188524249775000
6.271656392885341000
24.47687093612420700
15.67597722159378800
21.16272247860067800
23.15779777537499500
21.26781162437144300
19.03325555402760000
10.56279861492033800
29.07586254330037800
25.48255829141104600
16.07032410779165600
5.940195162356353000
20.12556341344403000
6.954154992805425000
13.81232002773542800
20.46610371853528700
28.92242698126830500
16.49547520538497000
29.35292229489701700
19.07067135333757000
11.71167949156440000
22.19287549942489700
29.75139459783780000
26.74174686926893700
10.89908058750079800
19.72306966530715400
0.908881459069324000
