1.833699665578605300
24.85502219388003200
15.54682012249479000
29.42738156135475300
22.13764081870123200
26.25800813521000500
16.77158924252444000
22.22717451793026600
18.93097342285886200
13.28661659097540200
24.69065451278966700
20.53643600347093200
24.11997808377280000
7.144204890419237000
12.64609371858080200
20.27288188799449000
10.78609954353856700
22.38922294106055200
15.10439867997553500
6.367512121043584000
20.64906837511539500
11.57836233169906800
21.69494930079615700
23.20272810968877000
24.52016294675427200
21.21213487760674400
21.91347764134372000
27.55602367850597600
0.765031258509283300
