1.815667711531026000
21.68026622046889800
7.466509831402476000
23.54201342578525000
21.57993719952675700
23.24466278094001000
21.05674215071128700
14.24069315480767300
28.32461010116908500
14.00377044031266400
26.86838984683241800
21.16806868221349000
29.91591951828529300
29.85609065245844500
20.25130449720930400
18.31301808768896300
29.33673267682789000
28.80081951655072000
24.99139529751000300
11.07126652229903400
14.96683078801944300
18.93864489830142300
19.88903670584144000
19.14023523162105000
28.87289585320578000
29.50047289021376400
11.62601830165938400
26.77546676641459000
1.480125868578810000
