1.658467807498835700
24.59092643838192800
28.10532295627978000
24.44485671223507600
13.10188836686620600
28.13957098583183000
29.45340891692965400
14.24188160736791900
26.52704282340675600
19.98821242992754000
26.01580092098948400
29.68557012243424000
22.60700606172620700
26.21443460238421300
24.11271652330691000
24.43936203372035700
15.37649521937867000
20.23084910795518400
28.08966678503234200
17.20899964403944000
18.87090897571793500
15.38556496758375800
17.68682807806429000
19.66843066113057000
22.43600753374112000
28.92389759269731500
20.98747365323786300
26.81048722847071300
1.778938996510131000
