1.230623176967007300
29.12696497370053800
10.76969890159749200
20.29264914191416500
28.93347565139973200
15.13038392628895000
15.57839308069530700
18.60986196453043000
26.46122732159801700
23.75247140216419300
23.45748009128753600
9.504050902698905000
14.24369230225850700
18.98648596001534000
23.02584075479212800
7.385756369818464000
13.72698996749591600
19.72230953128615000
23.14565267713316400
27.04290501236490500
26.10573917894319600
17.48912431210993000
15.74819822820785700
22.21008562527683600
20.67174097532637600
23.99276466517291300
11.58070933557617400
28.09264541018193400
2.325484466584926000
