0.775864348737931300
16.51146515252977000
9.453414405485162000
12.97118899011584100
14.75995200033039000
5.515199263662735000
22.52842048551290700
21.88707113841216400
20.19273051890863300
16.61284065630816500
15.47076954079301300
15.12149606457268900
25.10796843941221000
19.56603827065195500
13.62418562023486100
10.59068053728716000
12.28341153854572500
14.47359433103755900
18.14060375962860400
26.61302704565053300
24.21317433421418400
21.46129244248780000
24.95317915971999800
17.04002963475464200
12.41048270614491500
20.05240037184250000
17.24432246469434600
18.02863228708945400
1.121461696213164000
