1.068235593024374800
25.93544306551070700
11.58710837114985300
8.864840266323467000
29.55849178897727500
20.47284300867375000
15.48921222435008000
22.05357861761942600
28.60757494644471400
29.61285372368760000
22.26420427676696400
17.25705937434294800
29.26331454248701600
19.60233276410165000
25.52599905323589000
20.25851588755887000
9.593629009834547000
19.06130060032622400
22.14275512577924000
15.34515143022874000
25.13390833496862000
18.74242400681559700
20.82107028679152000
22.23989709418090000
26.37663902473218500
19.65380685942149700
14.93915812917530800
29.23051722455083700
1.437281507993374300
