0.928405547295037000
21.22445865827208800
12.46720783870906900
19.56887533238915500
22.41790741384146600
12.21823854587523300
21.37472823883804000
20.19885902169847000
16.33786152980192000
22.89262995305307800
24.67054974594303500
13.16503374005571200
21.24032953307188600
22.77902124988273000
21.12702269017358600
27.80117365501911000
19.09713434709464500
9.179159841868520000
27.50207581527192200
17.06668947583784400
25.83139241186292000
20.15833783562140600
18.53132729548167700
17.56217652258399700
21.79790909663303800
25.00087793181620600
9.134724897932777000
22.82609760015404300
1.487318947945917000
