2.039355573442702000
28.19328420982766000
4.371875383296099000
16.05600891223649300
27.73310807564186600
15.66545842736471500
21.42977256965716000
21.34202865879667500
11.50543510705815800
18.24936919681532600
29.72568335735652700
21.96593191378604400
14.50898904951688800
11.55034426442887400
25.95359432517811000
6.242367615159392000
23.06058110432498500
23.90042147613715800
15.39170277342497400
13.52114254461384000
26.84237541660402500
25.66397103865437400
29.01544992472932800
23.94705715904547500
27.66763107785012000
26.78010270841900500
9.324916146004774000
2.652599083117708000
0.224863917833056930
