0.333324199127227300
17.54798137993096700
22.48049501484379700
23.65075741240663400
23.97853479294097300
26.04626930835975800
23.25152118823631800
3.088418620037540800
19.65343169075858800
15.82453466320585800
16.45523583580274300
16.91115210163538800
9.083073752161534000
18.47655884633700700
22.68074566003480000
9.734775557381406000
28.27574377431944800
14.48385837242707400
4.048015228667871000
22.38335658923818300
25.44159985465977800
5.032945001222733000
19.09152640285143000
19.67081801799826000
28.14640214726917500
20.88890364762450000
29.83937812399223000
21.81812697786314800
0.311676998488971100
