0.991720590513369700
28.38898661095536000
18.56339735844254000
11.84728128601809500
17.07391533111415000
9.704405015354508000
8.623102192523467000
7.536026298635779000
17.51682315997783200
15.29688409944893500
26.37304763642728400
23.53878780468386700
16.15146568807272600
22.52188579200587000
15.80479914134282100
22.47211980373328500
16.19606119557690000
21.49309358708091400
23.73754833320242000
13.88921106281637700
20.79136643001844000
14.72153701236688600
25.79247392281833000
21.56253809909806700
7.853238105651217000
19.41275454982597300
24.83053429025456500
15.82363244455826400
1.145315842100873600
