0.838365671792509000
29.91660909238134300
16.78838553142249000
9.073107037020250000
23.47389225845846000
24.39446196505060300
23.44552417791051400
19.27748470662669000
12.14437260520147700
13.16189962135177500
22.48597515785910500
28.74787983801409300
24.12540244922960000
20.93226474084809800
19.88643732983678000
12.86982334729922000
18.19851424978534400
16.78553918898275000
17.22503072427088400
19.22429633474646000
29.98502507769915000
13.68165563953761700
19.35847258312635700
12.40514499069711700
21.82799090719514000
21.61152941686110000
13.47303577868762800
26.50678858486969600
0.930637205790623100
