1.133279628043928300
19.76984498965307700
16.56518519091369500
13.27146199023036600
11.58908905662666900
21.48918601430816700
21.81940083448509000
28.05586853285286000
19.37768591436907800
23.08237238994583000
18.69833405214896000
11.95073573344722500
20.50574538338035400
8.679405046229228000
23.42532450908825600
17.51277921399536000
29.83731834430860300
22.61296275058407000
23.67685139359969800
19.21052197937820300
17.42333327201312400
29.14973658456555600
20.17248209214433500
14.15092271078138500
29.45473423782579300
26.67085130786176000
6.969196841618670000
18.10503814544533000
1.609959348557663500
