1.710270592599209000
27.65973962768921300
11.95619916626107200
26.44585671521392500
21.17195989137193400
18.73373438681517600
12.89861897079924800
5.614497372689532000
16.01107905609207200
12.34579972799929800
12.90545631787108300
10.20660528275742400
14.17283357955707100
19.94102190159497600
13.90959380998309300
14.41428964735395500
27.69403610225638700
19.98288691667482000
24.23541170905230800
19.07090628927892300
28.09103011631363600
19.43590888575918000
12.80237315797114800
12.51890129949390500
18.37014233451293800
24.57079033474890700
8.992391312058786000
26.63406388664983700
2.384902138395590400
