1.828740056929223400
28.31210917103225800
16.50044716609101800
21.93915724671268000
13.93608577098806000
15.42129613875794900
17.15233193013587600
10.48616296210073000
14.19144705156502300
14.85788732045429200
19.86753444842016200
28.47614302965107300
24.09714285699313400
17.72454140372671000
18.00929661979151300
11.68859029216047700
12.07603970652857800
24.42660447307912400
25.07693511562516500
9.216403931308841000
19.59913474451975200
18.46577034321448700
19.10793914837552000
18.15957212222014400
16.65578631106186000
18.56379039537819000
8.574756328777118000
27.78432377641427600
2.810621576493083000
