1.570171705462072300
27.23846024178431000
22.48720402327747400
26.54473946708032600
10.42960002452020700
29.11376978199284300
29.21992635991677600
19.11281352496566300
29.21944051975814800
23.45361849636472600
21.43163434228953000
10.88436384253158100
12.71508152494150300
9.267279354342463000
20.36481942549912000
26.19914820289915300
22.11488563484228800
9.102804608396832000
21.91846975831236000
26.81572138587566600
21.61403287893515600
14.09343354587464800
22.10321890001713300
28.85342454395998500
18.41414967930287700
18.61666519605434000
15.39440221124254500
25.41523294343499700
1.236387852722189400
