1.186312761795491600
29.65422561800748400
7.250450554750833000
16.64504494060192000
28.80659624097153300
8.656044482796622000
18.60466999441619000
9.998729736627347000
14.37057641325087300
28.35199364343738500
13.43151251572252400
12.41139718865159700
27.36866784191600000
24.10044610994501500
10.15342084839698900
25.33528175517836800
28.06155987220508000
21.09952662328186800
25.85338848464595400
26.24868946616625500
10.68756178330043100
2.694135879474818500
27.33301750270318000
4.947534750510610000
7.407195520784953000
12.28544900005651500
8.804107458634347000
19.25905397922944600
0.795024091508027600
