1.717813320194769800
29.22359823407706300
9.352938899910152000
12.24754360721203700
9.810665059983899000
10.81388075180154300
27.54427145144254000
12.78922019339937500
18.44146715148577000
16.47744438765756700
15.65098266521002500
21.04839118723741000
7.790010544008691000
6.248556977212499000
20.56523485145534700
22.48831289723094000
16.17271678895434300
18.19575674860909000
15.74147257632021800
14.17138545422715100
29.27692157106597300
18.68139235497914000
23.13098127992866200
15.18100341420653000
25.12591617051409000
18.42920377284744000
8.893942452022209000
22.12093012733317500
1.147495462204514100
