0.989385267038759300
27.60472113316012300
9.330041689230079000
29.68115766772358600
21.88750410792184000
8.092964708665743000
26.25139529363313800
15.03321894273192800
12.56756002480274300
8.367938738135233000
17.98757099081983700
26.66569846141863000
16.05984618504258000
15.46421426308579000
24.31976792722312000
4.837376406837892000
12.55118479290455200
17.24975911203734600
24.58695733547302400
12.84737246916973000
12.95542696203194100
15.53558713554079000
15.12285006223416600
20.27356845211534500
17.32322566409429500
8.344971354485176000
6.302057509414409000
22.30305810485916000
1.109390505038706500
