1.496067466521331400
29.26606193813651000
9.962919991171146000
12.27005684519025200
12.23397406199515700
19.98614380430529300
27.15511230856317600
12.51888014617451500
18.28481327613303300
7.266919393756006000
13.74693716342514100
18.24444447544169000
8.975418996860862000
18.61643075260036500
27.80434629843866000
22.60691484061108600
29.55795318680252500
16.07143702422788300
16.82692566565355800
15.46267028060891500
10.97563618793733800
5.917808009125163000
13.45810965441868800
14.27544291731572400
21.88233357671429000
29.00023956387425300
10.50913767769981500
17.15180924072244000
1.294708062307886600
