1.522459358113379400
25.78721703222111000
5.361551768890827000
8.884867130301204000
25.05030054104285500
10.93481452018683300
17.67814927683149000
20.72520628592656800
20.11958274530076500
14.81621200082733300
22.83449247460027500
28.18956471966280500
27.85591456284706500
22.27746484593196600
25.90891918788186700
16.04296736849196000
16.85618045192941000
14.86304411273865000
26.00091849051300500
25.21507376698018600
12.54636663427821500
26.07435126012585000
27.71700399194829600
12.83427777742724600
20.02235973494992000
25.61523634786905400
13.88921910171011500
29.01763179507636200
1.744626596633760400
