1.407951489573569000
24.78116550144858400
10.97710933811254800
13.79838401398669100
8.625038786151390000
10.12249558458087200
15.19403997821204000
27.48377871221649500
15.23442010940744000
22.37871020513775000
21.82139819530881300
6.289809366989819000
16.57837253664574800
14.19695102646489500
28.82844219802103300
7.127785130225917000
18.53824474765291000
26.45073360680316200
21.80724054541086000
9.808035877205532000
25.72517145728669000
21.93866707203524800
16.67044824254378500
20.45457073802729700
12.59557526477239600
12.55963408448496400
10.03024170095763000
27.67084726767263000
1.198786590511343700
